2092 514 312 136
2091 515 307 134
2094 516 300 131
2094 515 297 130
2097 516 290 127
2099 516 290 127
2095 515 291 127
2097 517 285 124
2097 518 281 122
2098 520 276 120
2098 521 269 117
2097 523 267 116
2095 524 265 115
2096 524 265 115
2096 524 263 114
2095 525 258 112
2096 526 252 109
2101 525 245 106
2102 529 240 104
2101 529 236 102
2103 527 233 101
2109 531 234 101
2124 530 231 100
2119 529 229 99
2126 528 229 99
2127 528 228 99
2088 527 230 99
2104 530 230 100
2088 535 229 99
2083 556 226 98
2083 556 226 98
1986 552 225 98
1959 541 226 98
1943 545 228 98
1941 547 229 99
1928 551 231 100
1929 543 231 100
1945 536 235 101
1952 544 232 100
1943 553 230 99
1930 545 231 100
1917 534 237 103
1924 544 241 104
1907 538 241 105
1901 530 251 110
1888 522 261 114
1876 517 270 118
1864 513 280 122
1855 507 292 127
1846 541 292 127
1843 534 292 127
1842 534 292 127
1832 531 306 133
1817 525 320 139
1803 525 334 145
1787 523 349 152
1775 523 365 159
1759 519 377 164
1744 514 395 172
1734 508 403 175
1724 508 415 180
1713 506 428 186
1706 503 438 190
1696 501 449 195
1689 499 459 199
1685 496 468 203
1676 492 475 206
1660 487 480 208
1660 492 479 207
1658 490 479 208
1646 482 493 214
1643 469 504 219
1637 453 511 222
1613 445 519 225
1620 487 505 219
1625 478 506 219
1624 469 523 226
1610 455 541 234
1594 439 560 242
1558 480 562 242
1571 465 562 243
1569 443 587 254
1544 477 581 251
1561 459 582 252
1546 438 607 263
1554 476 590 255
1549 459 590 256
1544 447 590 256
1523 453 594 258
1521 445 595 258
1517 442 622 270
1522 438 622 270
1508 428 651 283
1493 420 679 295
1473 414 707 307
1449 420 728 316
1440 407 742 322
1428 416 752 326
1425 410 756 328
1403 408 769 334
1394 406 772 335
1372 396 779 338
1355 400 783 340
1324 388 795 345
1275 396 813 353
1263 400 802 348
1276 411 790 343
1282 416 795 345
1281 415 798 346
1266 413 809 351
1257 408 819 355
1240 403 833 361
1222 398 849 368
1204 403 864 374
1172 400 879 381
1147 399 887 384
1116 395 898 389
1081 385 904 392
1098 372 906 393
1076 379 924 401
1063 361 943 409
1055 352 959 416
1055 352 973 422
1037 343 993 431
1012 352 998 433
1014 333 1012 439
1017 357 1007 437
980 338 1036 450
991 339 1051 456
982 329 1073 466
966 341 1079 469
948 324 1115 485
981 324 1130 492
902 307 1159 505
927 322 1180 514
923 299 1198 522
896 322 1193 520
903 301 1200 523
878 312 1201 523
900 295 1202 523
843 315 1227 534
802 291 1237 538
773 305 1261 549
872 307 1271 553
788 289 1271 553
777 299 1270 553
731 288 1272 554
693 285 1269 553
900 289 1284 559
836 305 1285 560
797 290 1284 560
804 295 1276 557
768 278 1266 553
1014 288 1259 550
1106 316 1260 550
1233 326 1260 550
1339 327 1260 550
1326 350 1260 550
1335 365 1260 550
1354 373 1260 550
1357 364 1260 550
1375 369 1260 550
1389 376 1260 550
1386 371 1260 550
1391 367 1260 550
1392 363 1260 550
1397 356 1260 550
1398 341 1260 550
1409 334 1260 550
1414 340 1260 550
1416 345 1260 550
1420 347 1260 550
1424 344 1260 550
1420 334 1260 550
1441 342 1260 550
1429 334 1260 550
1467 343 1260 550
1429 332 1260 550
1486 346 1260 550
1425 336 1260 550
1503 350 1260 550
1425 338 1260 550
1494 348 1260 550
1449 335 1260 550
1470 338 1260 550
1467 333 1260 550
1442 331 1260 550
1480 345 1260 550
1452 327 1260 550
1462 333 1260 550
1441 333 1260 550
1458 339 1260 550
1434 339 1260 550
1467 336 1260 550
1435 333 1260 550
1462 326 1260 550
1698 347 1258 549
1460 343 1258 549
1456 318 1258 549
1728 321 1244 542
1711 297 1260 550
1703 306 1263 551
1693 284 1276 557
1746 321 1245 543
1733 293 1272 555
1735 310 1271 554
1725 288 1285 560
1775 297 1272 555
1497 322 1272 555
1785 309 1263 551
1518 331 1263 551
1804 318 1254 547
1549 333 1254 547
1774 307 1254 547
1789 300 1259 549
1515 325 1259 549
1742 314 1268 553
1757 308 1273 555
1749 297 1288 561
1738 292 1292 563
1735 307 1291 563
1750 300 1296 565
1740 294 1300 567
1729 289 1304 568
1718 283 1308 570
1720 260 1313 572
1696 281 1319 575
1761 265 1320 575
1838 324 1129 492
1843 285 1128 492
1810 284 1136 495
1838 298 1137 496
1579 325 1137 496
1853 283 1145 499
1592 316 1146 500
1805 278 1154 503
1569 315 1154 504
1847 272 1162 507
1603 308 1163 508
1820 270 1171 511
1850 253 1179 515
1569 308 1179 515
1823 267 1182 516
1859 247 1177 514
1586 298 1178 514
1841 258 1181 515
1841 263 1188 518
1829 253 1195 521
1817 243 1202 524
1965 296 1020 445
2039 334 881 384
2094 318 876 382
1869 346 876 382
2032 317 882 384
2133 334 777 339
1966 356 778 339
2111 330 783 341
2172 336 690 300
2029 358 691 301
2157 335 695 303
2018 355 696 303
2155 327 707 308
2017 348 708 308
2149 325 712 310
2171 325 714 311
2159 319 715 311
2155 322 716 311
2326 355 476 207
2218 371 477 208
2203 385 477 208
2232 399 477 208
2360 374 443 193
2255 391 443 193
2362 374 446 194
2261 391 446 194
2355 367 444 193
2275 382 445 193
2408 379 389 169
2330 390 390 169
2409 379 377 163
2334 388 377 164
2422 379 365 159
2446 388 330 143
2449 388 323 141
2449 382 323 141
2454 381 320 139
2457 376 315 137
2463 382 312 136
2469 377 313 137
2469 377 313 137
2469 377 313 137
2469 377 313 137
2469 377 313 137
2469 377 313 137
2469 377 313 137
2469 377 313 137
2469 377 313 137
2469 377 313 137
2469 377 313 137
2469 377 313 137
2469 377 313 137
2469 377 313 137
2469 377 313 137
2469 377 313 137
2469 377 313 137
2469 377 313 137
2469 377 313 137
2469 377 313 137
2469 377 313 137
2469 377 313 137
2469 377 313 137
2469 377 313 137
2469 377 313 137
2469 377 313 137
2469 377 313 137
2469 377 313 137
2469 377 313 137
2469 377 313 137
2469 377 313 137
2469 377 313 137
2469 377 313 137
2469 377 313 137
2469 377 313 137
2469 377 313 137
2469 377 313 137
2469 377 313 137
2469 377 313 137
2469 377 313 137
2469 377 313 137
2469 377 313 137
2469 377 313 137
2469 377 313 137
2469 377 313 137
2469 377 313 137
2469 377 313 137
2469 377 313 137
2469 377 313 137
2469 377 313 137
2469 377 313 137
2469 377 313 137
2469 377 313 137
2469 377 313 137
2469 377 313 137
2469 377 313 137
2469 377 313 137
2469 377 313 137
2400 377 311 136
2372 372 310 135
2339 372 307 133
2278 373 307 133
2294 399 307 134
2318 375 310 135
2339 401 310 135
2359 377 309 135
2371 402 310 135
2378 415 310 135
2411 376 314 136
2377 405 314 137
2454 384 310 135
2411 405 310 135
2476 388 309 134
2470 377 310 135
2453 382 312 136
2466 376 309 135
2461 381 311 135
2466 376 313 136
2466 376 313 136
2466 376 313 136
2466 376 313 136
2466 376 313 136
2466 376 313 136
2466 376 313 136
2466 376 313 136
2466 376 313 136
2466 376 313 136
2466 376 313 136
2466 376 313 136
2466 376 313 136
2466 376 313 136
2466 376 313 136
2466 376 313 136
2466 376 313 136
2466 376 313 136
2466 376 313 136
2466 376 313 136
2466 376 313 136
2466 376 313 136
2466 376 313 136
2466 376 313 136
2466 376 313 136
2466 376 313 136
2466 376 313 136
2466 376 313 136
2466 376 313 136
2466 376 313 136
2466 376 313 136
2466 376 313 136
2466 376 313 136
2466 376 313 136
2466 376 313 136
2466 376 313 136
2466 376 313 136
2466 376 313 136
2466 376 313 136
2466 376 313 136
2466 376 313 136
2466 376 313 136
2466 376 313 136
2466 376 313 136
2466 376 313 136
2466 376 313 136
2466 376 313 136
2466 376 313 136
2466 376 313 136
2466 376 313 136
2466 376 313 136
2466 376 313 136
2466 376 313 136
2466 376 313 136
2466 376 313 136
2466 376 313 136
2466 376 313 136
2466 376 313 136
2466 376 313 136
2466 376 313 136
2466 376 313 136
2466 376 313 136
2466 376 313 136
2466 376 313 136
2466 376 313 136
2466 376 313 136
2466 376 313 136
2466 376 313 136
2466 376 313 136
2466 376 313 136
2466 376 313 136
2466 376 313 136
2466 376 313 136
2466 376 313 136
2466 376 313 136
2466 376 313 136
2466 376 313 136
2466 376 313 136
2466 376 313 136
2466 376 313 136
2466 376 313 136
2466 376 313 136
2466 376 313 136
2463 348 317 138
2461 344 315 137
2416 367 316 138
