721 808 131 98
715 808 134 100
707 809 135 100
700 809 136 101
696 810 136 101
689 811 135 101
683 812 135 101
677 813 137 102
671 816 137 102
664 817 137 102
658 818 137 102
651 821 136 101
647 821 136 101
640 823 136 101
632 824 136 101
624 827 138 102
614 826 140 103
607 826 142 104
598 830 143 105
588 828 145 107
578 832 145 107
572 830 147 109
560 831 146 109
558 837 145 109
550 833 144 109
543 839 145 110
536 834 146 110
532 838 145 109
527 836 146 110
526 842 145 109
520 843 147 110
514 844 148 111
510 841 148 111
506 839 151 113
503 838 154 115
502 841 154 115
499 844 153 114
493 844 153 114
487 849 153 114
480 854 152 113
476 853 153 114
474 857 152 113
472 860 150 112
468 864 148 111
463 864 149 112
451 865 152 114
442 871 154 115
431 869 160 119
425 876 162 121
417 884 166 124
416 894 169 126
416 873 167 125
413 877 168 125
413 875 167 125
411 876 166 124
416 875 164 123
423 871 162 122
431 866 162 122
443 862 164 123
480 878 165 124
489 873 165 124
508 865 169 127
533 858 173 130
559 849 179 135
599 866 180 136
617 858 181 136
645 853 186 140
672 852 190 143
712 866 189 142
718 866 189 143
767 866 186 141
758 875 187 141
757 892 193 145
792 896 194 146
826 901 196 147
860 905 198 148
890 905 200 149
904 904 203 151
920 903 208 155
956 885 146 109
934 889 146 110
921 888 152 115
909 887 158 120
893 885 165 125
877 883 170 129
862 876 176 134
848 876 177 135
834 877 177 135
819 875 178 136
800 864 183 140
794 884 181 138
777 871 181 139
769 888 178 136
747 873 178 137
742 892 176 136
717 878 177 136
704 883 180 139
695 883 179 138
686 891 178 137
679 897 176 135
673 901 175 134
666 905 179 137
655 913 182 139
659 915 183 140
658 915 188 144
663 915 195 149
669 916 203 155
683 906 210 161
698 901 215 165
715 891 221 169
726 885 222 170
728 872 220 169
723 860 219 168
797 903 167 126
796 896 168 127
811 891 173 131
827 892 177 134
843 894 178 135
866 894 180 137
887 896 180 137
906 894 180 137
925 898 181 138
946 900 181 138
965 898 181 138
982 900 180 137
999 902 180 137
1024 904 180 137
1040 905 179 136
1062 902 177 135
1080 891 170 130
1093 887 163 125
1105 884 161 123
1118 888 161 123
1135 884 160 122
1146 888 159 121
1158 885 158 120
1169 889 158 120
1178 886 157 120
1187 889 157 120
1194 888 155 119
1200 887 153 117
1204 891 151 116
1205 891 149 114
1204 890 147 112
1202 890 147 112
1200 890 146 111
1196 890 146 111
1193 889 145 110
1190 890 143 109
1189 887 143 109
1184 888 141 108
1182 887 141 108
1179 885 143 109
1176 884 143 109
1175 883 143 109
1180 880 142 108
1185 881 141 107
1195 877 141 107
1206 878 140 106
1222 875 142 107
1239 874 142 107
1259 873 143 108
1280 873 144 109
1299 871 145 110
1320 870 147 111
1343 867 149 112
1366 867 151 114
1391 867 153 115
1418 868 154 116
1443 869 153 115
1466 870 151 114
1486 871 150 113
1508 873 150 113
1524 875 148 112
1539 875 148 112
1553 876 147 111
1564 877 145 110
1573 876 143 109
1579 875 141 108
1580 876 138 106
1582 877 135 104
1582 877 134 103
1580 876 133 102
1570 871 137 105
1566 866 140 107
1557 860 144 110
1548 855 149 113
1541 849 153 116
1531 842 158 120
1526 838 160 122
1517 837 162 124
1512 832 164 125
1503 832 165 126
1481 834 167 127
1490 822 167 128
1488 827 167 128
1476 821 171 131
1473 821 171 131
1467 823 172 132
1437 817 173 133
1448 815 173 133
1452 820 171 131
1441 820 174 133
1418 808 175 134
1427 811 176 134
1405 804 178 135
1389 807 177 135
1389 801 177 135
1378 799 176 134
1373 800 177 135
1373 800 177 135
1373 800 177 135
1373 800 177 135
1373 800 177 135
1373 800 177 135
1373 800 177 135
1373 800 177 135
1373 800 177 135
1373 800 177 135
1373 800 177 135
1373 800 177 135
1373 800 177 135
1373 800 177 135
1373 800 177 135
1373 800 177 135
1373 800 177 135
1373 800 177 135
1373 800 177 135
1373 800 177 135
1373 800 177 135
1373 800 177 135
1373 800 177 135
1373 800 177 135
1373 800 177 135
1373 800 177 135
1373 800 177 135
1373 800 177 135
1373 800 177 135
1373 800 177 135
1373 800 177 135
1373 800 177 135
1373 800 177 135
1373 800 177 135
1373 800 177 135
1373 800 177 135
1373 800 177 135
1373 800 177 135
1373 800 177 135
1373 800 177 135
1373 800 177 135
1373 800 177 135
1373 800 177 135
1373 800 177 135
1373 800 177 135
1373 800 177 135
1373 800 177 135
1373 800 177 135
1373 800 177 135
1373 800 177 135
1373 800 177 135
1373 800 177 135
1373 800 177 135
1373 800 177 135
1373 800 177 135
1373 800 177 135
1373 800 177 135
1373 800 177 135
1373 800 177 135
1373 800 177 135
1373 800 177 135
1373 800 177 135
1373 800 177 135
1373 800 177 135
1373 800 177 135
1373 800 177 135
1373 800 177 135
1373 800 177 135
1373 800 177 135
1373 800 177 135
1373 800 177 135
1373 800 177 135
1373 800 177 135
1373 800 177 135
1373 800 177 135
1373 800 177 135
1373 800 177 135
1373 800 177 135
1373 800 177 135
1373 800 177 135
1373 800 177 135
1373 800 177 135
1373 800 177 135
1373 800 177 135
1373 800 177 135
1373 800 177 135
1373 800 177 135
1373 800 177 135
1373 800 177 135
1373 800 177 135
1373 800 177 135
1373 800 177 135
1373 800 177 135
1373 800 177 135
1373 800 177 135
1373 800 177 135
1373 800 177 135
1373 800 177 135
1373 800 177 135
1373 800 177 135
1373 800 177 135
1373 800 177 135
1373 800 177 135
1373 800 177 135
1373 800 177 135
1373 800 177 135
1373 800 177 135
1373 800 177 135
1373 800 177 135
1373 800 177 135
1373 800 177 135
1373 800 177 135
1373 800 177 135
1373 800 177 135
1373 800 177 135
1373 800 177 135
1373 800 177 135
1373 800 177 135
1373 800 177 135
1373 800 177 135
1373 800 177 135
1373 800 177 135
1373 800 177 135
1373 800 177 135
1373 800 177 135
1373 800 177 135
1373 800 177 135
1373 800 177 135
1373 800 177 135
1373 800 177 135
1373 800 177 135
1373 800 177 135
1373 800 177 135
1373 800 177 135
1373 800 177 135
1373 800 177 135
1373 800 177 135
1373 800 177 135
1373 800 177 135
1373 800 177 135
1373 800 177 135
1373 800 177 135
1373 800 177 135
1373 800 177 135
1373 800 177 135
1373 800 177 135
1373 800 177 135
1373 800 177 135
1373 800 177 135
1373 800 177 135
1373 800 177 135
1373 800 177 135
1373 800 177 135
1373 800 177 135
1373 800 177 135
1373 800 177 135
1373 800 177 135
1373 800 177 135
1373 800 177 135
1373 800 177 135
1373 800 177 135
1373 800 177 135
1373 800 177 135
1373 800 177 135
1373 800 177 135
1373 800 177 135
1373 800 177 135
1373 800 177 135
1373 800 177 135
1373 800 177 135
1373 800 177 135
1373 800 177 135
1373 800 177 135
1373 800 177 135
1373 800 177 135
1373 800 177 135
1373 800 177 135
1373 800 177 135
1373 800 177 135
1373 800 177 135
1373 800 177 135
1373 800 177 135
1373 800 177 135
1373 800 177 135
1373 800 177 135
1373 800 177 135
1373 800 177 135
1373 800 177 135
1373 800 177 135
1373 800 177 135
1373 800 177 135
1373 800 177 135
1373 800 177 135
1373 800 177 135
1373 800 177 135
1373 800 177 135
1373 800 177 135
1373 800 177 135
1373 800 177 135
1373 800 177 135
1373 800 177 135
1373 800 177 135
1373 800 177 135
1373 800 177 135
1373 800 177 135
1373 800 177 135
1373 800 177 135
1373 800 177 135
1373 800 177 135
1373 800 177 135
1373 800 177 135
1373 800 177 135
1373 800 177 135
1373 800 177 135
1373 800 177 135
1373 800 177 135
1373 800 177 135
1373 800 177 135
1373 800 177 135
1373 800 177 135
1373 800 177 135
1373 800 177 135
1373 800 177 135
1373 800 177 135
1373 800 177 135
1373 800 177 135
1373 800 177 135
1373 800 177 135
1373 800 177 135
1373 800 177 135
1373 800 177 135
1373 800 177 135
1373 800 177 135
1373 800 177 135
1373 800 177 135
1373 800 177 135
1373 800 177 135
1373 800 177 135
1373 800 177 135
1373 800 177 135
1373 800 177 135
1373 800 177 135
1373 800 177 135
1373 800 177 135
1373 800 177 135
1373 800 177 135
1373 800 177 135
1373 800 177 135
1373 800 177 135
1373 800 177 135
1373 800 177 135
1373 800 177 135
1373 800 177 135
1373 800 177 135
1373 800 177 135
1373 800 177 135
1373 800 177 135
1373 800 177 135
1373 800 177 135
1373 800 177 135
1373 800 177 135
1373 800 177 135
1373 800 177 135
1373 800 177 135
1373 800 177 135
1373 800 177 135
1373 800 177 135
1373 800 177 135
1373 800 177 135
1373 800 177 135
1373 800 177 135
1373 800 177 135
1373 800 177 135
1373 800 177 135
1373 800 177 135
1373 800 177 135
1373 800 177 135
1373 800 177 135
1373 800 177 135
1373 800 177 135
1373 800 177 135
1373 800 177 135
1373 800 177 135
1373 800 177 135
1373 800 177 135
1373 800 177 135
1373 800 177 135
1373 800 177 135
1373 800 177 135
1373 800 177 135
1373 800 177 135
1373 800 177 135
1373 800 177 135
1373 800 177 135
1373 800 177 135
1373 800 177 135
1373 800 177 135
1373 800 177 135
1373 800 177 135
1373 800 177 135
1373 800 177 135
1373 800 177 135
1373 800 177 135
1373 800 177 135
1373 800 177 135
1373 800 177 135
1373 800 177 135
1373 800 177 135
1373 800 177 135
1373 800 177 135
1373 800 177 135
1373 800 177 135
1373 800 177 135
1373 800 177 135
1373 800 177 135
1373 800 177 135
1373 800 177 135
1373 800 177 135
1373 800 177 135
1373 800 177 135
1373 800 177 135
1373 800 177 135
1373 800 177 135
1373 800 177 135
1373 800 177 135
1373 800 177 135
1373 800 177 135
1373 800 177 135
1373 800 177 135
1373 800 177 135
1373 800 177 135
1373 800 177 135
1373 800 177 135
1373 800 177 135
1373 800 177 135
1373 800 177 135
1373 800 177 135
1373 800 177 135
1373 800 177 135
1373 800 177 135
1373 800 177 135
1373 800 177 135
1373 800 177 135
1373 800 177 135
1373 800 177 135
1373 800 177 135
1373 800 177 135
1373 800 177 135
1373 800 177 135
1373 800 177 135
1373 800 177 135
1373 800 177 135
1373 800 177 135
1373 800 177 135
1373 800 177 135
1373 800 177 135
1373 800 177 135
1373 800 177 135
1373 800 177 135
1373 800 177 135
1373 800 177 135
1373 800 177 135
1373 800 177 135
1373 800 177 135
1373 800 177 135
1373 800 177 135
1373 800 177 135
1373 800 177 135
1373 800 177 135
1373 800 177 135
1373 800 177 135
1373 800 177 135
1373 800 177 135
1373 800 177 135
1373 800 177 135
1373 800 177 135
1373 800 177 135
1373 800 177 135
1373 800 177 135
1373 800 177 135
1373 800 177 135
1373 800 177 135
1373 800 177 135
1373 800 177 135
1373 800 177 135
1373 800 177 135
1373 800 177 135
1373 800 177 135
1373 800 177 135
1373 800 177 135
1373 800 177 135
1373 800 177 135
1373 800 177 135
1373 800 177 135
1373 800 177 135
1373 800 177 135
1373 800 177 135
1373 800 177 135
1373 800 177 135
1373 800 177 135
1373 800 177 135
1373 800 177 135
1373 800 177 135
1373 800 177 135
1373 800 177 135
1373 800 177 135
1373 800 177 135
1373 800 177 135
1373 800 177 135
1373 800 177 135
1373 800 177 135
1373 800 177 135
1373 800 177 135
1373 800 177 135
1373 800 177 135
1373 800 177 135
1373 800 177 135
1373 800 177 135
1373 800 177 135
1373 800 177 135
1373 800 177 135
1373 800 177 135
1373 800 177 135
1373 800 177 135
1373 800 177 135
1373 800 177 135
1373 800 177 135
1373 800 177 135
1373 800 177 135
1373 800 177 135
1373 800 177 135
1373 800 177 135
1373 800 177 135
1373 800 177 135
1373 800 177 135
1373 800 177 135
1373 800 177 135
1373 800 177 135
1373 800 177 135
1373 800 177 135
1373 800 177 135
1373 800 177 135
1373 800 177 135
1373 800 177 135
1373 800 177 135
1373 800 177 135
1373 800 177 135
1373 800 177 135
1373 800 177 135
1373 800 177 135
1373 800 177 135
1373 800 177 135
1373 800 177 135
1373 800 177 135
1373 800 177 135
1373 800 177 135
1373 800 177 135
1373 800 177 135
1373 800 177 135
1373 800 177 135
1373 800 177 135
1373 800 177 135
1373 800 177 135
1373 800 177 135
1373 800 177 135
1373 800 177 135
1373 800 177 135
1373 800 177 135
1373 800 177 135
1373 800 177 135
1373 800 177 135
1373 800 177 135
1373 800 177 135
1373 800 177 135
1373 800 177 135
1373 800 177 135
1373 800 177 135
1373 800 177 135
1373 800 177 135
1373 800 177 135
1373 800 177 135
1373 800 177 135
1373 800 177 135
1373 800 177 135
1373 800 177 135
1373 800 177 135
1373 800 177 135
1373 800 177 135
1373 800 177 135
1373 800 177 135
1373 800 177 135
1373 800 177 135
1373 800 177 135
1373 800 177 135
1373 800 177 135
1373 800 177 135
1373 800 177 135
1373 800 177 135
1373 800 177 135
1373 800 177 135
1373 800 177 135
1373 800 177 135
1373 800 177 135
1373 800 177 135
1373 800 177 135
1373 800 177 135
1373 800 177 135
1373 800 177 135
1373 800 177 135
1373 800 177 135
1373 800 177 135
1373 800 177 135
1373 800 177 135
1373 800 177 135
1373 800 177 135
1373 800 177 135
1373 800 177 135
1373 800 177 135
1373 800 177 135
1373 800 177 135
1373 800 177 135
1373 800 177 135
1373 800 177 135
1373 800 177 135
1373 800 177 135
1373 800 177 135
1373 800 177 135
1373 800 177 135
1373 800 177 135
1373 800 177 135
1373 800 177 135
1373 800 177 135
1373 800 177 135
1373 800 177 135
1373 800 177 135
1373 800 177 135
1373 800 177 135
1373 800 177 135
1373 800 177 135
1373 800 177 135
1373 800 177 135
1373 800 177 135
1373 800 177 135
1373 800 177 135
1373 800 177 135
1373 800 177 135
1373 800 177 135
1373 800 177 135
1373 800 177 135
1373 800 177 135
1373 800 177 135
1373 800 177 135
1373 800 177 135
1373 800 177 135
1373 800 177 135
1373 800 177 135
1373 800 177 135
1373 800 177 135
1373 800 177 135
1373 800 177 135
1373 800 177 135
1373 800 177 135
1373 800 177 135
1373 800 177 135
1373 800 177 135
1373 800 177 135
1373 800 177 135
1373 800 177 135
1373 800 177 135
1373 800 177 135
1373 800 177 135
1373 800 177 135
1373 800 177 135
1373 800 177 135
1373 800 177 135
1373 800 177 135
1373 800 177 135
1373 800 177 135
1373 800 177 135
1373 800 177 135
1373 800 177 135
1373 800 177 135
1373 800 177 135
1373 800 177 135
1373 800 177 135
1373 800 177 135
1373 800 177 135
1373 800 177 135
1373 800 177 135
1373 800 177 135
1373 800 177 135
1373 800 177 135
1373 800 177 135
1373 800 177 135
1373 800 177 135
1373 800 177 135
1373 800 177 135
1373 800 177 135
1373 800 177 135
1373 800 177 135
1373 800 177 135
1373 800 177 135
1373 800 177 135
1373 800 177 135
1373 800 177 135
1373 800 177 135
1373 800 177 135
1373 800 177 135
1373 800 177 135
1373 800 177 135
1373 800 177 135
1373 800 177 135
1373 800 177 135
1373 800 177 135
1373 800 177 135
1373 800 177 135
1373 800 177 135
1373 800 177 135
1373 800 177 135
1373 800 177 135
1373 800 177 135
1373 800 177 135
1373 800 177 135
1373 800 177 135
1373 800 177 135
1373 800 177 135
1373 800 177 135
1373 800 177 135
1373 800 177 135
1373 800 177 135
1373 800 177 135
1373 800 177 135
1373 800 177 135
1373 800 177 135
1373 800 177 135
1373 800 177 135
1373 800 177 135
1373 800 177 135
1373 800 177 135
1373 800 177 135
1373 800 177 135
1373 800 177 135
1373 800 177 135
1373 800 177 135
1373 800 177 135
1373 800 177 135
1373 800 177 135
1373 800 177 135
1373 800 177 135
1373 800 177 135
1373 800 177 135
1373 800 177 135
1373 800 177 135
1373 800 177 135
1373 800 177 135
1373 800 177 135
1373 800 177 135
1373 800 177 135
1373 800 177 135
1373 800 177 135
1373 800 177 135
1373 800 177 135
1373 800 177 135
1373 800 177 135
1373 800 177 135
1373 800 177 135
1373 800 177 135
1373 800 177 135
1373 800 177 135
1373 800 177 135
1373 800 177 135
1373 800 177 135
1373 800 177 135
1373 800 177 135
1373 800 177 135
1373 800 177 135
1373 800 177 135
1373 800 177 135
1373 800 177 135
1373 800 177 135
1373 800 177 135
1373 800 177 135
1373 800 177 135
1373 800 177 135
1373 800 177 135
1373 800 177 135
1373 800 177 135
1373 800 177 135
1373 800 177 135
1373 800 177 135
1373 800 177 135
1373 800 177 135
1373 800 177 135
1373 800 177 135
1373 800 177 135
1373 800 177 135
1373 800 177 135
1373 800 177 135
1373 800 177 135
1373 800 177 135
1373 800 177 135
1373 800 177 135
1373 800 177 135
1373 800 177 135
1373 800 177 135
1373 800 177 135
1373 800 177 135
1373 800 177 135
1373 800 177 135
1373 800 177 135
1373 800 177 135
1373 800 177 135
1373 800 177 135
1373 800 177 135
1373 800 177 135
1373 800 177 135
1373 800 177 135
1373 800 177 135
1373 800 177 135
1373 800 177 135
1373 800 177 135
1373 800 177 135
1373 800 177 135
1373 800 177 135
1373 800 177 135
1373 800 177 135
1373 800 177 135
1373 800 177 135
1373 800 177 135
1373 800 177 135
1373 800 177 135
1373 800 177 135
1373 800 177 135
1373 800 177 135
1373 800 177 135
1373 800 177 135
1373 800 177 135
1373 800 177 135
1373 800 177 135
1373 800 177 135
1373 800 177 135
1373 800 177 135
1373 800 177 135
1373 800 177 135
1373 800 177 135
1373 800 177 135
1373 800 177 135
1373 800 177 135
1373 800 177 135
1373 800 177 135
1373 800 177 135
1373 800 177 135
1373 800 177 135
1373 800 177 135
1373 800 177 135
1373 800 177 135
1373 800 177 135
1373 800 177 135
1373 800 177 135
1373 800 177 135
1373 800 177 135
1373 800 177 135
1373 800 177 135
1373 800 177 135
1373 800 177 135
1373 800 177 135
1373 800 177 135
1373 800 177 135
1373 800 177 135
1373 800 177 135
1373 800 177 135
1373 800 177 135
1373 800 177 135
1373 800 177 135
1373 800 177 135
1373 800 177 135
1373 800 177 135
1373 800 177 135
1373 800 177 135
1373 800 177 135
1373 800 177 135
1373 800 177 135
1373 800 177 135
1373 800 177 135
1373 800 177 135
1373 800 177 135
1373 800 177 135
1373 800 177 135
1373 800 177 135
1373 800 177 135
1373 800 177 135
1373 800 177 135
1373 800 177 135
1373 800 177 135
1373 800 177 135
1373 800 177 135
1373 800 177 135
1373 800 177 135
1373 800 177 135
1373 800 177 135
1373 800 177 135
1373 800 177 135
1373 800 177 135
1373 800 177 135
1373 800 177 135
1373 800 177 135
1373 800 177 135
1373 800 177 135
1373 800 177 135
1373 800 177 135
1373 800 177 135
1373 800 177 135
1373 800 177 135
1373 800 177 135
1373 800 177 135
1373 800 177 135
1373 800 177 135
1373 800 177 135
1373 800 177 135
1373 800 177 135
1373 800 177 135
1373 800 177 135
1373 800 177 135
1373 800 177 135
1373 800 177 135
1373 800 177 135
1373 800 177 135
1373 800 177 135
1373 800 177 135
1373 800 177 135
1373 800 177 135
1373 800 177 135
1373 800 177 135
1373 800 177 135
1373 800 177 135
1373 800 177 135
1373 800 177 135
1373 800 177 135
1373 800 177 135
1373 800 177 135
1373 800 177 135
1373 800 177 135
1373 800 177 135
1373 800 177 135
1373 800 177 135
1373 800 177 135
1373 800 177 135
1373 800 177 135
1373 800 177 135
1373 800 177 135
1373 800 177 135
1373 800 177 135
1373 800 177 135
1373 800 177 135
1373 800 177 135
1373 800 177 135
1373 800 177 135
1373 800 177 135
1373 800 177 135
1373 800 177 135
1373 800 177 135
1373 800 177 135
1373 800 177 135
1373 800 177 135
1373 800 177 135
1373 800 177 135
1373 800 177 135
1373 800 177 135
1373 800 177 135
1373 800 177 135
1373 800 177 135
1373 800 177 135
1373 800 177 135
1373 800 177 135
1373 800 177 135
1373 800 177 135
1373 800 177 135
1373 800 177 135
1373 800 177 135
1373 800 177 135
1373 800 177 135
1373 800 177 135
1373 800 177 135
1373 800 177 135
1373 800 177 135
1373 800 177 135
1373 800 177 135
1373 800 177 135
1373 800 177 135
1373 800 177 135
1373 800 177 135
1373 800 177 135
1373 800 177 135
1373 800 177 135
1373 800 177 135
1373 800 177 135
1373 800 177 135
1373 800 177 135
1373 800 177 135
1373 800 177 135
1373 800 177 135
1373 800 177 135
1373 800 177 135
1373 800 177 135
1373 800 177 135
1373 800 177 135
1373 800 177 135
1373 800 177 135
1373 800 177 135
1373 800 177 135
1373 800 177 135
1373 800 177 135
1373 800 177 135
1373 800 177 135
1373 800 177 135
1373 800 177 135
1373 800 177 135
1373 800 177 135
1373 800 177 135
1373 800 177 135
1373 800 177 135
1373 800 177 135
1373 800 177 135
1373 800 177 135
1373 800 177 135
1373 800 177 135
1373 800 177 135
1373 800 177 135
1373 800 177 135
1373 800 177 135
1373 800 177 135
1373 800 177 135
1373 800 177 135
1373 800 177 135
1373 800 177 135
1373 800 177 135
1373 800 177 135
1373 800 177 135
1373 800 177 135
1373 800 177 135
1373 800 177 135
1373 800 177 135
1373 800 177 135
1373 800 177 135
1373 800 177 135
1373 800 177 135
1373 800 177 135
1373 800 177 135
1373 800 177 135
1373 800 177 135
1373 800 177 135
1373 800 177 135
1373 800 177 135
1373 800 177 135
1373 800 177 135
1373 800 177 135
1373 800 177 135
1373 800 177 135
1373 800 177 135
1373 800 177 135
1373 800 177 135
1373 800 177 135
1373 800 177 135
1373 800 177 135
1373 800 177 135
1373 800 177 135
1373 800 177 135
1373 800 177 135
1373 800 177 135
1373 800 177 135
1373 800 177 135
1373 800 177 135
1373 800 177 135
1373 800 177 135
1373 800 177 135
1373 800 177 135
1373 800 177 135
1373 800 177 135
1373 800 177 135
1373 800 177 135
1373 800 177 135
1373 800 177 135
1373 800 177 135
1373 800 177 135
1373 800 177 135
1373 800 177 135
1373 800 177 135
1373 800 177 135
1373 800 177 135
1373 800 177 135
1373 800 177 135
1373 800 177 135
1373 800 177 135
1373 800 177 135
1373 800 177 135
1373 800 177 135
1373 800 177 135
1373 800 177 135
1373 800 177 135
1373 800 177 135
1373 800 177 135
1373 800 177 135
1373 800 177 135
1373 800 177 135
1373 800 177 135
1373 800 177 135
1373 800 177 135
1373 800 177 135
1373 800 177 135
1373 800 177 135
1373 800 177 135
1373 800 177 135
1373 800 177 135
1373 800 177 135
1373 800 177 135
1373 800 177 135
1373 800 177 135
1373 800 177 135
1373 800 177 135
1373 800 177 135
1373 800 177 135
1373 800 177 135
1373 800 177 135
1373 800 177 135
1373 800 177 135
1373 800 177 135
1373 800 177 135
1373 800 177 135
1373 800 177 135
1373 800 177 135
1373 800 177 135
1373 800 177 135
1373 800 177 135
1373 800 177 135
1373 800 177 135
1373 800 177 135
1373 800 177 135
1373 800 177 135
1373 800 177 135
1373 800 177 135
1373 800 177 135
1373 800 177 135
1373 800 177 135
1373 800 177 135
1373 800 177 135
1373 800 177 135
1373 800 177 135
1373 800 177 135
1373 800 177 135
1373 800 177 135
1373 800 177 135
1373 800 177 135
1373 800 177 135
1373 800 177 135
1373 800 177 135
1373 800 177 135
1373 800 177 135
1373 800 177 135
1373 800 177 135
1373 800 177 135
1373 800 177 135
1373 800 177 135
1373 800 177 135
1373 800 177 135
1373 800 177 135
1373 800 177 135
1373 800 177 135
1373 800 177 135
1373 800 177 135
1373 800 177 135
1373 800 177 135
1373 800 177 135
1373 800 177 135
1373 800 177 135
1373 800 177 135
1373 800 177 135
1373 800 177 135
1373 800 177 135
1373 800 177 135
1373 800 177 135
1373 800 177 135
1373 800 177 135
1373 800 177 135
1373 800 177 135
1373 800 177 135
1373 800 177 135
1373 800 177 135
1373 800 177 135
1373 800 177 135
1373 800 177 135
1373 800 177 135
1373 800 177 135
1373 800 177 135
1373 800 177 135
1373 800 177 135
1373 800 177 135
1373 800 177 135
1373 800 177 135
1373 800 177 135
1373 800 177 135
1373 800 177 135
1373 800 177 135
1373 800 177 135
1373 800 177 135
1373 800 177 135
1373 800 177 135
1373 800 177 135
1373 800 177 135
1373 800 177 135
1373 800 177 135
1373 800 177 135
1373 800 177 135
1373 800 177 135
1373 800 177 135
1373 800 177 135
1373 800 177 135
1373 800 177 135
1373 800 177 135
1373 800 177 135
1373 800 177 135
1373 800 177 135
1373 800 177 135
1373 800 177 135
1373 800 177 135
1373 800 177 135
1373 800 177 135
1373 800 177 135
1373 800 177 135
1373 800 177 135
1373 800 177 135
1373 800 177 135
1373 800 177 135
1373 800 177 135
1373 800 177 135
1373 800 177 135
1373 800 177 135
1373 800 177 135
1373 800 177 135
1373 800 177 135
1373 800 177 135
1373 800 177 135
1373 800 177 135
1373 800 177 135
1373 800 177 135
1373 800 177 135
1373 800 177 135
1373 800 177 135
1373 800 177 135
1373 800 177 135
1373 800 177 135
1373 800 177 135
1373 800 177 135
1373 800 177 135
1373 800 177 135
1373 800 177 135
1373 800 177 135
1373 800 177 135
1373 800 177 135
1373 800 177 135
1373 800 177 135
1373 800 177 135
1373 800 177 135
1373 800 177 135
1373 800 177 135
1373 800 177 135
1373 800 177 135
1373 800 177 135
1373 800 177 135
1373 800 177 135
1373 800 177 135
1373 800 177 135
1373 800 177 135
1373 800 177 135
1373 800 177 135
1373 800 177 135
1373 800 177 135
1373 800 177 135
1373 800 177 135
1373 800 177 135
1373 800 177 135
1373 800 177 135
1373 800 177 135
1373 800 177 135
1373 800 177 135
1373 800 177 135
1373 800 177 135
1373 800 177 135
1373 800 177 135
1373 800 177 135
1373 800 177 135
1373 800 177 135
1373 800 177 135
1373 800 177 135
1373 800 177 135
1373 800 177 135
1373 800 177 135
1373 800 177 135
1373 800 177 135
1373 800 177 135
1373 800 177 135
1373 800 177 135
1373 800 177 135
1373 800 177 135
1373 800 177 135
1373 800 177 135
1373 800 177 135
1373 800 177 135
1373 800 177 135
1373 800 177 135
1373 800 177 135
1373 800 177 135
1373 800 177 135
1373 800 177 135
1373 800 177 135
1373 800 177 135
1373 800 177 135
1373 800 177 135
1373 800 177 135
1373 800 177 135
1373 800 177 135
1373 800 177 135
1373 800 177 135
1373 800 177 135
1373 800 177 135
1373 800 177 135
1373 800 177 135
1373 800 177 135
1373 800 177 135
1373 800 177 135
1373 800 177 135
1373 800 177 135
1373 800 177 135
1373 800 177 135
1373 800 177 135
1373 800 177 135
1373 800 177 135
1373 800 177 135
1373 800 177 135
1373 800 177 135
1373 800 177 135
1373 800 177 135
1373 800 177 135
1373 800 177 135
1373 800 177 135
1373 800 177 135
1373 800 177 135
1373 800 177 135
1373 800 177 135
1373 800 177 135
1373 800 177 135
1373 800 177 135
1373 800 177 135
1373 800 177 135
1373 800 177 135
1373 800 177 135
1373 800 177 135
1373 800 177 135
1373 800 177 135
1373 800 177 135
1373 800 177 135
1373 800 177 135
1373 800 177 135
1373 800 177 135
1373 800 177 135
1373 800 177 135
1373 800 177 135
1373 800 177 135
1373 800 177 135
1373 800 177 135
1373 800 177 135
1373 800 177 135
1373 800 177 135
1373 800 177 135
1373 800 177 135
1373 800 177 135
1373 800 177 135
1373 800 177 135
1373 800 177 135
1373 800 177 135
1373 800 177 135
1373 800 177 135
1373 800 177 135
1373 800 177 135
1373 800 177 135
1373 800 177 135
1373 800 177 135
1373 800 177 135
1373 800 177 135
1373 800 177 135
1373 800 177 135
1373 800 177 135
1373 800 177 135
1373 800 177 135
1373 800 177 135
1373 800 177 135
1373 800 177 135
1373 800 177 135
1373 800 177 135
1373 800 177 135
1373 800 177 135
1373 800 177 135
1373 800 177 135
1373 800 177 135
1373 800 177 135
1373 800 177 135
1373 800 177 135
1373 800 177 135
1373 800 177 135
1373 800 177 135
1373 800 177 135
1373 800 177 135
1373 800 177 135
1373 800 177 135
1373 800 177 135
1373 800 177 135
1373 800 177 135
1373 800 177 135
1373 800 177 135
1373 800 177 135
1373 800 177 135
1373 800 177 135
1373 800 177 135
1373 800 177 135
1373 800 177 135
1373 800 177 135
1373 800 177 135
1373 800 177 135
1373 800 177 135
1373 800 177 135
1373 800 177 135
1373 800 177 135
1373 800 177 135
1373 800 177 135
1373 800 177 135
1373 800 177 135
1373 800 177 135
1373 800 177 135
1373 800 177 135
1373 800 177 135
1373 800 177 135
1373 800 177 135
1373 800 177 135
1373 800 177 135
1373 800 177 135
1373 800 177 135
1373 800 177 135
1373 800 177 135
1373 800 177 135
1373 800 177 135
1373 800 177 135
1373 800 177 135
1373 800 177 135
1373 800 177 135
1373 800 177 135
1373 800 177 135
1373 800 177 135
1373 800 177 135
1373 800 177 135
1373 800 177 135
1373 800 177 135
1373 800 177 135
1373 800 177 135
1373 800 177 135
1373 800 177 135
1373 800 177 135
1373 800 177 135
1373 800 177 135
1373 800 177 135
1373 800 177 135
1373 800 177 135
1373 800 177 135
1373 800 177 135
1373 800 177 135
1373 800 177 135
1373 800 177 135
1373 800 177 135
1373 800 177 135
1373 800 177 135
1373 800 177 135
1373 800 177 135
1373 800 177 135
1373 800 177 135
1373 800 177 135
1373 800 177 135
1373 800 177 135
1373 800 177 135
1373 800 177 135
1373 800 177 135
1373 800 177 135
1373 800 177 135
1373 800 177 135
1373 800 177 135
1373 800 177 135
1373 800 177 135
1373 800 177 135
1373 800 177 135
1373 800 177 135
1373 800 177 135
1373 800 177 135
1373 800 177 135
1373 800 177 135
1373 800 177 135
1373 800 177 135
1373 800 177 135
1373 800 177 135
1373 800 177 135
1373 800 177 135
1373 800 177 135
1373 800 177 135
1373 800 177 135
1373 800 177 135
1373 800 177 135
1373 800 177 135
1373 800 177 135
1373 800 177 135
1373 800 177 135
1373 800 177 135
1373 800 177 135
1373 800 177 135
1373 800 177 135
1373 800 177 135
1373 800 177 135
1373 800 177 135
1373 800 177 135
1373 800 177 135
1373 800 177 135
1373 800 177 135
1373 800 177 135
1373 800 177 135
1373 800 177 135
1373 800 177 135
1373 800 177 135
1373 800 177 135
1373 800 177 135
1373 800 177 135
1373 800 177 135
1373 800 177 135
1373 800 177 135
1373 800 177 135
1373 800 177 135
1373 800 177 135
1373 800 177 135
1373 800 177 135
1373 800 177 135
1373 800 177 135
1373 800 177 135
1373 800 177 135
1373 800 177 135
1373 800 177 135
1373 800 177 135
1373 800 177 135
1373 800 177 135
1373 800 177 135
1373 800 177 135
1373 800 177 135
1373 800 177 135
1373 800 177 135
1373 800 177 135
1373 800 177 135
1373 800 177 135
1373 800 177 135
1373 800 177 135
1373 800 177 135
1373 800 177 135
1373 800 177 135
1373 800 177 135
1373 800 177 135
1373 800 177 135
1373 800 177 135
1373 800 177 135
1373 800 177 135
1373 800 177 135
1373 800 177 135
1373 800 177 135
1373 800 177 135
1373 800 177 135
1373 800 177 135
1373 800 177 135
1373 800 177 135
1373 800 177 135
1373 800 177 135
1373 800 177 135
1373 800 177 135
1373 800 177 135
1373 800 177 135
1373 800 177 135
1373 800 177 135
1373 800 177 135
1373 800 177 135
1373 800 177 135
1373 800 177 135
1373 800 177 135
1373 800 177 135
1373 800 177 135
1373 800 177 135
1373 800 177 135
1373 800 177 135
1373 800 177 135
1373 800 177 135
1373 800 177 135
1373 800 177 135
1373 800 177 135
1373 800 177 135
1373 800 177 135
1373 800 177 135
1373 800 177 135
1373 800 177 135
1373 800 177 135
1373 800 177 135
1373 800 177 135
1373 800 177 135
1373 800 177 135
1373 800 177 135
1373 800 177 135
1373 800 177 135
1373 800 177 135
1373 800 177 135
1373 800 177 135
1373 800 177 135
1373 800 177 135
1373 800 177 135
1373 800 177 135
1373 800 177 135
1373 800 177 135
1373 800 177 135
1373 800 177 135
1373 800 177 135
1373 800 177 135
1373 800 177 135
1373 800 177 135
1373 800 177 135
1373 800 177 135
1373 800 177 135
1373 800 177 135
1373 800 177 135
1373 800 177 135
1373 800 177 135
1375 780 178 136
1375 780 178 136
1375 780 178 136
1375 780 178 136
1375 780 178 136
1375 780 178 136
1375 780 178 136
1375 780 178 136
1375 780 178 136
1375 780 178 136
1357 790 178 136
1349 793 178 135
1338 788 178 136
1322 791 177 136
1322 800 174 134
1306 798 175 134
1302 801 172 132
1306 804 171 131
1313 809 170 130
1317 814 168 129
1323 818 167 128
1325 820 166 127
1330 822 165 126
1333 826 164 125
1339 830 163 124
1343 835 162 123
1345 838 161 122
1349 840 161 122
1352 843 163 124
1356 845 164 125
1359 847 167 127
1363 850 168 128
1366 853 168 128
1368 855 170 130
1370 857 172 131
1372 860 174 132
1375 863 175 133
1379 866 176 133
1382 868 177 134
1385 870 177 134
1387 874 177 134
1392 879 179 135
1394 880 181 136
1398 884 182 137
1402 888 182 137
1406 892 182 137
1411 895 183 138
1414 899 184 139
1420 903 184 139
1422 905 186 141
1426 910 187 142
1430 914 188 143
1435 917 189 144
1437 921 189 144
1441 925 191 146
1445 929 192 147
1450 932 194 148
1453 938 193 147
1460 941 194 148
1460 945 195 148
1463 950 197 149
1468 954 199 151
1474 959 200 152
1477 963 203 154
1479 967 204 155
1484 971 207 157
1489 976 208 158
1494 980 209 158
1495 985 211 159
1501 989 213 161
1505 992 215 162
1509 995 218 164
1514 1000 220 166
1517 1005 221 166
1524 1010 223 168
1524 1014 223 168
1533 1020 226 171
1536 1025 228 172
1542 1031 231 174
1542 1033 233 176
1550 1040 235 178
1555 1045 238 180
1558 1050 240 182
1566 1057 242 184
1566 1059 244 185
1571 1065 247 187
1573 1071 250 189
1577 1075 253 191
1583 1080 256 194
1589 1086 259 197
1592 1090 262 200
1599 1097 265 203
1604 1100 269 206
1613 1107 272 208
1616 1113 276 211
1622 1116 280 214
1628 1126 285 218
1630 1127 289 221
1640 1138 294 225
1642 1139 298 228
1649 1150 304 232
1657 1152 307 234
1651 1157 312 238
1662 1165 318 243
1668 1173 321 246
1677 1182 325 249
1690 1196 325 249
1710 1207 325 249
1728 1221 325 249
1741 1234 325 249
1745 1238 325 249
1756 1242 325 249
1762 1253 325 249
1759 1259 325 249
1759 1257 325 249
1761 1258 325 249
1803 1307 324 248
1780 1269 325 249
1780 1258 325 249
1790 1262 325 249
1792 1263 325 249
1782 1308 333 255
1790 1267 333 255
1786 1318 330 253
1799 1311 336 257
1774 1311 339 260
1782 1313 301 230
1808 1346 264 202
1839 1391 187 142
1846 1427 130 97
1853 1437 127 95
1853 1437 127 95
1853 1437 127 95
1853 1437 127 95
1853 1437 127 95
1853 1437 127 95
1853 1437 127 95
1853 1437 127 95
1853 1437 127 95
1853 1437 127 95
1853 1437 127 95
1853 1437 127 95
1853 1437 127 95
1853 1437 127 95
1853 1437 127 95
1853 1437 127 95
1853 1437 127 95
1853 1437 127 95
1853 1437 127 95
1853 1437 127 95
1853 1437 127 95
1853 1437 127 95
1853 1437 127 95
1853 1437 127 95
1853 1437 127 95
1853 1437 127 95
1853 1437 127 95
1853 1437 127 95
1853 1437 127 95
1853 1437 127 95
1853 1437 127 95
1853 1437 127 95
1853 1437 127 95
1853 1437 127 95
1853 1437 127 95
1853 1437 127 95
1853 1437 127 95
1853 1437 127 95
1853 1437 127 95
1853 1437 127 95
1853 1437 127 95
1853 1437 127 95
1853 1437 127 95
1853 1437 127 95
1853 1437 127 95
1853 1437 127 95
1853 1437 127 95
1853 1437 127 95
1853 1437 127 95
1853 1437 127 95
1853 1437 127 95
1853 1437 127 95
1853 1437 127 95
1853 1437 127 95
1853 1437 127 95
1853 1437 127 95
1853 1437 127 95
1853 1437 127 95
1853 1437 127 95
1853 1437 127 95
1853 1437 127 95
1853 1437 127 95
1853 1437 127 95
1853 1437 127 95
1853 1437 127 95
1853 1437 127 95
1853 1437 127 95
1853 1437 127 95
1853 1437 127 95
1853 1437 127 95
1853 1437 127 95
1853 1437 127 95
1853 1437 127 95
1853 1437 127 95
1853 1437 127 95
1853 1437 127 95
1853 1437 127 95
1853 1437 127 95
1853 1437 127 95
1853 1437 127 95
1853 1437 127 95
1853 1437 127 95
1853 1437 127 95
1853 1437 127 95
1853 1437 127 95
1853 1437 127 95
1853 1437 127 95
1853 1437 127 95
1853 1437 127 95
1853 1437 127 95
1853 1437 127 95
1853 1437 127 95
1853 1437 127 95
1853 1437 127 95
1853 1437 127 95
1853 1437 127 95
1853 1437 127 95
1853 1437 127 95
1853 1437 127 95
1853 1437 127 95
1853 1437 127 95
1853 1437 127 95
1853 1437 127 95
1853 1437 127 95
1853 1437 127 95
1853 1437 127 95
1853 1437 127 95
1853 1437 127 95
1853 1437 127 95
1853 1437 127 95
1853 1437 127 95
1853 1437 127 95
1853 1437 127 95
1853 1437 127 95
1853 1437 127 95
1853 1437 127 95
1853 1437 127 95
1853 1437 127 95
1853 1437 127 95
1853 1437 127 95
1853 1437 127 95
1853 1437 127 95
1853 1437 127 95
1853 1437 127 95
1853 1437 127 95
1853 1437 127 95
1853 1437 127 95
1853 1437 127 95
1853 1437 127 95
1853 1437 127 95
1853 1437 127 95
1853 1437 127 95
1853 1437 127 95
1853 1437 127 95
1853 1437 127 95
1853 1437 127 95
1853 1437 127 95
1853 1437 127 95
1853 1437 127 95
1853 1437 127 95
1930 1331 132 99
1934 1332 132 99
1968 1344 132 99
1951 1347 132 99
1957 1354 136 102
1962 1363 140 105
1964 1372 144 108
1970 1382 144 108
1976 1391 144 108
1983 1399 144 108
1991 1405 144 108
2019 1423 140 105
2033 1431 135 101
2039 1441 131 98
2045 1443 133 99
2045 1446 131 98
2045 1446 131 98
2045 1446 131 98
2045 1446 131 98
2045 1446 131 98
2045 1446 131 98
2045 1446 131 98
2045 1446 131 98
2045 1446 131 98
1941 1345 131 98
1918 1303 129 96
1921 1310 131 98
1913 1314 131 98
1923 1323 130 97
1929 1335 129 96
1935 1346 128 96
1939 1355 128 96
1953 1367 129 97
1958 1377 131 98
1948 1382 133 100
1942 1377 134 100
1969 1411 133 99
2000 1430 133 99
2002 1439 130 97
2008 1449 128 95
1991 1449 127 95
1969 1443 129 96
1969 1443 129 96
1969 1443 129 96
1969 1443 129 96
1969 1443 129 96
1969 1443 129 96
1969 1443 129 96
1969 1443 129 96
1969 1443 129 96
1969 1443 129 96
1969 1443 129 96
1969 1443 129 96
1926 1361 130 97
1900 1323 130 97
1899 1335 131 98
1898 1349 130 98
1902 1353 132 99
1903 1360 134 100
1904 1364 136 102
1919 1381 138 103
1919 1397 139 104
1922 1414 139 104
1932 1414 139 104
1938 1419 139 104
1929 1435 135 101
1951 1447 133 100
1951 1447 133 100
1951 1447 133 100
1951 1447 133 100
1951 1447 133 100
1951 1447 133 100
1951 1447 133 100
1951 1447 133 100
1951 1447 133 100
1951 1447 133 100
1951 1447 133 100
1951 1447 133 100
1951 1447 133 100
1951 1447 133 100
1951 1447 133 100
1951 1447 133 100
1951 1447 133 100
1951 1447 133 100
1951 1447 133 100
1971 1311 134 100
1974 1321 131 98
1979 1333 130 98
1994 1343 128 96
1997 1353 125 94
1999 1366 126 94
2013 1367 126 95
2014 1386 127 95
2028 1393 127 96
2036 1408 127 96
2047 1418 127 96
2051 1430 127 96
2063 1438 124 93
2061 1445 123 92
2072 1446 125 93
2072 1446 125 93
1967 1422 127 95
1977 1432 126 95
1980 1441 124 93
1991 1445 121 91
1991 1445 121 91
1991 1445 121 91
1991 1445 121 91
1991 1445 121 91
1991 1445 121 91
1991 1445 121 91
1991 1445 121 91
1991 1445 121 91
1991 1445 121 91
1991 1445 121 91
1991 1445 121 91
1991 1445 121 91
1991 1445 121 91
1991 1445 121 91
1991 1445 121 91
1991 1445 121 91
1991 1445 121 91
1991 1445 121 91
1991 1445 121 91
1991 1445 121 91
1991 1445 121 91
1991 1445 121 91
1991 1445 121 91
1991 1445 121 91
1991 1445 121 91
1991 1445 121 91
1991 1445 121 91
1991 1445 121 91
1991 1445 121 91
1991 1445 121 91
1991 1445 121 91
1991 1445 121 91
1991 1445 121 91
1991 1445 121 91
1991 1445 121 91
1991 1445 121 91
1991 1445 121 91
1991 1445 121 91
1991 1445 121 91
1991 1445 121 91
1991 1445 121 91
1991 1445 121 91
1991 1445 121 91
1991 1445 121 91
1991 1445 121 91
1991 1445 121 91
1991 1445 121 91
1991 1445 121 91
1991 1445 121 91
1991 1445 121 91
1991 1445 121 91
1991 1445 121 91
1991 1445 121 91
1991 1445 121 91
1991 1445 121 91
1991 1445 121 91
1991 1445 121 91
1991 1445 121 91
1991 1445 121 91
1991 1445 121 91
1991 1445 121 91
1991 1445 121 91
1991 1445 121 91
1965 1427 127 95
1973 1428 128 96
1983 1433 126 94
1980 1436 126 94
1980 1436 126 94
1980 1436 126 94
1980 1436 126 94
1980 1436 126 94
1980 1436 126 94
1980 1436 126 94
1980 1436 126 94
1980 1436 126 94
1980 1436 126 94
1980 1436 126 94
1980 1436 126 94
1980 1436 126 94
1980 1436 126 94
1980 1436 126 94
1980 1436 126 94
1980 1436 126 94
1980 1436 126 94
1980 1425 127 95
1980 1425 127 95
1980 1425 127 95
1980 1425 127 95
1980 1425 127 95
1980 1425 127 95
1980 1425 127 95
1980 1425 127 95
1980 1425 127 95
1980 1425 127 95
1980 1425 127 95
1980 1425 127 95
1980 1425 127 95
1980 1425 127 95
1980 1425 127 95
1980 1425 127 95
1980 1425 127 95
1980 1425 127 95
1980 1425 127 95
1980 1425 127 95
1980 1425 127 95
1980 1425 127 95
1980 1425 127 95
1980 1425 127 95
1980 1425 127 95
1980 1425 127 95
1980 1425 127 95
1980 1425 127 95
1980 1425 127 95
1980 1425 127 95
1980 1425 127 95
1980 1425 127 95
1980 1425 127 95
1980 1425 127 95
1980 1425 127 95
1980 1425 127 95
1980 1425 127 95
1980 1425 127 95
1980 1425 127 95
1980 1425 127 95
1980 1425 127 95
1980 1425 127 95
1980 1425 127 95
1980 1425 127 95
1851 1346 128 96
1849 1350 129 96
1840 1355 129 96
1841 1366 128 95
1848 1376 127 95
1853 1384 128 96
1855 1396 128 96
1889 1406 130 97
1882 1415 130 98
1892 1412 130 98
1902 1414 130 98
1934 1431 131 98
1916 1440 127 95
1888 1423 128 96
1900 1430 129 97
1906 1441 126 94
1915 1448 124 93
1915 1448 124 93
1915 1448 124 93
1915 1448 124 93
1915 1448 124 93
1915 1448 124 93
1915 1448 124 93
1915 1448 124 93
1915 1448 124 93
1915 1448 124 93
1915 1448 124 93
1915 1448 124 93
1915 1448 124 93
1915 1448 124 93
1915 1448 124 93
1915 1448 124 93
1915 1448 124 93
1915 1448 124 93
1915 1448 124 93
1915 1448 124 93
1915 1448 124 93
1915 1448 124 93
1915 1448 124 93
1915 1448 124 93
1915 1448 124 93
1972 1348 128 95
1975 1357 128 96
1986 1359 128 96
1987 1380 130 97
1994 1383 130 98
2006 1392 130 98
2016 1406 130 98
2023 1418 130 98
2033 1428 126 95
2034 1437 124 93
2046 1443 123 92
2046 1443 123 92
2046 1443 123 92
2046 1443 123 92
2046 1443 123 92
2046 1443 123 92
2046 1443 123 92
2046 1443 123 92
2046 1443 123 92
2046 1443 123 92
2046 1443 123 92
2046 1443 123 92
2046 1443 123 92
2046 1443 123 92
2046 1443 123 92
2046 1443 123 92
2046 1443 123 92
2046 1443 123 92
2046 1443 123 92
2046 1443 123 92
2046 1443 123 92
2046 1443 123 92
2046 1443 123 92
2046 1443 123 92
2046 1443 123 92
2046 1443 123 92
2046 1443 123 92
2046 1443 123 92
2046 1443 123 92
2046 1443 123 92
2046 1443 123 92
2046 1443 123 92
2046 1443 123 92
2046 1443 123 92
2046 1443 123 92
2046 1443 123 92
2046 1443 123 92
2046 1443 123 92
2046 1443 123 92
2046 1443 123 92
2046 1443 123 92
2046 1443 123 92
2046 1443 123 92
2046 1443 123 92
2046 1443 123 92
2046 1443 123 92
2046 1443 123 92
2046 1443 123 92
2046 1443 123 92
2046 1443 123 92
2046 1443 123 92
2046 1443 123 92
2046 1443 123 92
2046 1443 123 92
2046 1443 123 92
2046 1443 123 92
2046 1443 123 92
2046 1443 123 92
2046 1443 123 92
2046 1443 123 92
2046 1443 123 92
2046 1443 123 92
2046 1443 123 92
2046 1443 123 92
2046 1443 123 92
2046 1443 123 92
2046 1443 123 92
2046 1443 123 92
2046 1443 123 92
2046 1443 123 92
2046 1443 123 92
2046 1443 123 92
2046 1443 123 92
2046 1443 123 92
2046 1443 123 92
2046 1443 123 92
2046 1443 123 92
2046 1443 123 92
2046 1443 123 92
2046 1443 123 92
2046 1443 123 92
2046 1443 123 92
2046 1443 123 92
2046 1443 123 92
2046 1443 123 92
2046 1443 123 92
2046 1443 123 92
2046 1443 123 92
2046 1443 123 92
2046 1443 123 92
2046 1443 123 92
2046 1443 123 92
2046 1443 123 92
2046 1443 123 92
2046 1443 123 92
2046 1443 123 92
2046 1443 123 92
2046 1443 123 92
2046 1443 123 92
2046 1443 123 92
2046 1443 123 92
2046 1443 123 92
2046 1443 123 92
2046 1443 123 92
2046 1443 123 92
2046 1443 123 92
2046 1443 123 92
2046 1443 123 92
2046 1443 123 92
2046 1443 123 92
2046 1443 123 92
2046 1443 123 92
2046 1443 123 92
2046 1443 123 92
2046 1443 123 92
2046 1443 123 92
2046 1443 123 92
2046 1443 123 92
2046 1443 123 92
2046 1443 123 92
2046 1443 123 92
2046 1443 123 92
2046 1443 123 92
2046 1443 123 92
2046 1443 123 92
2046 1443 123 92
2046 1443 123 92
2046 1443 123 92
2046 1443 123 92
2046 1443 123 92
2046 1443 123 92
2046 1443 123 92
2046 1443 123 92
2046 1443 123 92
2046 1443 123 92
2046 1443 123 92
2046 1443 123 92
2046 1443 123 92
2046 1443 123 92
2046 1443 123 92
2046 1443 123 92
2046 1443 123 92
2046 1443 123 92
2046 1443 123 92
2046 1443 123 92
2046 1443 123 92
2046 1443 123 92
2046 1443 123 92
2046 1443 123 92
2046 1443 123 92
2046 1443 123 92
2046 1443 123 92
2046 1443 123 92
2046 1443 123 92
2046 1443 123 92
2046 1443 123 92
2046 1443 123 92
2046 1443 123 92
2046 1443 123 92
2046 1443 123 92
2046 1443 123 92
2046 1443 123 92
2046 1443 123 92
2046 1443 123 92
2046 1443 123 92
2046 1443 123 92
2046 1443 123 92
2046 1443 123 92
2046 1443 123 92
2046 1443 123 92
2046 1443 123 92
2046 1443 123 92
2046 1443 123 92
2046 1443 123 92
2046 1443 123 92
2046 1443 123 92
2046 1443 123 92
2046 1443 123 92
2046 1443 123 92
2046 1443 123 92
2046 1443 123 92
2046 1443 123 92
2046 1443 123 92
2046 1443 123 92
2046 1443 123 92
2046 1443 123 92
2046 1443 123 92
2046 1443 123 92
2046 1443 123 92
2046 1443 123 92
2046 1443 123 92
2046 1443 123 92
2046 1443 123 92
2046 1443 123 92
2046 1443 123 92
2046 1443 123 92
2046 1443 123 92
2046 1443 123 92
2046 1443 123 92
2046 1443 123 92
2046 1443 123 92
2046 1443 123 92
2046 1443 123 92
2046 1443 123 92
2046 1443 123 92
2046 1443 123 92
2046 1443 123 92
2046 1443 123 92
2046 1443 123 92
2046 1443 123 92
2046 1443 123 92
2046 1443 123 92
2046 1443 123 92
2046 1443 123 92
2046 1443 123 92
2046 1443 123 92
2046 1443 123 92
2046 1443 123 92
2046 1443 123 92
2046 1443 123 92
2046 1443 123 92
2046 1443 123 92
2046 1443 123 92
2046 1443 123 92
2046 1443 123 92
2046 1443 123 92
2046 1443 123 92
2046 1443 123 92
2046 1443 123 92
2046 1443 123 92
2046 1443 123 92
2046 1443 123 92
2046 1443 123 92
2046 1443 123 92
2046 1443 123 92
2046 1443 123 92
2046 1443 123 92
2046 1443 123 92
2046 1443 123 92
2046 1443 123 92
2046 1443 123 92
2046 1443 123 92
2046 1443 123 92
2046 1443 123 92
2046 1443 123 92
2046 1443 123 92
2046 1443 123 92
2046 1443 123 92
2046 1443 123 92
2046 1443 123 92
2046 1443 123 92
2046 1443 123 92
2046 1443 123 92
2046 1443 123 92
2046 1443 123 92
2046 1443 123 92
2046 1443 123 92
2046 1443 123 92
2046 1443 123 92
2046 1443 123 92
2046 1443 123 92
2046 1443 123 92
2046 1443 123 92
2046 1443 123 92
2046 1443 123 92
2046 1443 123 92
2046 1443 123 92
2046 1443 123 92
2046 1443 123 92
2046 1443 123 92
2046 1443 123 92
2046 1443 123 92
2046 1443 123 92
2046 1443 123 92
2046 1443 123 92
2046 1443 123 92
2046 1443 123 92
2046 1443 123 92
2046 1443 123 92
2046 1443 123 92
2046 1443 123 92
2046 1443 123 92
2046 1443 123 92
2046 1443 123 92
2046 1443 123 92
2046 1443 123 92
2046 1443 123 92
2046 1443 123 92
2046 1443 123 92
2046 1443 123 92
2046 1443 123 92
2046 1443 123 92
2046 1443 123 92
2046 1443 123 92
2046 1443 123 92
2046 1443 123 92
2046 1443 123 92
2046 1443 123 92
2046 1443 123 92
2046 1443 123 92
2046 1443 123 92
2046 1443 123 92
2046 1443 123 92
2046 1443 123 92
2046 1443 123 92
2046 1443 123 92
2046 1443 123 92
2046 1443 123 92
2046 1443 123 92
2046 1443 123 92
2046 1443 123 92
2046 1443 123 92
2046 1443 123 92
2046 1443 123 92
2046 1443 123 92
2046 1443 123 92
2046 1443 123 92
2046 1443 123 92
2046 1443 123 92
2046 1443 123 92
2046 1443 123 92
2046 1443 123 92
2046 1443 123 92
2046 1443 123 92
2046 1443 123 92
2046 1443 123 92
2046 1443 123 92
2046 1443 123 92
2046 1443 123 92
2046 1443 123 92
2046 1443 123 92
2046 1443 123 92
2046 1443 123 92
2046 1443 123 92
2046 1443 123 92
2046 1443 123 92
2046 1443 123 92
2046 1443 123 92
2046 1443 123 92
2046 1443 123 92
2046 1443 123 92
2046 1443 123 92
2046 1443 123 92
2046 1443 123 92
2046 1443 123 92
2046 1443 123 92
2046 1443 123 92
2046 1443 123 92
2046 1443 123 92
2046 1443 123 92
2046 1443 123 92
2046 1443 123 92
2046 1443 123 92
2046 1443 123 92
2046 1443 123 92
2046 1443 123 92
2046 1443 123 92
2046 1443 123 92
2046 1443 123 92
2046 1443 123 92
2046 1443 123 92
2046 1443 123 92
2046 1443 123 92
2046 1443 123 92
2046 1443 123 92
2046 1443 123 92
2046 1443 123 92
2046 1443 123 92
2046 1443 123 92
2046 1443 123 92
2046 1443 123 92
2046 1443 123 92
2046 1443 123 92
2046 1443 123 92
2046 1443 123 92
2046 1443 123 92
2046 1443 123 92
2046 1443 123 92
2046 1443 123 92
2046 1443 123 92
2046 1443 123 92
2046 1443 123 92
2046 1443 123 92
2046 1443 123 92
2046 1443 123 92
2046 1443 123 92
2046 1443 123 92
2046 1443 123 92
2046 1443 123 92
2046 1443 123 92
2046 1443 123 92
2046 1443 123 92
2046 1443 123 92
2046 1443 123 92
2046 1443 123 92
2046 1443 123 92
2046 1443 123 92
2046 1443 123 92
2046 1443 123 92
2046 1443 123 92
2046 1443 123 92
2046 1443 123 92
2046 1443 123 92
2046 1443 123 92
2046 1443 123 92
2046 1443 123 92
2046 1443 123 92
2046 1443 123 92
2046 1443 123 92
2046 1443 123 92
2046 1443 123 92
2046 1443 123 92
2046 1443 123 92
2046 1443 123 92
2046 1443 123 92
2046 1443 123 92
2046 1443 123 92
2046 1443 123 92
2046 1443 123 92
2046 1443 123 92
2046 1443 123 92
2046 1443 123 92
2046 1443 123 92
2046 1443 123 92
2046 1443 123 92
2046 1443 123 92
2046 1443 123 92
2046 1443 123 92
2046 1443 123 92
2046 1443 123 92
2046 1443 123 92
2046 1443 123 92
2046 1443 123 92
2046 1443 123 92
2046 1443 123 92
2046 1443 123 92
2046 1443 123 92
2046 1443 123 92
2046 1443 123 92
2046 1443 123 92
2046 1443 123 92
2046 1443 123 92
2046 1443 123 92
2046 1443 123 92
2046 1443 123 92
2046 1443 123 92
2046 1443 123 92
2046 1443 123 92
2046 1443 123 92
2046 1443 123 92
2046 1443 123 92
2110 1423 126 94
2113 1426 129 96
2119 1430 130 97
2119 1430 130 97
2119 1430 130 97
2119 1430 130 97
2119 1430 130 97
2119 1430 130 97
2119 1430 130 97
2119 1430 130 97
2119 1430 130 97
2119 1430 130 97
2119 1430 130 97
2119 1430 130 97
2119 1430 130 97
2119 1430 130 97
2119 1430 130 97
2119 1430 130 97
2119 1430 130 97
2119 1430 130 97
2119 1430 130 97
2119 1430 130 97
2119 1430 130 97
2119 1430 130 97
2119 1430 130 97
2119 1430 130 97
2119 1430 130 97
2119 1430 130 97
2119 1430 130 97
2119 1430 130 97
2119 1430 130 97
2119 1430 130 97
2119 1430 130 97
2119 1430 130 97
2119 1430 130 97
2119 1430 130 97
2119 1430 130 97
2119 1430 130 97
2119 1430 130 97
2119 1430 130 97
2119 1430 130 97
2119 1430 130 97
2119 1430 130 97
2119 1430 130 97
2119 1430 130 97
2119 1430 130 97
2119 1430 130 97
2119 1430 130 97
2119 1430 130 97
2119 1430 130 97
2119 1430 130 97
2119 1430 130 97
2119 1430 130 97
2119 1430 130 97
2119 1430 130 97
2119 1430 130 97
2119 1430 130 97
2119 1430 130 97
2119 1430 130 97
2119 1430 130 97
2119 1430 130 97
2119 1430 130 97
2119 1430 130 97
2119 1430 130 97
2119 1430 130 97
2167 1322 131 98
2192 1317 131 98
2185 1322 131 98
2207 1331 133 99
2208 1336 135 100
2206 1342 134 100
2226 1361 133 99
2240 1365 134 100
2245 1370 133 99
2247 1368 132 98
2249 1379 133 98
2253 1371 133 99
2252 1393 135 100
2261 1385 135 101
2271 1404 136 102
2280 1411 136 102
2291 1421 134 100
2290 1427 132 98
2300 1434 132 98
2283 1441 129 96
2284 1448 126 94
2277 1454 125 93
2277 1454 125 93
2277 1454 125 93
2277 1454 125 93
2277 1454 125 93
2277 1454 125 93
2277 1454 125 93
2277 1454 125 93
2277 1454 125 93
2277 1454 125 93
2277 1454 125 93
2277 1454 125 93
2277 1454 125 93
2277 1454 125 93
2277 1454 125 93
2277 1454 125 93
2277 1454 125 93
2277 1454 125 93
2277 1454 125 93
2277 1454 125 93
2277 1454 125 93
2277 1454 125 93
2277 1454 125 93
2277 1454 125 93
2277 1454 125 93
2277 1454 125 93
2277 1454 125 93
2277 1454 125 93
2277 1454 125 93
2277 1454 125 93
2277 1454 125 93
2277 1454 125 93
2277 1454 125 93
2277 1454 125 93
2277 1454 125 93
2277 1454 125 93
2277 1454 125 93
2277 1454 125 93
2277 1454 125 93
2277 1454 125 93
2277 1454 125 93
2277 1454 125 93
2277 1454 125 93
2277 1454 125 93
2277 1454 125 93
2277 1454 125 93
2277 1454 125 93
2277 1454 125 93
2277 1454 125 93
2277 1454 125 93
2277 1454 125 93
2277 1454 125 93
2277 1454 125 93
2277 1454 125 93
2277 1454 125 93
2277 1454 125 93
2277 1454 125 93
2277 1454 125 93
2277 1454 125 93
2277 1454 125 93
2277 1454 125 93
2277 1454 125 93
2277 1454 125 93
2277 1454 125 93
2277 1454 125 93
2277 1454 125 93
2277 1454 125 93
2277 1454 125 93
2277 1454 125 93
2277 1454 125 93
2277 1454 125 93
2277 1454 125 93
2277 1454 125 93
2277 1454 125 93
2277 1454 125 93
2277 1454 125 93
2277 1454 125 93
2277 1454 125 93
2277 1454 125 93
2277 1454 125 93
2277 1454 125 93
2277 1454 125 93
2277 1454 125 93
2277 1454 125 93
2277 1454 125 93
2277 1454 125 93
2277 1454 125 93
2277 1454 125 93
2277 1454 125 93
2277 1454 125 93
2277 1454 125 93
2277 1454 125 93
2277 1454 125 93
2277 1454 125 93
2277 1454 125 93
2277 1454 125 93
2277 1454 125 93
2277 1454 125 93
2277 1454 125 93
2277 1454 125 93
2277 1454 125 93
2277 1454 125 93
2277 1454 125 93
2277 1454 125 93
2277 1454 125 93
2277 1454 125 93
2277 1454 125 93
2277 1454 125 93
2277 1454 125 93
2277 1454 125 93
2277 1454 125 93
2277 1454 125 93
2277 1454 125 93
2277 1454 125 93
2277 1454 125 93
2277 1454 125 93
2277 1454 125 93
2277 1454 125 93
2277 1454 125 93
2277 1454 125 93
2277 1454 125 93
2277 1454 125 93
2277 1454 125 93
2277 1454 125 93
2277 1454 125 93
2277 1454 125 93
2277 1454 125 93
2277 1454 125 93
2277 1454 125 93
2277 1454 125 93
2277 1454 125 93
2277 1454 125 93
2277 1454 125 93
