1491 198 25 31
1491 199 26 32
1491 200 26 32
1492 201 26 32
1492 201 26 32
1493 203 26 32
1492 203 26 31
1494 204 26 31
1494 206 25 30
1494 207 26 31
1494 207 26 31
1495 208 26 31
1496 209 26 31
1496 210 26 30
1496 212 26 30
1496 212 26 30
1497 214 26 30
1497 215 26 30
1498 216 26 30
1498 217 26 30
1498 218 26 30
1499 219 26 30
1500 219 27 31
1499 220 27 31
1500 221 28 32
1500 222 28 32
1501 223 28 32
1501 224 28 32
1501 225 29 33
1501 225 29 33
1501 226 28 32
1502 227 29 33
1502 227 28 32
1504 228 28 32
1503 230 28 32
1504 230 29 33
1504 231 29 33
1505 231 29 32
1504 232 29 32
1505 233 29 32
1505 234 29 32
1505 234 29 32
1505 235 28 31
1507 235 28 31
1506 235 28 31
1507 236 28 31
1506 237 27 30
1507 238 27 30
1507 239 26 29
1507 238 27 30
1507 238 27 30
1506 238 28 31
1506 238 29 32
1506 238 29 32
1505 237 30 33
1504 237 31 34
1503 237 32 35
1505 236 32 35
1505 237 32 35
1507 238 32 35
1508 237 31 34
1508 238 31 34
1509 238 30 33
1510 238 30 33
1510 239 30 33
1511 239 30 33
1511 239 30 33
1512 239 30 33
1512 239 30 33
1512 240 31 34
1512 239 31 34
1512 240 31 34
1513 240 32 35
1514 240 32 35
1515 239 32 34
1516 241 32 34
1517 241 32 34
1517 241 32 34
1517 241 32 34
1518 242 32 34
1517 241 32 34
1517 242 32 34
1516 243 32 34
1516 243 32 34
1513 243 33 36
1511 242 34 37
1511 243 35 38
1506 242 35 38
1508 242 35 38
1505 242 35 38
1505 243 36 39
1506 240 37 40
1504 241 38 41
1500 244 37 40
1503 242 37 40
1504 242 37 40
1505 243 37 40
1505 243 37 40
1505 245 37 40
1507 244 37 40
1508 244 37 40
1508 245 37 40
1510 245 37 40
1510 245 37 40
1510 247 37 40
1511 248 37 40
1511 248 37 40
1513 248 38 41
1512 248 38 41
1513 248 38 41
1514 247 38 41
1514 247 38 41
1514 248 39 42
1515 248 39 42
1515 248 39 42
1515 250 39 42
1515 250 39 42
1516 251 38 41
1517 252 37 40
1517 253 36 39
1518 253 36 39
1518 253 36 39
1519 254 36 39
1519 253 37 40
1520 254 38 41
1521 253 38 41
1522 254 38 41
1522 253 39 42
1522 253 38 41
1523 255 38 41
1523 254 39 42
1523 255 39 42
1522 255 39 42
1521 255 39 42
1519 255 39 42
1517 255 39 41
1514 255 39 41
1512 256 39 41
1510 256 39 41
1508 256 39 41
1508 257 39 41
1508 257 38 40
1508 258 39 41
1504 258 39 41
1506 255 40 42
1508 258 40 41
1512 258 34 42
1512 258 36 44
1513 257 36 44
1513 258 36 44
1513 258 36 44
1514 258 36 44
1515 259 36 44
1516 259 36 44
1516 259 36 44
1516 259 37 45
1517 258 37 45
1517 259 37 45
1517 258 38 46
1518 259 39 47
1516 257 40 48
1518 259 41 50
1518 259 41 50
1519 258 42 51
1520 259 42 51
1520 259 42 51
1521 256 43 52
1520 259 42 51
1521 259 43 52
1521 260 43 52
1522 260 43 52
1523 260 43 52
1523 261 43 52
1524 261 43 52
1525 261 43 52
1524 262 42 51
1525 259 43 52
1526 262 42 51
1527 262 42 51
1524 262 41 50
1521 262 40 49
1515 260 40 49
1508 262 40 49
1501 262 39 48
1494 263 38 47
1488 262 38 47
1477 267 37 46
1475 261 38 47
1470 261 38 47
1463 262 38 46
1456 264 38 45
1449 264 38 44
1431 267 38 44
1425 265 39 45
1419 263 39 44
1402 266 38 43
1398 264 39 44
1393 264 38 43
1390 263 39 44
1389 262 39 44
1387 263 39 44
1387 260 39 44
1386 260 39 44
1385 261 39 44
1387 261 39 44
1388 257 39 44
1386 258 39 44
1392 264 38 43
1392 260 39 44
1390 258 39 44
1390 255 40 45
1387 255 41 46
1391 259 41 46
1388 258 41 46
1395 262 41 46
1394 258 41 46
1393 255 41 45
1392 255 42 46
1392 255 43 47
1392 254 44 48
1400 259 44 48
1400 260 44 48
1400 264 44 48
1401 263 44 48
1402 264 44 48
1404 266 44 48
1406 267 44 48
1407 269 44 48
1407 271 44 48
1406 269 44 48
1408 270 43 47
1408 271 43 46
1410 273 43 46
1409 274 42 45
1411 273 41 44
1411 276 41 44
1411 275 41 44
1410 277 41 44
1412 276 41 43
1412 277 41 43
1412 277 41 43
1413 278 41 43
1414 278 41 43
1415 278 41 43
1416 279 42 44
1414 273 41 43
1413 280 42 44
1416 282 41 43
1418 282 40 42
1419 284 40 42
1419 283 40 42
1420 284 40 42
1420 284 40 42
1419 285 40 42
1419 286 40 42
1418 286 40 42
1418 287 40 42
1419 286 40 42
1419 287 40 42
1420 287 40 42
1420 288 40 42
1421 289 40 42
1421 289 39 41
1421 289 39 41
1421 290 39 41
1422 291 39 41
1423 291 39 41
1423 292 38 40
1424 293 38 40
1425 293 38 40
1425 293 37 39
1425 294 36 38
1424 294 35 37
1424 295 35 37
1425 295 35 37
1426 295 35 37
1427 296 34 36
1428 297 35 37
1428 298 34 36
1430 299 33 35
1429 299 33 35
1428 299 33 35
1428 300 33 35
1428 301 33 35
1428 301 33 35
1427 302 33 35
1427 302 34 36
1426 303 34 36
1425 303 34 36
1424 303 34 36
1422 304 34 36
1420 304 34 36
1418 305 34 36
1417 306 35 37
1416 305 35 37
1414 306 34 36
1412 307 34 36
1410 307 34 36
1408 307 34 36
1405 308 34 36
1404 308 34 36
1401 309 34 36
1398 310 34 36
1394 310 34 36
1389 311 34 36
1384 311 34 36
1377 312 34 36
1370 313 34 36
1363 313 33 35
1352 308 33 35
1346 312 33 35
1340 314 32 34
1326 310 32 34
1320 313 32 34
1314 315 32 34
1311 315 31 33
1306 316 32 34
1303 316 32 34
1299 315 32 34
1296 315 32 34
1293 314 32 34
1290 316 33 35
1289 317 33 35
1290 317 33 35
1290 318 33 35
1291 318 34 36
1291 319 34 36
1292 320 34 36
1293 320 34 36
1293 320 33 35
1293 321 33 35
1294 322 33 35
1294 322 33 35
1295 323 33 35
1296 322 34 36
1296 323 34 36
1297 323 35 37
1297 324 34 36
1299 326 34 36
1298 325 35 37
1299 326 35 37
1299 325 35 37
1299 326 35 37
1300 328 34 36
1302 329 34 36
1302 330 33 35
1304 330 33 35
1303 330 34 36
1305 331 34 36
1305 331 34 36
1306 332 34 36
1306 332 34 36
1307 333 34 36
1307 333 34 36
1308 334 34 36
1309 334 34 36
1308 334 34 36
1309 335 34 36
1310 335 34 36
1311 336 33 35
1310 337 33 35
1311 337 33 35
1313 338 33 35
1312 338 33 35
1312 338 33 35
1314 339 33 35
1313 339 33 35
1316 339 32 34
1315 340 33 35
1315 340 33 35
1316 340 32 34
1318 340 32 34
1318 340 32 34
1318 340 32 34
1317 340 33 35
1318 340 34 36
1319 341 33 35
1318 341 33 35
1320 341 33 35
1320 341 33 35
1321 341 33 35
1322 342 32 34
1323 343 32 34
1324 343 32 34
1324 343 32 34
1324 343 32 34
1324 343 32 34
1325 343 32 34
1325 343 32 34
1326 344 32 34
1327 343 31 33
1326 343 31 33
1327 343 31 33
1327 343 32 34
1328 344 32 34
1329 344 32 34
1329 344 32 34
1329 344 31 33
1328 344 32 34
1329 344 33 35
1329 344 32 34
1330 344 32 34
1331 344 32 34
1331 345 32 34
1332 345 32 34
1332 346 32 34
1332 346 32 34
1332 346 32 34
1332 346 32 34
1333 346 32 34
1333 347 32 34
1333 347 32 34
1334 346 33 35
1333 346 33 35
1335 347 33 35
1335 346 32 34
1336 347 33 35
1335 347 33 35
1335 348 33 35
1336 348 33 35
1336 348 33 35
1335 348 33 35
1334 348 33 35
1332 348 32 34
1331 349 33 35
1329 347 33 35
1326 346 34 36
1324 346 34 36
1322 346 35 37
1320 347 34 36
1321 348 34 36
1320 347 33 35
1321 348 33 35
1320 348 33 35
1320 347 33 35
1321 348 33 35
1321 349 33 35
1321 348 33 35
1322 348 33 35
1321 347 33 35
1322 348 33 35
1321 348 33 35
1323 349 33 35
1321 348 33 35
1322 349 33 35
1321 350 33 35
1321 349 32 34
1320 348 32 34
1318 347 33 35
1316 347 33 35
1315 347 32 34
1317 348 33 35
1315 347 33 35
1316 348 33 35
1315 347 32 34
1318 346 32 34
1317 344 32 34
1316 341 32 34
1317 342 32 34
1316 343 32 34
1317 344 33 35
1315 343 33 35
1317 341 33 35
1315 344 33 35
1317 343 33 35
1316 343 33 35
1317 342 33 35
1315 344 33 35
1317 344 33 35
1316 343 33 35
1316 345 34 36
1318 344 33 35
1316 347 33 35
1318 345 33 35
1316 348 33 35
1317 346 33 35
1317 346 33 35
1316 346 33 35
1317 346 33 36
1316 347 34 37
1317 346 34 37
1317 347 34 37
1317 348 34 37
1317 349 34 37
1318 349 34 37
1318 351 34 37
1318 353 33 36
1318 353 33 36
1318 353 32 35
1317 353 32 35
1317 353 32 34
1318 353 32 34
1318 355 32 34
1318 356 32 34
1318 357 32 34
1318 359 32 34
1318 359 33 35
1317 358 33 35
1317 359 33 35
1316 359 34 36
1316 358 34 36
1317 358 34 36
1317 359 35 37
1316 360 36 38
1317 361 37 39
1318 360 38 40
1318 361 39 41
1317 362 39 41
1318 362 40 42
1318 362 40 42
1319 364 41 43
1314 359 40 42
1318 362 41 43
1319 364 42 44
1321 362 43 45
1323 361 44 46
1314 359 44 46
1318 362 44 46
1320 362 46 48
1314 357 46 48
1316 360 46 48
1319 362 47 49
1313 358 47 49
1317 361 47 49
1313 358 47 49
1316 362 47 49
1318 360 48 50
1312 358 48 50
1315 363 48 50
1319 363 49 51
1313 358 49 51
1317 362 49 51
1314 360 48 50
1319 363 49 51
1313 359 49 51
1320 363 50 52
1314 361 50 52
1319 365 50 52
1321 365 51 53
1313 360 51 53
1318 365 52 54
1319 365 54 56
1312 360 54 56
1318 360 55 57
1318 357 56 59
1318 358 57 61
1318 356 58 62
1318 354 60 64
1317 351 62 66
1317 349 62 66
1307 356 62 66
1312 358 63 67
1314 353 64 68
1316 354 63 67
1310 355 64 68
1314 355 65 69
1316 356 64 68
1317 356 64 68
1318 357 64 68
1318 356 63 67
1317 356 63 67
1317 357 62 66
1318 359 61 65
1318 356 61 65
1316 357 60 64
1317 362 59 63
1318 358 59 63
1316 361 58 62
1315 362 57 61
1313 359 56 60
1315 363 56 60
1314 363 56 60
1314 364 55 59
1314 363 55 59
1313 365 54 58
1314 365 53 57
1314 367 53 57
1313 366 53 57
1315 365 53 57
1313 369 53 57
1314 365 53 57
1313 368 53 57
1314 365 53 57
1313 367 53 57
1312 365 53 57
1314 364 52 56
1313 367 52 56
1315 364 52 56
1313 367 52 56
1314 364 52 56
1313 368 52 56
1315 364 52 56
1312 368 53 57
1314 364 53 57
1313 367 54 58
1314 365 54 57
1312 365 55 58
1313 364 55 58
1312 364 56 59
1311 364 56 59
1312 364 56 59
1311 365 57 60
1312 366 58 61
1312 360 59 62
1311 360 60 63
1311 360 61 64
1311 358 61 64
1311 359 62 65
1311 356 62 65
1311 359 63 66
1311 360 63 66
1311 360 63 66
1311 361 63 66
1311 361 64 67
1311 360 64 67
1311 362 64 67
1310 361 63 66
1310 364 62 65
1309 363 61 64
1310 368 61 64
1310 365 60 63
1311 369 60 63
1310 363 61 64
1309 366 63 66
1309 365 63 66
1308 365 63 66
1308 365 63 66
1309 366 63 66
1308 366 64 67
1309 366 64 67
1309 363 65 68
1309 363 65 68
1309 364 65 69
1310 363 65 69
1310 367 65 69
1310 366 65 69
1309 366 65 69
1309 365 65 69
1310 363 66 70
1310 364 66 70
1311 365 66 71
1310 366 66 71
1310 363 66 71
1310 364 67 72
1310 366 68 73
1310 367 68 73
1311 368 68 73
1311 367 68 73
1307 364 67 72
1308 359 68 73
1308 367 70 75
1309 364 70 75
1308 361 70 74
1308 368 70 74
1309 362 70 74
1309 368 71 75
1308 366 72 76
1308 361 72 76
1308 369 72 76
1308 363 72 76
1308 367 73 77
1309 362 73 76
1308 372 73 76
1308 368 73 76
1308 368 73 76
1307 369 73 76
1307 367 73 76
1308 367 74 77
1307 368 73 76
1307 368 74 77
1308 368 75 78
1307 368 75 78
1306 371 75 78
1306 370 76 80
1306 370 77 81
1305 370 78 82
1305 366 80 84
1305 368 80 84
1306 366 80 84
1305 372 78 82
1306 367 79 83
1306 371 78 82
1306 369 78 82
1307 370 79 83
1303 372 78 82
1306 371 79 83
1307 373 79 83
1306 373 79 83
1307 373 79 83
1307 375 79 83
1308 374 78 82
1309 375 78 82
1309 377 77 81
1309 376 75 79
1310 377 75 79
1309 378 74 78
1310 380 76 80
1311 379 75 79
1311 378 74 78
1310 381 74 78
1311 382 74 78
1311 383 73 77
1311 382 73 77
1311 383 74 78
1312 381 75 79
1313 381 75 79
1313 379 75 79
1310 376 77 81
1309 380 79 83
1311 378 79 83
1311 379 79 83
1310 379 79 83
1309 376 80 84
1310 379 81 85
1308 380 81 85
1310 382 81 85
1309 379 80 84
1309 379 82 86
1308 376 84 88
1309 379 84 88
1308 377 85 89
1307 378 85 89
1307 378 85 89
1308 379 85 89
1306 377 85 89
1308 380 85 89
1305 377 85 89
1306 379 87 91
1304 378 86 90
1304 379 89 93
1306 379 88 92
1304 380 88 92
1305 381 88 92
1305 382 88 92
1305 383 87 91
1305 386 86 90
1307 386 86 89
1304 385 86 89
1307 388 86 89
1305 385 86 89
1307 387 87 90
1304 387 86 89
1307 385 87 90
1305 382 89 93
1303 382 90 94
1306 382 90 94
1304 385 90 94
1305 383 92 96
1302 382 91 95
1305 385 91 95
1303 384 90 94
1305 387 91 95
1303 385 91 95
1303 386 90 94
1304 389 91 95
1303 386 91 95
1303 385 92 96
1302 383 92 96
1304 382 94 98
1302 386 94 98
1302 384 96 100
1300 385 95 99
1301 385 96 100
1299 385 96 100
1300 385 97 101
1298 386 97 101
1297 384 98 102
1298 381 97 101
1299 381 97 101
1298 380 98 102
1301 382 99 103
1297 380 100 104
1300 384 101 105
1297 383 102 106
1297 382 102 106
1298 381 103 107
1298 374 104 108
1297 372 104 108
1298 370 104 108
1294 384 103 107
1295 383 103 107
1294 381 103 107
1294 378 104 108
1293 374 105 109
1292 371 105 109
1294 365 105 109
1295 368 105 109
1298 365 104 108
1296 370 103 107
1299 367 102 106
1296 374 101 105
1297 368 101 105
1294 374 101 105
1295 370 102 106
1297 367 103 107
1294 369 102 106
1294 370 104 108
1296 365 105 109
1294 365 105 109
1292 364 104 108
1291 362 103 107
1290 365 102 106
1290 362 102 106
1292 363 102 106
1293 364 102 106
1292 365 102 106
1293 364 101 105
