635 264 18 60
636 263 18 60
637 263 18 59
638 262 18 58
639 265 18 57
639 262 18 57
640 266 18 56
641 265 18 55
643 263 18 57
645 266 18 57
647 266 18 56
650 267 18 55
653 268 18 54
655 271 18 55
656 267 18 55
657 262 18 55
658 262 18 55
658 260 18 55
658 260 19 57
658 257 20 59
659 256 20 59
659 254 20 60
665 255 20 60
665 257 20 60
666 255 20 61
667 256 20 62
669 257 20 63
672 255 20 62
674 255 20 62
675 257 19 60
677 257 19 59
679 257 19 58
681 258 19 57
682 260 19 57
684 257 19 56
687 258 19 55
689 258 19 55
690 258 20 57
692 257 20 57
693 258 20 56
694 259 20 56
694 260 20 56
695 261 20 55
698 260 17 56
699 261 17 55
700 263 17 54
701 263 17 53
702 263 17 53
706 256 16 52
707 261 17 53
707 261 18 55
708 261 19 57
709 258 20 59
710 260 20 60
711 260 20 61
712 257 20 62
713 258 20 63
715 258 20 63
717 260 20 62
718 261 20 61
719 261 20 61
720 263 20 60
722 264 20 60
724 266 20 61
725 268 21 64
725 273 21 64
728 258 21 64
729 265 21 64
729 269 21 64
729 274 21 64
734 263 20 63
734 269 21 64
739 264 21 64
740 265 21 64
741 266 21 63
742 264 21 63
744 264 21 63
745 262 21 62
747 264 21 61
748 265 21 61
754 263 21 61
755 266 21 62
755 264 22 64
756 266 22 65
761 263 21 64
761 266 22 64
762 265 23 67
767 258 23 67
768 263 23 68
771 255 23 69
773 260 23 69
775 255 22 67
776 260 22 67
776 260 22 67
776 260 22 67
776 260 22 67
776 260 22 67
776 260 22 67
776 260 22 67
776 260 22 67
776 260 22 67
776 260 22 67
776 260 22 67
776 260 22 67
776 260 22 67
776 260 22 67
776 260 22 67
776 260 22 67
776 260 22 67
776 260 22 67
776 260 22 67
776 260 22 67
776 260 22 67
776 260 22 67
776 260 22 67
776 260 22 67
776 260 22 67
776 260 22 67
776 260 22 67
776 260 22 67
776 260 22 67
776 260 22 67
776 260 22 67
776 260 22 67
776 260 22 67
776 260 22 67
776 260 22 67
776 260 22 67
776 260 22 67
776 260 22 67
776 260 22 67
776 260 22 67
776 260 22 67
776 260 22 67
776 260 22 67
776 260 22 67
776 260 22 67
776 260 22 67
776 260 22 67
776 260 22 67
776 260 22 67
776 260 22 67
776 260 22 67
776 260 22 67
776 260 22 67
776 260 22 67
776 260 22 67
776 260 22 67
776 260 22 67
776 260 22 67
776 260 22 67
776 260 22 67
776 260 22 67
776 260 22 67
776 260 22 67
776 260 22 67
776 260 22 67
776 260 22 67
776 260 22 67
776 260 22 67
776 260 22 67
776 260 22 67
776 260 22 67
776 260 22 67
776 260 22 67
776 260 22 67
776 260 22 67
776 260 22 67
776 260 22 67
776 260 22 67
776 260 22 67
776 260 22 67
776 260 22 67
776 260 22 67
776 260 22 67
776 260 22 67
776 260 22 67
776 260 22 67
776 260 22 67
776 260 22 67
776 260 22 67
776 260 22 67
776 260 22 67
776 260 22 67
776 260 22 67
776 260 22 67
776 260 22 67
776 260 22 67
776 260 22 67
776 260 22 67
776 260 22 67
776 260 22 67
776 260 22 67
776 260 22 67
776 260 22 67
776 260 22 67
776 260 22 67
776 260 22 67
776 260 22 67
776 260 22 67
776 260 22 67
776 260 22 67
776 260 22 67
776 260 22 67
776 260 22 67
776 260 22 67
776 260 22 67
776 260 22 67
776 260 22 67
776 260 22 67
776 260 22 67
776 260 22 67
776 260 22 67
776 260 22 67
776 260 22 67
776 260 22 67
776 260 22 67
776 260 22 67
776 260 22 67
776 260 22 67
776 260 22 67
776 260 22 67
776 260 22 67
776 260 22 67
776 260 22 67
776 260 22 67
776 260 22 67
776 260 22 67
776 260 22 67
776 260 22 67
776 260 22 67
776 260 22 67
776 260 22 67
776 260 22 67
776 260 22 67
776 260 22 67
776 260 22 67
776 260 22 67
776 260 22 67
776 260 22 67
776 260 22 67
776 260 22 67
776 260 22 67
776 260 22 67
776 260 22 67
776 260 22 67
776 260 22 67
776 260 22 67
776 260 22 67
776 260 22 67
776 260 22 67
776 260 22 67
776 260 22 67
776 260 22 67
776 260 22 67
776 260 22 67
776 260 22 67
776 260 22 67
776 260 22 67
776 260 22 67
776 260 22 67
776 260 22 67
776 260 22 67
776 260 22 67
776 260 22 67
776 260 22 67
776 260 22 67
776 260 22 67
776 260 22 67
776 260 22 67
776 260 22 67
776 260 22 67
776 260 22 67
776 260 22 67
776 260 22 67
776 260 22 67
776 260 22 67
776 260 22 67
776 260 22 67
776 260 22 67
776 260 22 67
776 260 22 67
776 260 22 67
776 260 22 67
776 260 22 67
776 260 22 67
776 260 22 67
776 260 22 67
776 260 22 67
776 260 22 67
776 260 22 67
776 260 22 67
776 260 22 67
776 260 22 67
776 260 22 67
776 260 22 67
776 260 22 67
776 260 22 67
776 260 22 67
776 260 22 67
776 260 22 67
776 260 22 67
776 260 22 67
776 260 22 67
776 260 22 67
776 260 22 67
776 260 22 67
776 260 22 67
776 260 22 67
776 260 22 67
776 260 22 67
776 260 22 67
776 260 22 67
776 260 22 67
776 260 22 67
776 260 22 67
776 260 22 67
776 260 22 67
776 260 22 67
776 260 22 67
776 260 22 67
776 260 22 67
776 260 22 67
776 260 22 67
776 260 22 67
776 260 22 67
776 260 22 67
776 260 22 67
776 260 22 67
776 260 22 67
776 260 22 67
776 260 22 67
776 260 22 67
776 260 22 67
776 260 22 67
776 260 22 67
776 260 22 67
776 260 22 67
776 260 22 67
776 260 22 67
776 260 22 67
776 260 22 67
776 260 22 67
776 260 22 67
776 260 22 67
776 260 22 67
776 260 22 67
776 260 22 67
776 260 22 67
776 260 22 67
776 260 22 67
776 260 22 67
776 260 22 67
776 260 22 67
776 260 22 67
776 260 22 67
776 260 22 67
776 260 22 67
776 260 22 67
776 260 22 67
776 260 22 67
776 260 22 67
776 260 22 67
776 260 22 67
776 260 22 67
776 260 22 67
776 260 22 67
776 260 22 67
776 260 22 67
776 260 22 67
776 260 22 67
776 260 22 67
776 260 22 67
776 260 22 67
776 260 22 67
776 260 22 67
776 260 22 67
776 260 22 67
776 260 22 67
776 260 22 67
776 260 22 67
776 260 22 67
776 260 22 67
776 260 22 67
776 260 22 67
776 260 22 67
776 260 22 67
776 260 22 67
776 260 22 67
776 260 22 67
776 260 22 67
776 260 22 67
776 260 22 67
776 260 22 67
776 260 22 67
776 260 22 67
776 260 22 67
776 260 22 67
776 260 22 67
776 260 22 67
776 260 22 67
776 260 22 67
776 260 22 67
776 260 22 67
776 260 22 67
776 260 22 67
776 260 22 67
776 260 22 67
776 260 22 67
776 260 22 67
776 260 22 67
776 260 22 67
776 260 22 67
776 260 22 67
776 260 22 67
776 260 22 67
776 260 22 67
776 260 22 67
776 260 22 67
776 260 22 67
776 260 22 67
776 260 22 67
776 260 22 67
776 260 22 67
776 260 22 67
776 260 22 67
776 260 22 67
776 260 22 67
776 260 22 67
776 260 22 67
776 260 22 67
776 260 22 67
776 260 22 67
776 260 22 67
776 260 22 67
776 260 22 67
776 260 22 67
776 260 22 67
776 260 22 67
776 260 22 67
776 260 22 67
776 260 22 67
776 260 22 67
776 260 22 67
776 260 22 67
776 260 22 67
776 260 22 67
776 260 22 67
776 260 22 67
776 260 22 67
776 260 22 67
776 260 22 67
776 260 22 67
776 260 22 67
776 260 22 67
776 260 22 67
776 260 22 67
776 260 22 67
776 260 22 67
776 260 22 67
776 260 22 67
776 260 22 67
776 260 22 67
776 260 22 67
776 260 22 67
776 260 22 67
776 260 22 67
776 260 22 67
776 260 22 67
776 260 22 67
776 260 22 67
776 260 22 67
776 260 22 67
776 260 22 67
776 260 22 67
776 260 22 67
776 260 22 67
776 260 22 67
776 260 22 67
776 260 22 67
776 260 22 67
776 260 22 67
776 260 22 67
776 260 22 67
776 260 22 67
776 260 22 67
776 260 22 67
776 260 22 67
776 260 22 67
776 260 22 67
776 260 22 67
776 260 22 67
776 260 22 67
776 260 22 67
776 260 22 67
776 260 22 67
776 260 22 67
776 260 22 67
776 260 22 67
776 260 22 67
776 260 22 67
776 260 22 67
776 260 22 67
776 260 22 67
776 260 22 67
776 260 22 67
776 260 22 67
776 260 22 67
776 260 22 67
776 260 22 67
776 260 22 67
776 260 22 67
776 260 22 67
776 260 22 67
776 260 22 67
776 260 22 67
776 260 22 67
776 260 22 67
776 260 22 67
776 260 22 67
776 260 22 67
776 260 22 67
776 260 22 67
776 260 22 67
776 260 22 67
776 260 22 67
776 260 22 67
776 260 22 67
776 260 22 67
776 260 22 67
776 260 22 67
776 260 22 67
776 260 22 67
776 260 22 67
776 260 22 67
776 260 22 67
776 260 22 67
776 260 22 67
776 260 22 67
776 260 22 67
776 260 22 67
776 260 22 67
776 260 22 67
776 260 22 67
776 260 22 67
776 260 22 67
776 260 22 67
776 260 22 67
776 260 22 67
776 260 22 67
776 260 22 67
776 260 22 67
776 260 22 67
