668 360 32 84
669 360 32 83
669 359 32 84
669 360 32 84
670 358 33 86
669 359 32 84
670 360 31 82
670 359 32 84
670 360 31 82
670 359 32 84
669 360 31 82
669 361 31 81
668 360 32 83
668 361 31 81
667 361 31 81
667 362 30 80
667 362 30 80
666 361 31 82
664 361 32 83
664 363 32 82
664 363 32 82
663 363 32 82
662 363 32 82
663 364 32 82
662 363 32 82
661 363 32 82
662 363 32 82
662 363 33 84
661 363 33 84
662 361 33 85
663 361 33 85
663 360 34 87
662 357 34 87
663 355 35 89
661 356 35 88
664 355 35 88
662 354 35 87
665 353 35 87
663 351 34 86
665 350 33 84
663 350 32 82
663 347 33 86
663 345 33 87
662 346 32 85
662 345 33 87
661 345 33 87
661 344 33 88
660 345 33 88
660 346 32 86
661 346 32 87
660 346 33 89
659 346 33 90
659 346 33 90
659 345 33 91
658 345 33 92
659 346 32 90
660 346 32 90
659 347 32 90
659 348 32 91
660 347 32 91
659 347 32 91
660 347 32 91
661 348 32 90
661 350 32 90
661 350 33 92
662 351 33 91
662 351 33 92
663 351 33 92
663 350 34 94
664 349 34 94
665 347 34 95
666 347 34 94
666 348 33 92
667 347 33 93
666 347 33 93
666 346 33 94
666 345 34 96
666 347 34 96
665 346 35 97
664 348 34 96
665 349 34 97
664 345 35 99
663 346 34 97
664 348 33 95
664 347 32 94
663 349 32 94
662 346 32 93
663 348 31 90
663 348 31 91
662 348 31 91
662 347 31 90
662 347 32 92
661 347 32 93
660 347 32 93
661 349 32 93
661 349 32 93
662 351 32 92
662 352 32 92
663 351 32 92
663 351 32 93
663 348 33 95
662 346 33 96
662 346 34 99
663 343 35 102
662 343 34 99
664 343 34 98
664 343 35 100
663 344 35 99
662 341 35 100
662 343 36 104
662 343 36 104
661 342 37 106
660 342 37 105
660 344 37 105
659 344 37 106
659 344 37 106
659 346 36 105
659 345 37 107
658 347 36 105
658 348 36 104
657 347 35 102
657 345 35 101
657 343 35 101
657 342 34 99
658 341 34 99
658 340 34 99
659 341 34 98
658 341 35 99
658 341 35 98
658 343 35 99
657 341 35 99
657 338 37 104
657 340 38 105
658 339 38 105
658 340 38 104
659 340 38 105
659 337 38 106
660 337 39 107
659 335 39 107
660 333 39 106
660 331 39 106
661 331 38 104
662 329 38 104
661 327 39 105
659 324 39 106
660 326 38 105
661 328 38 106
661 326 37 104
660 327 36 102
660 330 36 103
660 331 36 103
660 333 36 102
660 333 36 101
659 334 35 99
659 336 35 98
658 334 34 97
658 339 34 97
658 340 33 95
658 339 33 95
658 337 33 96
658 335 33 97
658 332 34 100
658 330 34 101
658 328 34 102
659 324 34 103
659 322 34 104
659 321 35 106
659 319 35 107
660 318 36 110
661 315 37 113
662 307 38 116
664 302 39 118
664 302 40 122
665 299 41 125
665 296 43 130
665 291 45 135
664 291 46 138
666 290 47 140
665 285 48 143
663 292 48 144
665 286 48 144
667 283 49 146
665 279 50 150
665 276 50 150
664 274 51 152
663 277 52 154
663 274 53 156
662 276 54 159
662 276 55 163
663 277 56 167
662 277 57 171
660 277 58 174
660 275 58 174
650 285 57 171
646 277 57 172
644 274 56 168
643 281 54 162
642 282 52 157
642 288 51 153
641 293 50 149
642 298 49 145
642 300 48 142
646 302 47 140
646 302 47 140
647 300 47 140
647 306 46 137
648 305 45 135
650 307 44 133
652 308 43 131
655 313 42 128
658 317 41 126
661 319 41 125
662 312 41 125
664 317 41 126
665 311 42 128
667 316 42 128
665 312 43 130
666 317 43 129
665 312 43 128
665 322 43 128
665 314 43 127
663 318 43 128
664 315 43 128
664 320 43 129
665 314 43 129
665 319 43 130
664 318 43 129
664 320 43 128
664 319 43 127
664 318 43 126
664 317 43 125
665 316 43 125
664 316 44 127
664 315 44 126
663 318 44 127
663 317 44 126
665 318 44 126
665 319 45 128
665 318 45 129
666 320 45 130
664 316 45 131
664 318 45 131
665 313 45 130
664 317 46 132
664 312 46 131
666 313 46 132
665 308 47 134
667 308 47 134
666 310 47 135
667 310 47 134
666 314 47 133
665 317 47 132
666 317 47 132
664 319 47 131
665 322 47 131
663 319 47 132
664 321 47 133
664 318 47 134
664 318 47 134
665 321 47 134
663 323 47 134
663 324 47 134
662 324 47 134
663 326 47 134
661 322 47 133
662 324 47 134
657 319 47 134
660 317 47 135
661 320 48 138
662 320 49 140
660 318 50 143
660 321 51 145
659 311 51 146
659 322 52 147
661 316 51 145
660 321 51 146
661 316 52 148
662 322 52 149
663 317 53 150
661 318 53 149
660 317 53 150
660 312 53 149
659 321 52 147
660 317 52 146
660 315 52 146
660 315 52 146
661 314 52 146
660 316 53 148
659 312 53 148
659 323 53 147
658 318 53 147
656 329 53 148
653 319 53 147
652 323 52 145
650 320 51 143
650 328 50 141
647 335 48 136
648 338 46 131
650 342 44 126
651 342 43 123
652 342 41 118
654 344 40 114
654 347 39 110
655 347 38 107
655 345 37 104
657 351 36 102
657 352 36 101
658 352 36 100
659 354 36 99
660 358 36 98
662 358 36 97
659 356 36 97
662 355 36 97
663 353 36 97
665 351 36 96
666 347 37 97
667 350 38 99
666 346 38 100
665 350 39 102
664 347 39 101
664 347 39 100
664 345 39 99
666 342 39 98
666 346 39 98
665 343 39 98
667 343 39 97
667 343 39 97
667 342 39 97
667 343 39 97
667 339 39 97
668 340 39 97
669 340 39 97
669 340 39 96
669 342 39 96
670 344 39 97
668 341 39 98
667 338 39 99
664 339 39 99
662 341 38 97
662 342 37 95
662 341 37 94
663 344 36 93
665 347 35 91
665 343 35 91
666 344 35 90
666 347 35 89
667 342 35 89
669 343 34 88
670 344 33 86
670 346 32 84
670 347 31 83
670 350 30 81
668 354 30 80
668 354 30 80
667 351 30 79
666 353 30 78
666 352 30 78
666 351 30 78
665 352 30 79
664 350 30 80
663 349 30 80
662 353 30 81
663 351 30 82
663 349 30 81
663 350 30 81
664 347 30 81
664 345 30 81
665 342 31 83
667 343 31 84
663 341 31 85
665 342 31 85
665 342 32 86
666 342 32 87
666 337 32 87
666 337 33 89
665 338 33 90
663 339 33 89
665 337 33 90
666 341 32 88
667 341 32 87
665 344 31 85
663 342 31 85
664 339 31 84
664 336 31 84
664 331 31 85
663 334 32 86
664 333 32 85
665 331 32 86
664 334 32 86
665 331 32 86
665 335 32 86
665 332 32 87
664 333 32 87
664 335 32 86
664 333 32 87
662 335 32 87
662 335 32 87
662 335 32 88
662 335 32 89
663 331 33 90
663 333 33 89
662 335 33 89
662 337 33 89
662 337 33 88
662 342 33 88
664 340 33 87
662 340 33 86
663 341 33 85
661 341 32 83
662 343 32 82
664 339 32 82
663 341 32 81
662 340 32 82
664 339 32 82
663 340 32 81
662 338 32 80
661 341 32 79
661 338 32 79
660 340 32 79
660 335 33 81
659 336 33 80
659 336 33 80
658 333 33 80
659 335 33 81
657 332 33 81
658 335 33 82
658 334 34 84
658 333 35 86
654 332 35 85
655 330 36 86
656 334 35 85
656 337 35 85
655 335 35 85
656 335 36 87
655 333 36 86
655 334 36 85
655 336 36 84
656 333 36 84
654 334 36 83
654 336 36 82
654 336 36 82
654 335 36 82
654 337 36 81
654 334 36 81
655 335 36 81
655 336 36 81
654 335 36 81
655 337 36 80
656 337 36 80
655 337 36 79
655 338 36 79
654 337 36 78
659 343 30 78
658 343 30 79
658 343 30 79
658 342 30 79
658 340 30 79
659 343 29 78
660 346 29 77
661 348 29 76
661 350 28 74
662 346 28 73
663 352 27 72
662 349 27 72
662 352 26 71
663 345 27 73
664 347 27 74
665 348 27 73
665 346 27 72
665 348 27 72
666 346 27 72
663 347 27 73
665 347 28 75
666 348 28 76
667 347 28 77
667 344 28 78
668 342 28 78
667 342 28 78
667 342 28 79
667 341 28 79
666 341 28 79
666 338 28 78
668 338 28 79
669 337 28 79
670 339 28 79
671 337 29 81
669 336 29 82
669 337 29 82
667 337 29 81
665 339 29 82
666 337 28 80
666 340 28 79
667 341 27 78
666 341 26 76
666 345 25 74
665 344 25 73
664 345 25 72
663 348 25 72
664 345 25 72
662 344 25 72
662 346 25 72
662 344 25 72
662 345 26 74
662 342 26 73
661 343 27 75
660 341 27 75
660 342 27 75
659 343 27 75
660 342 27 74
661 344 27 74
661 343 27 74
660 346 26 72
661 346 26 71
662 344 26 70
661 346 26 70
662 345 26 70
661 347 26 70
661 344 26 69
661 346 26 69
662 346 26 69
662 344 26 68
662 345 26 68
662 347 26 68
662 345 26 68
662 345 27 70
667 346 27 70
665 341 27 71
662 343 27 71
660 344 27 70
659 346 26 68
659 348 25 67
658 348 25 66
658 351 25 65
658 348 25 64
657 351 25 64
657 349 25 63
656 349 25 63
656 352 25 62
657 348 25 62
656 350 25 62
655 349 25 62
655 350 25 61
656 348 25 61
656 348 25 61
657 348 25 60
656 350 25 59
661 350 25 60
658 348 26 60
657 351 26 59
658 349 26 58
659 351 26 57
658 352 26 57
659 351 26 57
658 352 26 58
659 351 26 59
659 350 26 60
659 351 26 60
660 351 26 61
660 352 26 62
661 353 26 63
661 354 26 62
662 354 26 61
662 356 26 60
662 358 26 59
662 359 26 58
662 361 26 57
662 362 26 56
664 364 21 56
664 363 21 57
664 363 21 58
664 364 21 57
663 364 21 56
663 365 21 56
663 366 21 57
662 367 21 56
663 367 21 57
663 367 21 56
663 368 21 56
663 369 21 57
663 369 21 57
663 369 21 57
663 368 21 56
665 370 21 55
665 369 21 56
666 370 21 55
666 369 21 55
667 370 21 55
667 369 21 56
668 368 21 56
667 369 21 56
667 370 22 57
666 369 22 58
667 370 22 57
666 369 22 58
667 368 22 59
667 367 23 60
666 368 23 60
666 365 24 62
665 366 24 62
665 363 24 62
665 364 24 62
663 366 24 61
662 362 24 62
662 363 24 62
660 364 24 61
658 363 25 62
656 363 25 63
656 360 26 65
655 362 26 66
655 360 27 68
654 357 27 69
653 354 28 71
653 354 28 71
653 353 28 72
653 352 28 73
653 351 28 74
653 351 28 74
653 351 28 74
653 351 28 74
653 351 28 74
653 351 28 75
653 350 28 75
654 350 28 74
654 350 28 75
654 348 28 76
653 346 29 79
653 345 29 79
653 344 29 80
654 345 29 80
655 345 29 81
655 344 30 83
655 343 30 84
654 343 31 86
654 343 32 88
655 344 32 88
655 347 32 88
656 351 32 87
657 350 32 86
658 356 31 84
659 358 31 83
659 363 30 80
661 369 29 78
661 373 28 76
660 378 27 74
658 383 26 72
659 389 25 69
660 395 24 67
659 401 23 64
657 399 22 63
656 405 23 64
651 406 22 63
651 406 22 63
651 406 22 63
651 406 22 63
651 406 22 63
651 406 22 63
651 406 22 63
651 406 22 63
651 406 22 63
651 406 22 63
651 406 22 63
651 406 22 63
651 406 22 63
651 406 22 63
651 406 22 63
651 406 22 63
651 406 22 63
651 406 22 63
651 406 22 63
651 406 22 63
651 406 22 63
651 406 22 63
651 406 22 63
651 406 22 63
651 406 22 63
651 406 22 63
651 406 22 63
651 406 22 63
651 406 22 63
651 406 22 63
651 406 22 63
651 406 22 63
651 406 22 63
651 406 22 63
651 406 22 63
651 406 22 63
651 406 22 63
651 406 22 63
651 406 22 63
651 406 22 63
651 406 22 63
651 406 22 63
651 406 22 63
651 406 22 63
651 406 22 63
651 406 22 63
651 406 22 63
651 406 22 63
651 406 22 63
651 406 22 63
651 406 22 63
651 406 22 63
651 406 22 63
651 406 22 63
651 406 22 63
651 406 22 63
651 406 22 63
651 406 22 63
651 406 22 63
651 406 22 63
651 406 22 63
651 406 22 63
651 406 22 63
651 406 22 63
651 406 22 63
651 406 22 63
651 406 22 63
651 406 22 63
651 406 22 63
651 406 22 63
651 406 22 63
651 406 22 63
651 406 22 63
651 406 22 63
651 406 22 63
651 406 22 63
651 406 22 63
651 406 22 63
651 406 22 63
651 406 22 63
651 406 22 63
651 406 22 63
651 406 22 63
651 406 22 63
651 406 22 63
651 406 22 63
651 406 22 63
651 406 22 63
651 406 22 63
651 406 22 63
651 406 22 63
651 406 22 63
651 406 22 63
651 406 22 63
651 406 22 63
651 406 22 63
651 406 22 63
651 406 22 63
651 406 22 63
651 406 22 63
651 406 22 63
651 406 22 63
651 406 22 63
651 406 22 63
651 406 22 63
651 406 22 63
651 406 22 63
651 406 22 63
651 406 22 63
651 406 22 63
651 406 22 63
651 406 22 63
651 406 22 63
651 406 22 63
651 406 22 63
651 406 22 63
651 406 22 63
651 406 22 63
651 406 22 63
651 406 22 63
651 406 22 63
651 406 22 63
642 395 22 62
640 376 22 62
639 372 23 63
639 377 23 63
639 381 22 60
639 385 21 58
639 388 20 56
639 392 20 55
639 395 20 54
639 398 20 54
638 401 20 55
638 402 20 56
638 405 20 57
637 407 21 59
636 408 21 60
636 410 21 60
636 412 21 59
636 414 20 58
636 416 20 58
636 418 20 57
635 421 20 57
635 424 20 56
635 427 20 55
634 429 20 55
633 432 20 56
633 434 20 57
633 435 20 58
632 438 20 59
632 439 21 61
631 439 21 60
631 441 21 59
630 441 21 59
631 442 20 57
632 444 19 55
632 445 19 55
632 445 19 56
632 444 20 59
633 443 20 58
634 440 21 60
635 438 21 60
636 435 21 60
636 423 20 59
637 425 21 60
638 422 21 59
639 418 21 59
639 411 21 59
640 405 21 59
641 399 21 60
642 394 21 61
643 389 21 61
644 386 21 60
645 383 21 59
646 381 21 59
647 377 22 61
649 373 23 63
649 369 23 62
650 366 24 64
652 362 24 64
654 359 24 63
655 355 24 62
657 350 24 62
659 344 24 61
663 340 24 60
668 338 24 61
673 335 24 61
678 332 24 61
683 330 24 61
688 328 24 61
693 325 24 61
698 322 24 61
703 323 24 61
708 322 24 60
712 322 24 60
716 321 24 60
719 319 24 59
723 318 24 58
726 317 24 57
728 316 24 56
731 317 24 55
733 318 24 55
735 317 25 56
736 316 25 57
737 314 26 58
739 315 26 58
740 313 27 60
739 312 28 62
741 309 27 61
741 307 27 62
742 305 27 61
742 302 26 60
744 301 25 59
743 299 24 58
745 300 24 58
745 299 23 56
745 299 23 56
746 298 24 58
745 299 24 58
745 299 25 60
743 297 25 60
745 294 25 61
743 295 25 61
744 291 25 62
743 292 25 61
743 288 25 62
744 284 24 60
745 284 23 58
745 284 22 56
746 284 22 55
746 283 22 54
745 283 22 54
745 282 23 56
744 281 23 56
745 281 24 58
745 281 23 57
745 280 23 57
746 278 23 57
746 276 23 58
746 274 23 57
747 272 23 56
748 272 23 55
747 271 23 54
748 270 24 55
748 269 23 53
748 269 23 53
748 268 23 52
747 268 24 54
748 267 25 56
747 267 25 55
747 266 25 54
748 266 21 54
749 265 22 56
749 263 22 57
748 262 22 57
749 260 22 57
748 258 22 56
748 257 22 56
748 257 22 56
748 256 22 56
748 256 22 57
749 255 22 56
748 256 22 56
748 256 22 57
748 255 22 57
748 254 22 57
748 254 22 57
748 253 22 58
749 254 22 58
747 251 22 59
748 249 22 60
749 247 21 59
748 245 21 58
749 246 21 57
747 244 21 56
748 245 21 55
747 242 21 56
747 243 22 57
746 240 22 58
746 242 22 58
745 239 22 59
746 241 22 58
744 240 22 57
744 239 22 56
744 241 22 55
743 239 22 54
743 241 21 52
744 239 21 51
743 237 21 51
743 237 22 52
743 236 22 51
743 235 23 52
741 234 24 54
742 235 24 55
742 234 24 55
742 234 24 55
741 232 24 56
742 233 25 58
740 229 25 59
742 230 25 58
741 227 25 57
742 226 24 55
743 224 23 54
742 224 23 53
743 222 23 52
742 223 23 51
742 221 23 50
744 221 20 52
743 220 21 54
742 218 21 54
742 219 21 53
741 217 21 53
741 219 21 52
741 218 21 51
740 217 21 50
741 215 21 49
740 214 21 48
740 214 21 47
739 213 21 48
740 213 21 48
740 212 21 48
740 212 22 49
739 210 23 51
738 210 23 52
739 209 23 53
738 207 23 52
739 208 24 54
739 206 24 53
739 204 24 52
741 203 19 51
740 200 19 52
740 201 19 51
741 199 19 51
739 196 20 53
740 196 20 52
740 196 20 53
740 194 20 54
739 193 20 55
739 194 20 54
739 195 20 53
739 193 20 53
738 194 20 53
738 194 20 52
737 194 20 51
736 195 20 50
735 195 20 49
735 195 20 50
734 195 20 50
734 196 21 52
733 198 21 52
733 200 21 53
732 201 21 54
731 203 21 55
731 205 21 55
731 206 21 56
731 209 21 56
730 210 21 55
731 211 21 54
730 212 21 53
730 213 21 52
730 216 21 51
729 217 21 51
729 219 22 52
728 223 22 52
728 225 22 53
726 227 22 54
725 229 23 56
724 232 23 55
722 234 23 55
722 237 23 56
721 240 23 57
721 242 23 56
720 244 23 55
719 246 23 56
718 250 23 56
717 253 23 56
716 256 24 58
716 260 24 57
715 265 24 57
714 269 24 58
713 273 24 58
712 277 24 59
711 281 25 61
709 284 25 61
709 288 26 62
709 291 25 61
708 293 24 59
709 299 23 57
708 304 22 56
708 309 23 57
706 314 23 57
