650 615 40 69
650 615 40 69
650 615 40 69
651 615 40 69
651 615 40 68
651 616 39 67
651 614 40 68
652 615 39 66
652 615 39 67
652 615 39 67
652 614 39 68
653 614 39 68
653 614 39 69
653 613 39 69
653 612 39 70
653 613 39 69
652 611 39 69
653 612 38 67
653 612 38 68
653 612 38 69
653 610 38 70
653 610 38 69
653 610 38 69
653 610 38 69
653 610 38 69
653 610 38 69
653 610 38 69
653 608 38 70
653 609 37 68
653 609 37 68
653 609 37 68
653 609 37 68
653 609 37 69
654 608 37 69
654 609 36 67
654 609 36 67
654 609 36 67
654 608 36 68
654 609 36 68
655 609 36 67
655 611 35 65
654 609 36 68
654 609 36 68
654 610 36 68
654 610 36 68
654 610 36 68
654 610 36 68
654 610 36 69
654 610 36 69
654 609 37 70
653 610 37 70
653 610 38 71
652 609 39 72
652 609 39 72
652 609 39 72
651 608 40 74
651 610 40 73
650 609 40 74
651 609 39 73
651 609 39 73
650 610 40 74
650 610 40 74
650 610 40 74
650 610 40 75
651 610 40 75
650 609 41 77
649 609 42 78
649 611 42 78
649 610 43 79
648 609 43 80
650 600 42 78
650 609 42 79
651 610 43 80
651 613 43 81
651 608 44 82
651 613 44 81
651 608 44 82
650 613 43 81
652 606 44 82
651 613 43 81
652 605 44 82
651 611 43 80
651 607 43 79
652 610 41 76
652 608 40 73
654 606 39 71
653 608 38 69
655 607 37 68
654 611 36 66
655 608 36 66
655 612 35 65
655 608 35 65
655 610 35 65
655 610 35 65
655 610 34 64
655 609 34 65
655 608 35 66
654 610 35 66
654 609 35 66
654 609 35 67
653 607 35 68
654 609 35 68
653 607 35 69
654 607 35 69
654 608 34 68
655 609 34 68
655 609 34 68
654 609 34 68
654 609 34 68
654 608 34 69
654 608 34 69
654 609 33 68
655 607 32 67
656 613 32 54
654 609 33 56
653 609 34 58
653 609 34 58
653 609 34 58
653 609 34 58
653 609 34 58
653 609 34 58
653 609 34 58
653 609 34 57
653 608 34 58
653 608 34 57
654 608 34 56
654 609 33 55
654 609 33 55
654 608 33 56
655 609 32 55
655 608 33 56
655 609 33 55
655 609 33 54
655 610 33 54
654 610 33 55
654 609 33 56
654 609 33 56
654 609 33 56
654 609 33 56
654 609 33 56
655 609 33 56
655 609 33 57
655 608 33 56
655 608 33 56
655 608 33 57
655 607 33 56
656 608 32 55
656 608 32 55
656 608 32 54
656 608 32 54
655 608 33 55
655 609 32 54
655 608 33 55
655 608 32 54
655 607 33 55
654 608 32 54
654 608 32 55
654 607 32 55
655 608 31 54
654 608 31 54
655 607 31 53
655 608 30 52
655 607 31 54
654 608 30 53
654 607 30 53
655 607 30 53
654 608 29 52
654 608 29 52
654 608 29 53
654 607 29 53
655 607 29 53
655 607 29 53
655 607 29 53
655 607 29 53
656 607 29 52
655 608 28 51
656 607 28 51
656 607 28 52
656 607 28 52
657 607 28 51
656 607 28 52
656 607 28 52
656 607 28 52
656 607 28 53
656 607 28 53
656 606 28 54
656 605 29 55
656 605 29 55
656 606 28 54
656 605 29 55
656 605 29 55
656 605 29 55
656 605 29 55
656 606 29 54
655 606 29 54
655 606 29 54
655 606 30 55
656 608 29 53
656 609 29 52
655 609 29 52
654 610 29 52
655 610 28 51
656 610 28 50
656 610 28 50
656 610 28 50
656 610 28 50
657 610 28 50
657 610 28 49
657 610 28 50
656 609 28 50
657 608 28 50
657 608 28 50
657 608 28 51
657 607 28 51
657 607 28 51
657 607 28 51
657 607 28 51
658 607 28 50
657 608 28 51
658 609 27 50
658 609 27 50
658 608 27 50
657 607 27 51
657 606 27 52
656 607 27 51
656 607 27 51
656 606 27 52
656 606 28 54
657 606 28 54
657 606 28 54
657 606 28 54
657 607 28 54
657 608 27 53
656 609 27 52
657 610 26 51
656 611 26 51
657 612 25 50
657 613 24 49
657 614 24 48
656 615 25 49
655 616 24 48
657 616 24 48
656 618 24 48
657 618 24 48
657 619 23 47
657 619 23 47
658 618 23 48
657 625 23 39
656 622 24 40
656 621 25 41
656 622 25 41
656 622 26 42
657 623 25 41
658 623 25 41
658 623 25 42
657 623 25 42
656 624 25 42
657 625 24 41
658 625 23 40
658 625 23 40
659 625 23 40
659 626 23 40
658 626 23 41
658 627 23 41
657 627 23 41
657 627 23 41
657 628 23 41
656 628 23 41
656 629 23 40
656 629 23 40
657 629 23 40
657 629 23 41
658 630 23 41
657 631 23 41
658 631 22 40
658 631 22 41
658 631 22 41
658 632 22 41
659 632 22 40
659 632 22 40
658 633 23 41
659 634 22 40
659 635 21 39
658 635 21 38
658 635 22 39
658 635 22 39
659 635 22 39
658 635 22 38
658 635 23 39
657 635 23 39
656 635 23 39
656 634 24 40
655 634 25 41
655 635 25 41
655 636 25 40
655 637 25 39
654 637 25 40
654 637 25 41
655 638 25 41
655 639 24 40
656 639 23 39
656 639 23 39
656 639 23 39
656 639 23 40
655 639 23 40
655 639 24 41
655 638 25 42
655 638 25 42
655 638 25 42
654 639 25 41
654 640 25 40
654 640 25 39
653 640 25 39
652 640 25 39
652 639 26 40
651 639 27 41
650 639 27 42
650 639 28 43
651 639 28 43
651 639 28 43
651 639 28 43
652 639 28 43
652 639 28 42
651 640 28 43
652 640 28 43
651 640 28 43
651 642 29 44
652 642 28 43
652 641 29 44
652 642 29 43
651 642 30 44
652 643 30 44
652 643 30 44
652 643 30 43
656 643 25 43
654 643 26 44
655 643 27 45
655 642 27 45
655 641 27 46
655 641 27 46
656 643 27 46
656 643 27 46
657 643 26 45
657 643 26 45
658 643 26 45
657 643 26 46
658 645 26 46
658 644 26 46
657 644 26 46
658 644 26 45
658 644 26 45
658 645 26 46
658 645 26 46
658 646 26 46
658 646 26 46
658 646 26 47
658 645 27 48
657 647 27 48
658 646 28 49
658 647 27 48
659 648 27 48
658 648 27 48
659 648 27 48
658 648 27 49
659 648 27 49
659 647 27 50
659 647 28 51
659 647 28 51
659 648 28 51
660 648 28 51
660 648 28 51
660 650 28 50
659 650 28 50
660 650 28 51
660 650 27 50
661 650 27 50
660 651 27 51
661 650 27 52
660 650 27 52
661 650 28 53
660 650 28 53
661 649 28 53
658 650 28 53
660 650 27 52
660 650 28 53
659 650 28 54
660 649 28 55
659 650 28 55
658 649 28 55
658 649 29 56
657 650 29 56
657 650 29 55
658 650 29 55
657 650 28 54
658 649 29 56
657 649 29 56
658 649 30 57
658 649 30 56
659 650 30 55
658 650 30 55
660 650 30 54
658 651 30 54
660 651 30 53
659 652 30 52
659 652 30 51
659 652 30 51
660 652 30 51
659 652 30 51
660 652 30 50
660 652 30 49
658 653 30 49
659 652 30 50
659 652 30 50
658 652 30 51
658 652 30 52
658 652 30 51
657 651 30 51
658 650 30 52
657 651 30 53
658 650 30 53
657 649 31 54
656 650 31 54
656 650 31 54
656 650 31 55
656 649 31 55
655 649 31 56
655 649 31 56
656 649 31 56
655 648 31 57
655 647 31 57
656 646 31 58
654 646 31 58
654 646 31 59
655 646 31 59
653 647 31 59
653 646 31 60
653 647 31 61
652 646 31 62
653 646 30 61
654 646 30 62
653 646 31 63
653 644 32 64
653 645 32 63
653 646 31 62
653 645 31 61
652 645 31 60
652 646 30 59
653 645 30 59
653 645 30 58
653 646 29 57
653 646 29 56
653 647 29 56
654 647 29 55
654 646 29 55
653 646 29 55
653 645 30 56
653 644 31 57
653 644 31 56
652 644 31 56
651 643 32 58
651 644 32 57
651 643 32 58
651 643 32 58
651 644 32 57
650 644 32 57
649 643 32 58
648 643 32 58
648 643 32 58
648 643 32 57
647 643 32 57
646 644 32 56
645 644 32 57
644 643 32 58
644 643 32 58
644 644 32 57
643 645 31 56
642 643 32 57
639 645 32 56
639 642 33 58
637 643 33 58
638 641 33 58
637 641 33 59
637 641 33 59
638 642 32 58
639 643 31 57
639 643 31 56
639 643 31 56
639 644 31 55
638 645 30 54
640 645 29 53
638 645 29 53
639 644 28 52
640 645 28 51
639 645 28 52
639 646 27 50
639 647 26 48
640 648 25 47
641 648 25 47
643 648 24 46
644 649 24 46
644 650 24 46
644 649 24 46
644 649 24 47
645 650 23 46
646 651 22 45
647 652 21 44
646 659 20 35
647 658 20 35
646 659 20 34
646 659 20 34
645 661 20 34
646 661 19 33
646 660 19 33
645 661 19 32
645 662 19 32
645 662 19 32
644 662 19 32
645 662 19 32
644 662 19 32
644 662 19 32
644 662 19 32
644 663 19 32
643 664 19 31
643 664 19 32
642 664 19 32
641 664 19 33
642 663 19 34
641 663 19 34
640 663 19 35
639 663 20 36
638 664 20 37
638 664 20 38
637 665 20 39
640 664 20 39
638 666 20 39
637 666 20 40
637 668 20 40
637 668 20 40
637 669 20 41
638 668 20 41
638 668 20 42
638 672 20 35
625 670 24 42
623 667 27 47
634 664 27 47
635 665 27 47
635 667 26 45
636 668 25 43
635 670 24 41
614 661 39 68
616 662 40 68
617 665 40 67
618 667 41 68
617 671 41 68
621 660 40 67
620 664 40 68
621 669 39 66
618 673 39 66
617 676 39 66
617 679 39 66
617 680 39 66
619 678 39 66
619 678 39 66
620 678 39 66
622 676 39 66
623 675 39 66
624 674 39 66
625 672 39 66
626 672 39 66
626 672 39 66
627 671 39 66
628 671 39 66
626 672 39 66
624 673 39 66
624 674 39 66
623 676 39 66
624 679 39 66
625 675 39 66
625 677 39 66
626 678 39 66
625 678 39 66
626 678 39 66
627 677 39 66
627 675 39 66
627 676 39 66
626 676 39 66
627 677 39 66
628 675 39 66
628 675 39 66
628 675 39 66
628 674 39 66
628 676 39 66
629 678 39 66
630 678 39 66
628 679 39 66
629 679 39 66
629 680 39 66
629 681 39 66
630 681 39 66
631 681 39 66
631 682 39 66
632 682 39 66
633 683 39 66
635 684 39 66
630 674 39 67
630 683 40 67
631 683 40 67
629 684 40 67
629 685 40 67
627 686 40 67
627 686 40 67
628 685 40 67
627 685 40 67
628 686 40 67
627 687 40 67
627 687 40 67
628 687 40 67
628 688 40 67
630 687 40 67
628 687 40 67
628 687 40 67
626 688 40 67
628 689 40 67
627 689 40 67
627 690 40 67
627 691 40 67
627 691 40 67
627 692 40 67
627 692 40 67
627 693 40 67
627 694 40 67
628 693 40 67
629 693 40 67
628 694 40 67
628 693 40 67
629 694 40 67
628 694 40 67
628 695 40 67
629 694 40 67
629 693 40 67
627 693 40 67
626 693 40 67
625 694 40 67
626 693 40 67
626 692 40 67
626 693 40 67
626 695 40 67
628 695 40 67
629 696 40 67
629 700 40 67
627 701 40 67
628 701 40 67
627 702 40 67
626 704 40 67
623 703 40 67
622 703 40 67
621 704 40 67
620 705 40 67
619 705 40 67
618 705 40 67
617 706 40 67
616 705 40 67
617 704 40 67
616 706 40 67
616 707 40 67
615 710 40 67
615 708 40 67
615 709 40 67
614 709 40 67
614 710 40 67
613 713 40 67
613 710 40 67
613 710 40 67
608 705 40 68
609 709 41 68
606 704 41 68
606 705 41 68
604 707 41 68
603 710 41 68
602 705 41 69
601 709 42 69
601 709 42 69
600 709 42 69
598 710 42 69
595 710 42 69
595 709 42 69
589 705 42 69
591 709 43 70
590 708 43 70
588 706 43 70
587 704 43 70
584 702 43 70
582 701 43 70
580 702 43 70
578 703 43 70
575 701 43 70
574 698 43 70
572 696 43 70
570 694 43 70
567 693 43 70
564 693 43 70
561 695 43 70
559 695 43 70
557 695 43 70
555 695 43 70
552 694 43 70
549 695 43 70
547 692 43 70
542 691 43 70
538 692 43 70
535 692 43 70
532 690 43 70
529 689 43 70
525 688 43 70
505 689 41 69
508 688 42 70
491 689 41 70
482 690 41 70
471 691 41 71
473 692 42 71
469 681 40 69
459 682 40 70
459 673 41 70
466 660 41 71
474 649 42 73
476 650 43 74
467 640 43 74
469 641 43 74
445 639 43 75
426 642 42 73
425 643 43 74
418 631 43 74
419 633 43 75
410 619 42 74
404 612 43 76
402 607 44 76
395 600 44 77
396 604 45 78
390 588 45 78
390 589 45 79
392 583 43 76
394 566 42 75
379 563 42 75
377 562 43 76
375 559 42 73
376 552 40 70
376 546 39 68
374 540 38 67
375 534 37 65
375 527 36 64
377 519 36 63
378 512 36 62
380 506 36 61
381 500 36 61
383 493 36 62
385 486 36 63
386 479 37 64
388 474 37 63
391 470 36 61
401 465 36 61
403 462 36 61
404 457 36 61
417 454 36 61
420 450 36 61
423 446 36 61
436 445 35 60
438 442 36 60
440 439 36 59
453 443 35 58
456 442 36 59
457 438 37 60
471 442 36 59
472 440 37 60
487 445 36 59
488 443 37 59
491 443 37 59
505 447 36 58
505 446 37 59
519 451 36 58
519 451 37 59
527 455 37 59
530 455 37 59
533 458 37 59
536 461 36 58
541 464 35 57
545 466 35 57
548 469 34 56
563 474 34 56
566 475 34 56
569 475 34 57
574 474 35 58
577 472 35 59
579 472 36 61
581 475 37 63
584 478 38 65
587 483 39 66
591 487 40 67
595 490 40 67
599 491 41 68
602 494 41 68
605 497 42 69
609 500 43 70
612 507 43 69
615 510 44 71
617 512 45 73
616 512 46 75
618 513 47 76
619 516 48 77
620 516 49 79
621 519 48 78
611 516 48 78
619 521 48 79
623 525 47 77
624 526 47 78
625 529 46 76
626 530 45 75
626 531 46 76
626 533 45 75
627 534 44 74
628 535 44 75
629 537 43 74
628 537 42 72
629 538 43 73
628 540 43 73
629 541 43 73
629 543 42 72
631 543 41 70
632 545 40 68
632 546 40 68
632 547 40 67
631 548 40 66
631 549 40 66
632 551 40 66
631 552 39 64
631 552 39 65
631 552 39 64
631 554 39 64
632 554 39 64
632 556 38 63
633 556 37 62
634 556 38 63
634 558 38 62
635 560 37 61
636 561 37 60
636 562 37 60
636 563 36 59
637 562 36 59
637 562 37 60
636 565 36 58
638 566 35 57
638 567 35 57
639 569 34 55
639 569 34 55
639 570 34 55
640 571 33 54
639 572 34 55
641 573 33 53
640 573 34 54
641 574 34 54
641 575 34 54
641 576 34 54
641 577 34 53
641 578 34 52
641 579 33 51
640 579 33 51
641 581 33 50
640 582 33 50
641 584 32 49
642 584 31 48
641 585 32 49
642 587 31 48
642 587 31 49
642 587 31 49
642 588 31 49
642 589 31 49
642 589 30 48
643 590 31 49
643 591 30 47
644 591 30 47
643 592 31 48
643 594 30 47
645 594 29 46
645 594 30 47
645 595 29 46
644 595 29 46
645 596 29 46
646 597 28 45
647 598 27 44
648 598 27 45
647 599 27 45
649 599 26 43
649 600 27 44
649 601 27 45
649 602 27 44
649 603 27 44
650 603 26 43
651 603 26 43
650 603 26 43
651 604 26 43
651 605 26 43
652 606 25 42
651 606 25 43
651 606 25 43
651 606 25 44
650 607 26 45
652 608 25 43
651 608 25 44
651 609 25 43
651 610 25 43
652 610 25 42
652 611 25 42
652 612 25 41
652 613 24 40
653 613 24 40
653 613 24 40
652 614 25 41
653 615 24 40
653 615 24 40
653 615 24 40
653 616 24 40
653 617 24 40
654 617 24 40
654 617 24 40
654 617 24 39
654 617 24 38
653 619 24 39
654 619 24 38
654 620 24 37
654 621 24 37
655 622 23 36
654 622 24 37
655 623 23 35
654 623 24 36
655 624 23 35
654 624 23 36
654 624 23 36
653 624 24 37
654 625 23 36
653 625 23 36
654 626 23 35
653 626 23 35
654 627 23 34
653 627 24 35
653 628 23 34
653 628 23 34
653 629 23 34
652 629 24 35
654 629 23 34
653 628 24 35
653 629 24 34
655 630 19 33
653 630 19 34
654 629 19 35
653 629 19 36
653 629 19 36
653 629 19 37
654 629 19 37
654 628 19 38
654 628 19 39
654 628 19 40
655 633 19 32
