963 642 39 73
962 638 39 73
961 634 38 72
960 632 37 71
958 627 37 70
956 624 37 71
955 619 38 72
954 616 37 70
953 614 36 68
952 611 35 67
952 609 34 65
952 608 33 63
951 608 32 62
950 608 32 63
950 607 32 62
949 608 31 61
948 607 31 61
947 606 31 61
946 606 31 61
946 605 31 60
944 603 31 61
943 602 31 61
941 601 31 62
939 600 31 62
941 601 31 61
937 598 32 62
936 599 32 61
935 598 32 60
935 597 32 60
933 597 32 59
932 596 32 58
932 599 32 58
931 596 32 58
931 594 32 58
929 594 32 59
930 593 31 58
928 595 31 58
928 592 32 60
927 590 33 61
925 588 34 62
925 590 35 63
923 586 35 63
923 586 34 62
922 586 34 62
921 585 34 61
920 583 34 61
920 583 34 61
918 582 34 60
918 583 33 58
917 582 33 57
916 581 33 57
915 580 33 56
914 580 32 55
915 578 32 56
914 578 32 56
913 577 32 56
913 576 31 54
912 574 31 54
912 572 31 54
911 571 32 56
910 569 31 55
910 567 31 55
909 565 31 55
908 563 31 55
907 563 32 56
907 561 32 56
905 559 32 57
907 558 32 57
905 557 32 56
904 555 32 56
905 554 32 57
903 552 32 58
903 552 32 59
903 550 32 58
903 549 33 59
901 547 33 60
901 546 33 61
901 544 33 62
900 543 33 62
900 542 33 62
897 541 33 62
899 539 32 61
898 538 31 60
896 537 31 59
896 536 31 59
894 534 31 59
895 533 30 58
894 532 30 58
893 530 30 58
893 529 30 58
892 528 30 57
891 527 29 56
891 527 29 56
890 525 29 56
890 525 29 57
890 522 29 56
887 522 29 57
889 520 30 57
887 518 30 57
886 516 30 57
886 515 30 57
885 514 30 57
884 512 30 56
883 511 30 56
883 508 30 57
883 508 31 58
881 505 31 58
879 504 31 58
878 502 31 58
879 504 31 58
878 501 31 58
878 501 31 59
877 497 32 60
878 498 32 61
876 495 33 62
874 495 33 62
875 493 32 61
875 492 32 60
874 491 32 60
874 490 33 61
872 489 33 60
871 487 33 60
870 486 34 61
868 485 34 61
869 484 34 61
866 484 34 60
868 483 34 60
864 482 35 61
866 481 34 60
865 479 34 60
865 478 34 60
866 478 35 61
863 477 35 62
864 475 35 62
863 475 35 62
863 474 35 62
864 473 34 61
863 472 34 61
861 472 35 62
860 471 36 63
861 469 36 62
859 469 36 62
860 468 36 61
860 467 36 61
859 466 36 61
860 466 36 62
859 465 36 62
860 464 36 62
859 464 36 62
860 465 36 61
859 463 36 61
858 462 36 60
859 463 36 60
858 463 36 59
857 463 36 59
857 463 36 59
857 461 36 59
856 461 36 60
855 462 35 59
855 462 34 58
854 464 34 57
854 463 33 56
853 464 33 57
853 462 33 56
852 463 33 56
854 464 33 56
853 464 34 57
852 463 34 57
854 465 35 58
854 463 35 59
854 464 35 59
853 464 35 59
852 463 36 61
851 467 35 59
855 464 35 60
855 464 37 63
855 462 38 64
856 463 38 64
857 464 38 63
855 463 38 64
855 464 37 63
855 464 36 61
857 465 36 61
856 465 36 62
856 466 36 62
852 471 35 61
852 468 36 61
852 469 36 62
853 471 35 61
852 471 35 60
851 474 35 60
848 474 36 61
851 474 37 62
849 475 38 63
849 477 38 63
849 479 38 63
849 480 38 63
849 479 38 63
849 480 39 64
848 480 39 65
847 479 39 65
847 480 39 65
848 481 39 65
848 482 39 64
848 484 39 64
848 485 39 64
847 486 40 65
847 486 39 64
845 488 40 65
844 489 39 63
843 490 39 62
843 492 39 62
843 492 40 63
843 492 40 63
843 491 41 64
844 490 41 64
842 490 40 63
843 489 40 63
844 487 40 64
842 488 40 64
841 486 40 64
843 486 40 63
840 485 40 63
841 485 40 63
839 483 39 61
839 485 39 61
838 483 39 61
836 483 40 62
837 484 33 62
835 486 32 61
833 484 32 61
833 485 32 62
832 484 33 63
831 483 33 64
832 484 33 64
830 482 33 65
830 480 33 66
829 480 33 67
828 479 34 68
828 479 33 67
827 479 33 66
827 479 33 65
825 479 32 64
824 479 31 63
824 478 31 63
823 478 30 62
823 478 29 61
822 478 29 60
821 477 29 59
821 477 29 59
820 477 29 58
820 477 29 58
819 476 29 58
819 476 29 58
818 476 29 57
818 475 29 56
817 476 29 56
817 474 29 56
817 476 29 57
816 473 29 58
816 473 29 59
816 471 30 60
817 471 30 60
815 471 30 61
815 469 30 61
815 469 30 60
812 469 30 59
812 468 30 59
812 467 30 58
811 468 30 57
809 467 31 58
807 468 31 58
808 466 31 58
807 467 31 58
808 465 31 59
806 465 31 60
805 464 31 60
806 463 31 60
803 462 31 60
804 461 30 58
804 461 29 57
802 460 29 57
802 460 28 56
801 460 28 55
800 459 28 54
799 458 28 54
798 457 28 55
