901 305 59 73
900 303 59 73
899 302 59 73
899 300 59 73
899 299 59 73
900 297 58 72
900 296 58 72
900 294 58 72
899 293 58 72
900 291 57 71
899 290 58 72
899 288 58 72
900 287 57 71
899 286 57 71
899 285 57 71
899 284 56 70
900 283 56 70
900 282 56 69
899 280 56 70
899 278 57 72
899 277 56 71
899 276 56 71
899 275 56 71
898 274 56 71
899 273 55 70
899 273 55 70
899 272 55 70
899 271 54 69
900 270 54 69
900 269 54 69
899 267 54 69
899 267 54 69
899 267 53 68
898 266 54 69
899 265 53 67
898 264 54 68
898 264 53 67
898 263 53 67
898 261 53 67
898 261 53 67
897 260 53 67
898 260 52 66
898 259 53 67
898 257 53 67
897 257 53 67
898 256 52 66
898 256 53 67
898 255 52 66
897 255 52 66
898 254 51 65
897 254 51 66
897 253 50 65
898 252 50 65
898 250 51 67
898 249 51 67
897 248 51 67
897 247 52 68
897 248 50 66
898 247 50 66
898 245 51 67
898 244 51 66
898 244 51 66
898 244 51 66
898 244 50 65
899 243 49 64
897 241 51 66
897 240 51 66
897 239 51 65
897 240 50 64
898 239 50 64
897 238 50 64
897 238 50 64
896 237 50 64
896 235 51 66
896 235 50 65
896 233 50 65
896 233 50 65
896 232 51 66
896 233 50 65
896 231 51 66
896 231 50 65
896 230 50 65
896 230 50 65
896 229 50 65
896 230 49 64
895 229 50 65
895 228 50 65
895 228 50 65
895 227 50 64
895 228 50 64
895 227 50 64
895 227 50 64
895 227 50 64
895 227 50 64
895 226 50 63
895 226 50 63
895 226 50 63
895 226 50 63
895 226 49 62
894 226 49 62
894 226 49 62
894 226 49 62
894 225 49 62
894 224 49 62
894 223 49 62
894 223 49 61
894 222 49 62
894 222 49 62
894 222 48 61
894 221 49 62
894 221 49 61
894 221 49 61
894 221 49 61
894 221 48 60
895 221 49 61
894 220 49 61
894 220 49 60
894 220 49 60
893 220 49 60
894 220 49 60
894 220 49 60
893 219 50 61
894 219 49 60
893 219 50 61
894 218 49 60
893 222 51 62
892 234 51 62
891 247 52 63
891 261 51 62
890 274 51 62
891 285 50 61
892 286 48 59
892 286 48 59
893 287 47 58
892 286 48 59
892 286 47 58
892 286 48 59
892 285 49 60
891 285 49 60
891 285 49 61
891 284 49 60
890 283 50 62
890 284 49 61
890 283 49 62
890 283 49 62
890 282 50 63
891 283 49 62
890 283 49 62
890 283 48 61
891 282 48 61
890 281 49 62
890 282 49 62
890 283 48 61
890 283 48 61
890 286 49 62
890 300 48 61
889 328 47 60
890 341 48 61
890 368 48 61
888 382 49 62
888 391 48 60
888 391 48 60
888 391 48 60
888 391 48 60
888 391 48 60
888 392 47 59
888 392 47 58
888 393 47 58
888 393 47 58
887 395 49 60
887 400 48 59
886 404 50 61
887 410 49 60
886 415 49 59
886 418 48 58
886 418 49 60
886 418 49 59
886 418 49 59
885 418 49 59
885 419 48 58
885 420 49 59
885 420 48 58
885 420 48 58
885 421 48 59
886 421 48 58
885 421 49 59
885 421 48 58
885 423 48 58
886 423 48 58
885 423 49 59
885 422 49 59
884 422 49 59
884 423 49 59
884 423 49 59
884 424 49 59
885 424 49 59
885 424 49 59
885 425 49 58
885 426 49 58
885 427 49 57
885 428 49 57
885 428 49 57
885 428 49 57
884 427 49 58
884 427 50 59
884 426 50 59
884 426 50 59
883 427 51 60
883 427 51 59
882 427 51 59
882 428 51 59
883 428 51 59
883 429 50 58
884 430 50 58
884 430 49 57
883 430 50 58
883 430 50 58
883 430 50 58
882 430 51 60
882 430 51 60
882 431 51 60
882 431 51 60
881 431 51 60
881 431 51 60
881 431 51 60
880 431 51 61
880 431 51 61
880 431 51 61
879 431 51 61
878 431 51 61
879 431 51 61
878 431 52 62
878 433 51 61
877 432 52 63
877 433 51 62
877 433 51 63
877 432 51 63
877 433 51 63
876 433 52 64
876 434 52 63
876 435 52 63
876 436 52 63
876 436 52 63
876 437 51 61
875 436 52 63
876 436 52 63
876 437 51 62
875 436 53 65
876 437 51 63
875 437 52 65
876 439 51 64
876 439 51 64
875 439 51 65
876 439 50 64
877 442 49 63
876 440 50 65
877 441 48 63
877 441 49 65
877 441 50 66
877 442 50 66
877 443 50 66
877 444 49 65
877 444 49 65
877 444 50 66
878 446 50 66
878 447 49 64
877 448 49 64
878 449 50 65
879 449 49 64
879 450 50 65
880 451 48 63
881 451 49 64
880 451 50 65
881 452 51 66
881 453 50 65
882 454 51 66
882 455 50 65
882 455 51 66
882 457 50 65
884 457 50 65
884 458 51 66
884 460 50 65
885 460 50 66
885 462 51 67
885 462 51 67
885 463 52 68
886 465 52 68
887 466 52 68
887 467 52 68
888 469 52 68
888 470 52 68
889 472 51 67
888 472 52 69
889 474 52 68
890 477 52 69
890 478 52 69
890 480 53 70
890 480 54 71
890 482 54 72
891 484 54 72
891 485 54 72
891 487 55 73
891 489 55 73
891 491 55 73
892 493 55 73
893 495 54 72
893 497 56 75
894 499 54 72
893 502 56 74
893 505 56 74
893 506 56 74
893 508 57 75
893 511 57 75
894 513 57 74
894 516 58 75
895 519 58 75
895 522 57 74
895 525 58 75
896 528 58 75
896 530 59 76
896 533 58 75
896 535 61 79
896 538 61 79
896 543 61 79
896 547 61 79
896 551 61 79
896 554 62 80
896 558 62 80
896 561 63 81
896 564 64 82
896 568 64 82
896 571 64 83
897 574 64 83
897 577 65 84
897 580 66 85
897 583 65 84
898 586 66 85
897 588 67 86
897 592 67 86
898 595 67 86
897 597 68 87
898 600 68 87
899 603 68 87
899 605 69 88
898 607 70 89
900 610 69 88
