176 367 20 15
177 367 20 15
176 367 20 15
177 367 20 15
177 367 20 15
177 367 20 15
177 367 20 15
177 367 20 15
177 367 20 15
177 367 20 15
177 367 20 15
177 367 20 15
177 368 20 15
177 368 20 15
177 368 20 15
177 368 20 15
177 368 20 15
177 368 20 15
177 368 20 15
177 368 20 15
180 367 20 15
178 367 20 15
178 367 20 15
179 367 20 15
178 366 20 15
178 366 20 15
177 366 20 15
177 365 20 15
176 365 20 15
175 364 20 15
175 363 20 15
175 362 20 15
175 362 20 15
175 360 20 15
174 359 20 15
174 359 20 15
173 358 20 15
172 357 20 15
172 356 20 15
171 355 20 15
171 354 20 15
171 353 20 15
170 352 20 15
169 351 20 15
168 350 20 15
167 349 20 15
168 349 20 15
167 347 20 15
166 346 20 15
166 344 20 15
166 343 20 15
165 342 20 15
164 342 20 15
164 340 20 15
163 339 20 15
164 338 20 15
163 336 20 15
162 335 20 15
162 334 20 15
162 333 20 15
162 332 20 15
162 331 20 15
161 330 20 15
161 329 20 15
161 329 20 15
161 328 20 15
161 328 20 15
161 327 20 15
161 327 20 15
161 326 20 15
162 326 20 15
161 326 20 15
162 329 20 15
163 332 20 15
160 341 19 14
161 350 19 14
162 359 19 14
161 366 19 14
162 371 20 15
163 371 20 15
163 371 20 15
164 369 20 15
164 370 20 15
165 369 20 15
166 369 20 15
166 369 20 15
167 368 20 15
167 368 20 15
168 367 20 15
168 367 20 15
169 366 20 15
170 366 20 15
171 364 20 15
171 365 20 15
171 364 20 15
172 364 20 15
172 364 20 15
173 363 20 15
173 363 20 15
174 362 20 15
175 362 20 15
175 361 20 15
176 361 20 15
176 360 20 15
177 360 20 15
177 360 20 15
178 360 20 15
178 359 20 15
179 359 20 15
179 359 20 15
180 358 20 15
180 358 20 15
181 358 20 15
181 357 20 15
182 357 20 15
182 357 20 15
183 357 20 15
183 356 20 15
184 356 20 15
184 356 20 15
185 356 20 15
186 355 20 15
186 355 20 15
186 354 20 15
186 354 20 15
187 354 20 15
187 353 20 15
187 353 20 15
189 352 20 15
189 352 20 15
189 352 20 15
189 352 20 15
190 352 20 15
191 352 20 15
191 352 20 15
192 351 20 15
192 351 20 15
192 351 20 15
193 350 20 15
193 350 20 15
194 350 20 15
194 349 20 15
195 349 20 15
195 349 20 15
195 349 20 15
196 348 20 15
196 348 20 15
197 348 20 15
197 348 20 15
198 347 20 15
198 347 20 15
199 347 20 15
199 346 20 15
200 346 20 15
200 346 20 15
201 345 20 15
201 345 20 15
202 345 20 15
203 345 20 15
203 345 20 15
203 344 20 15
204 344 20 15
204 344 20 15
204 344 20 15
205 343 20 15
205 343 20 15
206 343 20 15
206 342 20 15
207 342 20 15
207 342 20 15
207 342 20 15
208 341 20 15
209 341 20 15
208 340 20 15
209 340 20 15
209 340 20 15
209 339 20 15
210 339 20 15
211 338 20 15
211 337 20 15
212 337 20 15
212 336 20 15
212 336 20 15
213 336 20 15
212 335 20 15
213 336 20 15
214 335 20 15
214 334 20 15
214 334 20 15
215 333 20 15
214 332 20 15
215 332 20 15
216 332 20 15
215 332 20 15
216 332 20 15
217 331 20 15
217 330 20 15
216 330 20 15
217 329 20 15
217 329 20 15
217 328 20 15
218 328 20 15
219 328 20 15
220 327 20 15
220 327 20 15
220 327 20 15
221 326 20 15
221 326 20 15
220 325 20 15
221 325 20 15
222 325 20 15
222 324 20 15
222 324 20 15
222 323 20 15
223 324 20 15
224 323 20 15
224 323 20 15
224 322 20 15
224 322 20 15
225 321 20 15
225 321 20 15
225 322 20 15
226 322 20 15
227 323 20 15
227 323 20 15
228 323 20 15
228 324 20 15
229 324 20 15
230 325 20 15
229 326 20 15
230 327 20 15
