661 380 38 39
661 380 38 39
661 380 39 40
661 382 38 39
661 382 38 39
661 381 39 40
661 383 38 39
661 382 39 40
661 384 39 40
661 384 38 39
661 384 39 40
662 385 38 39
662 385 38 39
662 386 39 40
662 387 39 40
661 387 39 40
661 388 40 41
662 388 40 41
662 389 39 40
661 389 40 41
661 389 41 42
662 390 41 42
662 391 39 40
662 392 40 41
662 392 40 41
663 393 40 41
663 394 40 41
662 394 40 41
662 394 41 42
662 395 40 41
662 396 41 42
662 397 40 40
663 398 41 41
663 399 39 39
662 399 40 40
663 400 40 40
662 400 40 40
662 401 41 41
662 401 40 40
663 402 40 40
662 402 40 40
662 403 41 41
662 403 41 41
662 404 41 41
661 404 41 41
662 405 40 40
662 406 41 41
661 406 42 42
662 406 42 42
662 407 41 41
661 406 42 42
662 408 42 42
662 408 42 42
662 409 41 41
661 409 42 42
662 411 41 41
661 410 42 42
661 411 43 43
661 411 42 42
661 412 43 43
661 412 42 42
661 413 43 43
661 414 42 42
660 414 44 44
661 415 42 42
661 416 42 42
661 416 42 42
661 417 42 42
660 416 44 44
661 418 42 42
660 417 44 44
661 418 42 42
661 419 42 42
661 419 42 42
660 418 44 44
661 419 42 42
660 418 44 44
661 419 42 42
660 419 44 44
661 420 42 42
660 420 43 43
660 420 43 43
660 420 42 42
660 421 43 43
660 421 42 42
659 420 43 43
659 420 43 43
660 420 43 43
659 420 44 44
660 421 43 43
659 421 43 43
659 420 44 44
660 420 42 42
660 421 42 42
660 421 42 42
660 421 42 42
661 421 42 42
660 421 43 43
659 420 42 42
659 420 42 42
659 419 44 44
659 419 43 43
659 419 43 43
659 419 43 43
659 419 43 43
659 419 42 42
660 418 43 43
659 418 42 42
659 417 43 43
659 417 43 43
659 417 42 42
659 417 42 42
659 417 42 42
660 417 41 41
660 417 41 41
660 417 40 40
660 416 41 41
660 416 39 39
660 415 40 40
660 414 40 40
660 413 40 40
660 412 41 41
659 411 40 40
659 410 41 41
659 409 41 41
659 407 40 40
659 407 40 40
659 406 40 40
659 405 40 40
659 403 40 40
659 401 41 41
659 400 41 41
659 399 41 41
659 397 42 42
660 396 41 41
659 395 41 41
659 394 41 41
659 392 41 41
659 391 41 41
659 389 41 41
658 388 42 42
658 387 43 43
658 387 42 42
658 387 42 42
658 386 41 41
658 385 43 43
658 385 42 42
658 385 42 42
658 384 41 41
657 383 42 42
658 383 41 41
658 382 41 41
657 382 41 41
658 382 40 40
658 381 41 41
658 380 40 40
658 379 42 42
658 380 41 41
658 379 40 40
658 379 41 41
657 379 41 41
657 380 40 40
658 380 41 41
658 380 40 40
658 379 41 41
658 379 41 41
658 379 41 41
658 379 41 41
658 378 42 42
658 379 42 42
658 379 41 41
658 379 41 41
658 379 41 41
658 379 41 41
658 378 42 42
659 378 42 42
660 378 42 42
660 379 42 42
660 379 42 42
660 380 42 42
660 380 42 42
660 380 43 43
660 380 43 43
659 380 43 43
658 381 43 43
658 381 43 43
659 381 42 42
660 383 42 42
659 383 42 42
659 384 41 41
659 384 40 40
660 386 40 40
660 386 40 40
660 386 41 41
659 386 41 41
659 387 41 41
659 388 40 40
661 390 39 39
660 390 40 40
660 391 40 40
660 391 40 40
660 392 41 41
660 394 40 40
662 396 40 40
661 398 40 40
661 401 40 40
660 402 42 42
660 405 41 41
660 407 42 42
660 410 42 42
660 412 42 42
661 415 42 42
661 418 41 41
660 419 43 43
660 423 42 42
660 426 42 42
660 428 42 42
660 432 42 42
660 435 42 42
660 437 43 43
660 440 42 42
659 443 43 43
659 445 42 42
659 448 43 43
659 451 42 42
659 454 42 42
659 455 42 42
659 456 41 41
658 455 42 42
659 457 40 40
659 457 41 41
658 457 41 41
659 457 40 40
658 457 41 41
657 456 42 42
657 457 42 42
657 457 42 42
658 458 42 42
658 458 42 42
658 458 42 42
658 459 41 41
657 459 41 41
656 459 41 41
656 459 41 41
656 459 41 41
655 459 42 42
655 460 42 42
655 460 42 42
655 459 43 43
655 460 42 42
654 460 42 42
654 460 42 42
654 460 43 43
654 461 42 42
654 460 43 43
653 460 43 43
653 460 42 42
653 461 41 41
652 460 42 42
653 461 42 42
653 461 42 42
653 461 42 42
652 461 42 42
652 461 42 42
652 461 42 42
652 461 41 41
651 460 42 42
652 461 42 42
651 461 41 41
650 461 42 42
651 461 41 41
650 461 41 41
649 460 42 42
650 461 41 41
650 461 41 41
650 461 41 41
649 460 42 42
649 461 41 41
649 461 41 41
649 461 41 41
649 461 41 41
648 461 41 41
648 461 41 41
649 461 40 40
649 461 40 40
649 461 40 40
649 461 40 40
649 461 40 40
649 461 40 40
649 461 40 40
649 461 40 40
649 461 39 39
649 460 39 39
648 459 40 40
648 459 39 39
647 458 40 40
647 458 40 40
648 458 39 39
647 458 39 39
647 457 39 39
647 457 39 39
647 457 39 39
647 456 40 40
647 456 40 40
647 456 40 40
647 456 39 39
647 455 40 40
648 455 39 39
647 455 39 39
647 454 40 40
647 454 40 40
647 454 39 39
646 453 40 40
646 453 40 40
647 453 39 39
646 452 40 40
646 452 39 39
646 451 40 40
646 451 40 40
646 451 40 40
646 451 40 40
647 451 39 39
646 450 40 40
646 450 39 39
646 450 39 39
646 449 40 40
646 449 40 40
647 449 39 39
646 449 39 39
646 449 39 39
646 449 38 38
647 448 38 38
646 448 39 39
646 448 38 38
647 448 38 38
647 448 38 38
647 448 38 38
647 448 38 38
646 447 38 38
647 446 38 38
646 445 39 39
646 445 38 38
646 445 38 38
646 445 38 38
646 445 38 38
646 445 38 38
646 445 37 37
646 445 37 37
646 445 37 37
646 445 37 37
647 445 37 37
647 445 37 37
647 445 36 36
647 444 37 37
646 443 38 38
647 443 37 37
646 443 37 37
646 443 37 37
646 443 37 37
646 443 37 37
646 443 37 37
646 443 37 37
646 443 36 36
647 442 37 37
646 441 38 38
646 441 37 37
646 441 37 37
646 440 38 38
646 440 38 38
646 440 38 38
646 440 38 38
646 440 37 37
645 439 38 38
646 439 38 38
646 440 38 38
647 440 37 37
646 440 37 37
646 440 37 37
647 440 37 37
646 440 37 37
646 440 37 37
646 440 37 37
646 440 36 36
647 439 38 38
647 440 37 37
646 440 37 37
646 440 37 37
646 440 36 36
648 439 36 36
647 439 36 36
648 439 36 36
647 439 36 36
647 439 36 36
647 439 36 36
647 439 36 36
647 439 36 36
647 438 38 38
647 438 37 37
647 438 37 37
647 438 37 37
647 439 36 36
647 438 37 37
647 438 37 37
647 438 36 36
648 439 36 36
647 438 37 37
647 438 37 37
647 437 38 38
648 437 38 38
647 437 38 38
647 437 38 38
647 437 38 38
647 437 38 38
648 437 37 37
647 436 38 38
648 437 37 37
647 436 38 38
648 437 37 37
647 436 38 38
649 437 37 37
648 436 38 38
648 436 38 38
648 436 38 38
648 436 38 38
648 436 38 38
648 435 39 39
647 435 39 39
648 435 38 38
648 435 38 38
648 435 39 39
647 435 39 39
648 435 38 38
648 435 39 39
648 435 38 38
648 435 39 39
648 435 39 39
648 435 38 38
648 434 39 39
647 434 39 39
648 434 39 39
647 434 39 39
648 434 38 38
648 434 39 39
648 434 38 38
648 433 39 39
648 433 39 39
648 433 39 39
648 433 39 39
648 433 39 39
648 433 39 39
648 433 39 39
648 433 38 38
648 432 39 39
648 432 38 38
648 432 38 38
648 432 38 38
648 432 38 38
648 432 38 38
649 432 38 38
648 432 38 38
649 432 38 38
648 432 38 38
649 432 37 37
648 431 38 38
648 431 37 37
648 430 38 38
648 430 38 38
648 430 38 38
648 430 38 38
648 430 38 38
648 430 38 38
648 430 38 38
648 430 38 38
648 430 38 38
648 430 38 38
648 430 38 38
648 430 38 38
648 430 38 38
648 430 37 37
647 429 38 38
648 428 38 38
648 428 38 38
648 428 38 38
648 428 38 38
648 428 38 38
647 428 39 39
648 429 37 37
647 428 38 38
647 427 39 39
647 427 38 38
647 427 39 39
647 427 38 38
647 427 39 39
647 427 38 38
647 427 38 38
648 427 38 38
648 427 38 38
648 427 38 38
649 427 37 37
649 427 37 37
649 427 38 38
651 426 38 38
651 427 39 39
651 427 39 39
651 427 39 39
652 428 37 37
653 428 37 37
654 428 36 36
654 428 36 36
654 428 36 36
654 427 37 37
654 427 38 38
654 427 38 38
654 427 38 38
654 427 38 38
654 427 38 38
654 427 38 38
654 426 38 38
654 426 39 39
654 426 38 38
654 426 39 39
654 426 38 38
654 426 39 39
655 427 38 38
655 427 37 37
654 426 38 38
654 426 38 38
654 426 38 38
654 426 38 38
654 427 38 38
655 427 37 37
655 427 37 37
655 427 37 37
655 427 37 37
655 427 37 37
654 426 38 38
654 427 38 38
655 427 37 37
654 427 38 38
655 427 37 37
654 426 38 38
655 427 38 38
655 427 37 37
654 427 38 38
655 427 37 37
654 427 38 38
655 428 37 37
655 428 37 37
654 427 38 38
655 428 38 38
655 428 37 37
654 428 38 38
655 428 38 38
655 428 37 37
654 428 37 37
654 428 38 38
655 428 38 38
656 429 37 37
655 429 37 37
655 429 37 37
655 429 37 37
655 429 38 38
656 429 37 37
655 428 38 38
655 429 38 38
655 429 38 38
655 429 37 37
655 429 38 38
655 429 38 38
656 430 37 37
656 430 37 37
656 430 37 37
656 430 37 37
656 430 37 37
656 430 37 37
657 430 37 37
656 430 37 37
656 430 37 37
656 430 37 37
656 430 37 37
656 430 37 37
657 430 37 37
657 430 37 37
657 430 37 37
658 430 37 37
657 430 37 37
657 430 37 37
658 430 36 36
658 430 37 37
658 430 37 37
657 430 37 37
658 430 37 37
658 430 37 37
658 430 36 36
659 430 37 37
658 430 37 37
658 430 36 36
659 431 36 36
658 430 37 37
659 431 35 35
658 430 36 36
660 432 35 35
659 431 37 37
659 431 37 37
659 431 37 37
659 431 37 37
660 431 37 37
659 431 37 37
660 431 37 37
661 432 35 35
661 432 35 35
660 431 37 37
661 432 35 35
660 431 36 36
661 431 36 36
660 431 37 37
661 431 36 36
660 431 37 37
661 431 36 36
660 431 37 37
660 431 36 36
661 432 36 36
661 432 36 36
660 431 37 37
660 431 36 36
660 432 37 37
660 433 36 36
661 433 35 35
660 432 36 36
661 433 36 36
661 433 36 36
660 433 36 36
661 433 36 36
660 433 36 36
661 434 36 36
661 434 36 36
660 434 36 36
661 433 36 36
660 433 37 37
660 433 37 37
660 433 36 36
661 433 37 37
660 433 37 37
660 433 37 37
659 433 38 38
660 434 37 37
660 434 37 37
660 434 37 37
660 434 37 37
659 434 38 38
660 435 37 37
659 434 38 38
660 435 38 38
660 434 39 39
660 434 38 38
660 436 39 39
660 436 39 39
660 437 38 38
660 437 38 38
660 437 38 38
660 438 37 37
660 438 38 38
660 438 38 38
660 438 38 38
659 439 38 38
660 440 37 37
660 440 37 37
660 441 37 37
660 441 38 38
661 442 37 37
661 443 36 36
661 444 36 36
661 445 36 36
661 445 37 37
660 445 37 37
659 446 37 37
661 447 35 35
661 448 35 35
661 449 34 34
662 451 34 34
662 452 34 34
661 453 35 35
661 453 34 34
661 454 35 35
661 454 35 35
659 457 35 35
661 457 35 35
660 457 35 35
659 458 35 35
660 459 35 35
659 459 37 37
660 459 37 37
659 459 38 38
660 460 39 39
660 460 39 39
659 460 40 40
660 461 40 40
660 463 40 40
659 464 40 40
659 466 40 40
660 467 39 39
659 468 39 39
659 469 39 39
659 470 39 39
658 471 39 39
657 471 40 40
657 471 41 41
657 472 42 42
657 473 42 42
656 474 43 43
656 474 44 44
655 475 46 46
655 475 48 48
654 477 50 50
654 479 49 49
654 480 48 48
653 482 47 47
653 485 45 45
653 487 43 43
654 489 42 42
653 490 43 43
652 492 44 44
652 492 44 44
652 493 45 45
652 494 45 45
652 495 46 46
652 497 46 46
651 499 46 46
651 502 45 45
649 503 46 46
649 505 47 47
648 506 48 48
647 507 49 49
647 507 49 49
647 509 49 49
647 511 49 49
646 512 49 49
645 512 50 50
644 512 50 50
643 513 50 50
642 515 50 50
643 516 50 50
642 516 50 50
641 517 51 51
640 518 50 50
640 518 52 52
641 518 52 52
640 519 51 51
640 519 50 50
640 520 52 52
640 521 50 50
640 521 50 50
640 520 49 49
639 519 49 49
639 518 50 50
638 517 52 52
639 517 51 51
638 517 50 50
637 517 52 52
638 518 50 50
637 518 50 50
637 518 49 49
636 518 49 49
635 518 49 49
636 518 48 48
636 518 48 48
635 518 48 48
636 518 47 47
635 517 48 48
634 517 48 48
634 517 48 48
633 516 49 49
633 515 49 49
632 515 49 49
632 514 49 49
632 513 50 50
633 513 48 48
632 513 48 48
632 512 48 48
632 512 48 48
632 512 47 47
631 511 46 46
630 510 47 47
630 510 47 47
629 510 47 47
628 509 47 47
628 508 47 47
628 508 47 47
628 507 48 48
628 508 47 47
627 506 47 47
626 506 47 47
627 505 48 48
626 505 48 48
626 505 47 47
626 504 47 47
625 503 48 48
625 503 48 48
625 502 48 48
625 502 47 47
625 501 48 48
625 501 48 48
625 501 47 47
624 500 48 48
624 500 48 48
624 501 47 47
624 499 47 47
623 499 47 47
623 498 48 48
624 498 47 47
624 498 46 46
624 498 46 46
624 498 46 46
624 498 46 46
624 498 46 46
624 498 46 46
624 498 46 46
624 498 46 46
624 497 47 47
623 497 47 47
623 497 47 47
623 497 47 47
623 497 47 47
623 496 47 47
624 497 47 47
624 497 47 47
624 497 47 47
624 497 47 47
625 497 46 46
625 497 48 48
626 498 46 46
626 497 47 47
626 497 47 47
626 497 47 47
626 497 48 48
628 499 46 46
627 498 48 48
628 499 47 47
627 498 48 48
628 499 48 48
628 499 47 47
628 499 48 48
628 500 48 48
629 500 48 48
629 501 47 47
628 500 49 49
629 500 48 48
630 502 48 48
630 501 49 49
630 501 48 48
631 502 48 48
631 502 48 48
631 502 49 49
631 502 48 48
632 503 49 49
631 503 49 49
632 503 48 48
633 504 49 49
633 504 48 48
634 505 48 48
633 504 49 49
634 504 47 47
635 505 47 47
635 506 47 47
635 505 47 47
636 506 47 47
636 506 47 47
637 507 47 47
637 507 47 47
637 507 47 47
638 508 47 47
638 508 47 47
638 508 47 47
640 509 47 47
639 509 47 47
640 509 47 47
640 509 47 47
641 510 47 47
642 511 47 47
642 513 47 47
642 513 47 47
642 513 47 47
643 513 47 47
643 513 47 47
644 513 47 47
645 513 47 47
645 512 47 47
646 511 47 47
646 510 47 47
647 510 47 47
648 509 47 47
648 509 47 47
649 508 47 47
648 507 49 49
648 508 47 47
650 506 46 46
650 504 48 48
650 504 46 46
652 502 46 46
651 502 46 46
652 500 47 47
653 499 45 45
653 497 46 46
653 497 46 46
654 496 47 47
653 494 47 47
654 493 46 46
656 491 47 47
656 492 45 45
657 490 45 45
656 489 45 45
657 488 44 44
658 486 45 45
658 486 44 44
659 485 44 44
660 483 44 44
659 482 44 44
660 481 44 44
660 480 43 43
660 478 44 44
661 477 43 43
661 475 43 43
660 474 44 44
661 473 43 43
661 472 44 44
662 472 43 43
662 470 43 43
662 469 42 42
662 467 44 44
663 467 42 42
664 465 43 43
664 464 41 41
664 464 41 41
664 462 42 42
665 461 42 42
665 461 42 42
665 459 41 41
665 458 42 42
666 457 41 41
666 456 41 41
666 455 41 41
666 454 41 41
666 453 41 41
666 452 41 41
667 451 41 41
667 451 41 41
667 450 40 40
668 449 40 40
668 448 41 41
668 447 40 40
668 446 41 41
668 445 40 40
669 444 41 41
669 444 40 40
670 444 39 39
670 442 39 39
670 441 40 40
670 440 40 40
670 439 40 40
670 438 41 41
670 438 40 40
671 438 40 40
671 437 39 39
671 436 39 39
671 435 39 39
672 434 39 39
672 434 39 39
672 433 38 38
672 432 39 39
672 432 38 38
673 431 39 39
673 431 38 38
673 431 38 38
674 431 37 37
674 430 37 37
674 429 38 38
675 429 38 38
675 429 37 37
675 428 37 37
675 427 37 37
675 426 38 38
675 426 38 38
676 426 37 37
676 425 37 37
676 424 38 38
676 424 38 38
676 424 37 37
676 424 37 37
676 423 37 37
676 422 38 38
677 422 37 37
677 421 38 38
677 421 37 37
677 420 37 37
677 419 38 38
677 419 38 38
677 419 37 37
678 418 37 37
677 417 38 38
677 417 39 39
677 417 38 38
678 416 38 38
678 416 38 38
678 416 38 38
679 416 37 37
680 416 37 37
680 416 37 37
680 415 36 36
680 414 37 37
681 414 37 37
681 414 36 36
682 414 37 37
682 414 36 36
683 414 35 35
683 414 35 35
683 414 35 35
683 413 35 35
683 412 36 36
683 412 37 37
683 413 37 37
683 413 36 36
684 414 38 38
684 415 37 37
684 416 36 36
685 416 36 36
685 416 35 35
685 416 35 35
685 416 35 35
685 415 35 35
685 414 35 35
686 413 35 35
685 412 36 36
685 412 35 35
684 412 34 34
682 412 34 34
678 410 33 33
674 409 34 34
670 408 34 34
667 408 34 34
663 407 33 33
659 406 32 32
658 406 32 32
657 404 32 32
656 403 32 32
656 401 32 32
656 400 32 32
656 399 32 32
656 398 32 32
656 396 31 31
656 395 31 31
655 395 32 32
655 392 32 32
656 392 31 31
655 391 31 31
655 390 30 30
656 389 30 30
656 388 31 31
655 386 31 31
655 386 30 30
655 385 30 30
655 384 30 30
655 383 30 30
655 382 30 30
656 381 29 29
655 380 29 29
655 379 29 29
655 378 30 30
655 376 29 29
655 376 30 30
655 375 29 29
654 374 30 30
655 372 30 30
655 372 30 30
655 371 29 29
655 370 29 29
654 369 29 29
654 368 29 29
654 367 29 29
654 367 29 29
654 366 29 29
654 365 29 29
655 364 29 29
655 364 28 28
655 363 28 28
655 362 29 29
655 362 28 28
655 361 29 29
655 360 28 28
655 359 29 29
654 359 29 29
655 358 28 28
655 358 29 29
655 356 28 28
655 356 29 29
655 356 28 28
655 356 28 28
655 355 27 27
655 354 28 28
655 354 28 28
655 353 27 27
655 353 27 27
655 351 27 27
655 351 27 27
655 351 27 27
655 351 27 27
655 350 27 27
655 350 27 27
655 349 27 27
655 349 27 27
655 348 27 27
655 348 26 26
656 347 27 27
656 347 27 27
656 346 27 27
655 346 27 27
656 345 27 27
656 345 27 27
656 345 27 27
656 344 27 27
656 344 27 27
656 343 27 27
656 343 27 27
656 343 27 27
656 342 27 27
656 342 27 27
656 341 27 27
656 341 27 27
657 341 26 26
658 341 26 26
658 341 26 26
658 341 26 26
658 341 26 26
658 340 26 26
658 340 26 26
658 339 26 26
659 339 26 26
659 339 26 26
659 339 26 26
659 338 26 26
659 338 26 26
659 338 26 26
659 338 26 26
659 337 25 25
659 336 26 26
659 336 27 27
659 336 26 26
659 336 26 26
659 336 26 26
659 336 26 26
659 335 26 26
659 335 26 26
659 335 26 26
659 335 26 26
659 335 26 26
659 335 26 26
659 335 26 26
659 335 26 26
659 335 25 25
659 334 26 26
659 334 26 26
659 334 26 26
659 334 26 26
659 334 25 25
659 333 25 25
659 333 26 26
659 333 26 26
659 333 25 25
659 333 25 25
659 333 25 25
660 332 25 25
660 332 25 25
660 332 25 25
660 332 25 25
660 332 25 25
660 332 25 25
660 332 25 25
660 332 24 24
661 332 24 24
661 332 24 24
661 332 24 24
661 331 24 24
661 331 24 24
661 331 24 24
661 331 24 24
661 331 23 23
661 330 24 24
661 330 24 24
661 330 24 24
661 330 24 24
661 330 23 23
661 329 24 24
661 329 24 24
661 329 24 24
661 329 23 23
661 328 24 24
660 328 24 24
661 328 24 24
661 328 24 24
661 328 24 24
661 328 24 24
661 327 24 24
660 327 24 24
660 327 24 24
660 326 24 24
660 326 25 25
660 326 24 24
660 326 24 24
660 326 24 24
660 326 24 24
660 325 24 24
660 325 24 24
660 325 24 24
660 325 24 24
660 325 24 24
660 325 24 24
660 324 24 24
660 324 24 24
660 324 24 24
660 324 24 24
660 324 23 23
659 323 24 24
659 323 24 24
659 323 23 23
659 323 24 24
659 323 23 23
659 322 23 23
659 322 24 24
659 322 23 23
659 322 23 23
659 321 23 23
658 321 24 24
658 321 23 23
658 321 23 23
658 321 23 23
658 321 23 23
659 320 22 22
659 321 22 22
659 321 22 22
659 320 22 22
659 320 22 22
659 320 22 22
659 319 22 22
659 319 23 23
658 317 23 23
658 317 23 23
658 317 23 23
658 317 23 23
658 317 23 23
658 317 22 22
659 317 22 22
659 317 22 22
658 317 22 22
658 317 22 22
658 317 22 22
658 316 21 21
658 316 22 22
658 316 22 22
658 316 22 22
658 315 21 21
658 315 22 22
658 315 21 21
658 315 21 21
658 314 21 21
658 314 22 22
658 314 21 21
658 313 21 21
658 313 22 22
658 312 21 21
658 311 22 22
658 311 22 22
658 311 22 22
658 311 22 22
658 311 22 22
658 310 21 21
658 310 22 22
658 310 22 22
658 310 21 21
658 310 21 21
658 310 21 21
658 309 21 21
657 309 22 22
658 309 21 21
658 308 21 21
658 308 21 21
657 308 21 21
657 308 21 21
658 307 20 20
658 307 21 21
657 307 21 21
657 307 20 20
658 307 20 20
658 307 21 21
658 307 20 20
658 307 20 20
658 307 20 20
658 307 20 20
658 307 20 20
658 307 20 20
658 307 20 20
658 307 20 20
658 306 20 20
657 306 21 21
657 305 20 20
657 306 20 20
657 305 21 21
656 305 21 21
656 305 21 21
656 305 21 21
656 305 21 21
656 304 21 21
656 304 21 21
656 304 21 21
656 304 21 21
656 304 21 21
656 304 21 21
656 304 21 21
656 304 21 21
655 304 21 21
655 305 21 21
655 304 21 21
655 304 20 20
656 305 20 20
656 306 20 20
656 306 21 21
655 305 20 20
655 306 20 20
655 306 20 20
655 306 21 21
655 306 20 20
655 306 20 20
655 306 20 20
655 307 19 19
654 307 20 20
654 307 19 19
654 307 20 20
654 307 20 20
654 307 21 21
653 307 20 20
653 308 20 20
653 308 19 19
653 308 19 19
653 308 19 19
653 309 19 19
652 310 20 20
651 311 19 19
651 312 19 19
651 313 18 18
651 313 18 18
651 313 18 18
650 314 18 18
651 314 17 17
650 315 17 17
649 315 16 16
650 316 16 16
650 316 16 16
650 316 16 16
649 316 16 16
649 316 16 16
649 316 16 16
649 316 16 16
649 316 16 16
648 315 16 16
649 315 15 15
648 315 15 15
648 314 15 15
648 314 14 14
648 314 14 14
648 314 13 13
648 314 13 13
648 314 13 13
647 313 13 13
647 312 13 13
647 312 13 13
647 312 12 12
648 312 12 12
647 312 12 12
647 311 12 12
647 311 12 12
646 310 12 12
646 310 12 12
646 309 12 12
646 308 12 12
646 308 12 12
646 307 12 12
646 306 12 12
646 305 12 12
646 305 12 12
645 305 11 11
646 305 12 12
646 304 12 12
645 304 12 12
645 304 12 12
645 303 12 12
645 302 12 12
645 302 12 12
645 301 12 12
646 300 12 12
647 299 12 12
647 298 12 12
647 298 13 13
646 297 13 13
646 296 14 14
646 295 15 15
645 294 16 16
645 294 16 16
645 293 16 16
645 293 16 16
645 293 16 16
645 293 16 16
645 292 16 16
645 292 16 16
