572 407 42 35
571 407 42 35
571 408 42 35
570 409 42 35
569 409 43 36
568 410 43 36
567 410 44 37
567 411 43 36
567 412 43 36
566 413 43 36
565 414 44 36
565 415 44 36
564 416 44 36
564 417 43 36
563 417 43 36
564 418 44 37
567 419 43 36
567 419 45 37
568 420 45 37
570 421 44 36
570 423 43 36
569 423 44 37
570 424 43 36
569 425 43 36
569 426 43 36
568 428 43 36
567 428 44 37
567 429 44 37
566 429 45 37
565 430 45 37
565 432 44 36
565 434 44 36
564 434 45 37
563 434 45 37
562 435 45 37
562 437 45 37
561 437 46 37
561 439 45 36
560 441 45 36
560 442 46 36
558 443 46 36
559 445 45 36
557 445 46 37
557 446 46 37
556 447 46 37
555 448 46 37
554 449 46 37
554 450 46 37
553 450 47 38
550 452 47 38
551 453 47 38
551 454 47 38
553 454 47 38
554 456 46 38
555 455 47 39
555 457 47 39
557 458 49 40
559 460 48 39
562 462 48 39
563 463 49 40
565 464 48 40
568 464 48 40
571 465 48 40
573 466 47 39
575 466 48 40
577 467 48 40
580 467 49 41
582 467 48 40
587 469 48 40
588 468 49 40
591 469 48 39
594 469 49 40
594 470 48 39
595 469 49 40
595 470 48 39
596 469 48 39
597 470 48 39
597 469 50 40
596 470 49 39
597 469 50 40
598 469 49 39
599 468 49 39
601 467 49 39
603 466 50 40
606 465 49 39
606 463 49 39
608 463 49 39
608 462 49 39
610 461 50 39
612 462 48 37
612 461 50 38
613 462 49 37
614 461 50 37
615 461 49 36
613 461 50 37
616 459 51 38
615 460 49 36
616 459 51 38
617 459 49 36
617 458 50 37
619 458 48 36
619 458 49 36
618 458 49 36
620 457 49 36
618 457 49 36
620 456 50 37
621 457 48 35
622 456 49 36
621 457 47 35
623 455 48 35
622 456 47 34
621 456 49 35
623 455 47 34
622 455 48 35
624 454 47 34
624 455 47 34
624 456 45 33
625 454 47 34
624 454 46 33
626 455 47 34
625 455 45 33
626 453 45 33
625 454 46 33
626 452 47 34
625 453 46 33
626 452 48 34
625 453 47 33
626 453 46 32
626 453 47 33
626 453 46 32
626 453 47 33
626 452 46 33
626 451 47 34
625 451 47 34
626 451 48 34
626 452 47 33
625 452 47 33
625 451 47 33
626 451 48 34
626 451 48 34
626 451 47 33
625 451 48 33
631 451 39 33
632 451 39 33
631 451 39 33
632 451 39 33
631 451 39 33
632 451 39 33
632 451 39 33
630 451 41 35
630 451 41 35
630 451 41 35
630 451 41 35
629 451 41 35
630 451 41 35
630 452 40 34
630 452 41 35
629 452 41 35
629 452 41 35
629 452 40 34
629 452 41 35
629 452 41 35
628 452 41 35
628 452 41 35
628 452 41 35
627 452 41 35
626 451 43 36
625 451 43 36
624 451 44 37
626 451 42 36
625 451 43 37
625 451 42 37
627 450 42 37
627 451 40 36
627 451 41 37
628 452 40 36
628 452 40 36
628 452 40 36
628 452 39 35
627 451 40 36
627 451 40 36
627 451 40 36
627 451 39 36
627 451 39 36
627 451 39 36
627 451 39 36
627 451 39 36
627 451 39 36
627 451 38 35
627 450 39 36
626 450 39 36
625 450 39 36
625 450 40 37
626 449 39 36
625 450 38 36
625 449 39 37
625 449 38 36
625 449 39 37
625 450 38 36
625 449 38 36
625 449 38 36
625 449 38 36
625 449 37 35
624 449 38 36
625 448 38 36
624 448 38 36
624 448 39 37
624 448 38 36
624 448 38 36
624 448 38 36
624 448 38 36
624 448 38 36
623 448 38 36
623 447 38 36
623 447 38 36
622 447 38 36
622 446 39 37
622 447 38 36
622 447 38 36
622 447 37 35
622 446 38 36
622 446 37 35
621 446 37 35
621 445 38 36
621 445 38 36
620 445 38 36
620 445 39 37
620 445 37 35
620 444 38 36
620 444 38 36
620 444 38 36
620 444 38 36
620 444 37 35
619 444 37 35
619 444 37 35
619 444 37 35
619 444 37 35
619 443 38 36
619 443 37 35
619 443 37 35
618 443 37 35
618 442 38 36
618 442 37 35
618 442 38 36
618 442 37 35
618 442 37 35
618 442 37 35
618 442 37 35
618 442 36 34
618 442 37 35
618 442 36 34
618 442 36 34
618 442 36 34
618 442 36 34
618 442 36 34
617 442 36 34
617 441 37 35
617 441 36 34
617 441 36 34
617 442 36 34
617 442 35 34
617 441 36 35
617 441 35 34
617 441 35 34
617 441 35 34
616 441 35 34
616 441 36 35
616 441 35 34
616 441 35 34
616 441 35 34
616 441 35 34
616 441 35 34
616 441 35 34
616 441 35 34
616 440 35 34
615 440 35 34
615 440 35 34
614 440 35 34
614 440 36 35
614 440 35 34
614 440 35 34
614 440 35 34
614 440 35 34
613 440 35 34
613 440 35 34
613 440 35 34
613 440 35 34
612 440 35 34
612 440 35 34
612 440 35 34
612 440 35 34
611 440 35 34
611 440 35 34
611 440 35 34
