1988 527 138 65
1989 526 140 66
1990 528 141 67
1992 527 141 67
1992 526 143 68
1994 528 141 67
1999 529 140 66
2000 529 141 67
2002 529 141 67
2004 530 140 67
2004 529 141 68
2005 530 140 68
2007 532 139 68
2009 532 139 68
2009 533 139 68
2010 534 139 68
2011 533 140 69
2013 534 139 69
2014 534 140 69
2015 535 139 68
2017 536 137 67
2020 537 135 66
2021 538 135 66
2022 538 135 66
2024 539 134 65
2025 538 137 66
2024 539 137 66
2027 539 136 65
2025 540 138 66
2027 541 138 66
2026 540 139 66
2027 541 140 67
2028 539 142 68
2030 541 141 67
2030 540 143 68
2030 542 143 68
2033 544 141 67
2033 544 145 69
2036 546 144 68
2037 548 145 68
2039 550 143 67
2042 550 143 67
2043 551 145 68
2043 550 148 69
2047 551 147 69
2049 552 149 70
2049 553 148 70
2054 554 146 69
2052 554 146 69
2055 555 147 69
2056 556 149 70
2057 555 150 70
2058 556 149 70
2061 558 149 70
2060 557 152 72
2063 558 152 72
2063 558 151 71
2064 560 152 71
2067 561 152 71
2069 562 151 71
2069 563 152 71
2071 564 152 71
2074 565 152 71
2077 566 153 71
2078 566 155 72
2077 566 158 73
2080 567 156 72
2079 569 154 71
2082 570 152 70
2084 571 149 69
2085 571 149 69
2088 572 148 69
2092 573 148 69
2090 574 150 70
2093 575 149 70
2094 576 151 71
2092 576 151 71
2094 577 150 71
2095 578 150 71
2097 579 151 71
2099 579 153 72
2100 580 156 74
2102 580 155 73
2102 582 155 73
2105 582 155 73
2104 584 156 73
2107 585 156 73
2107 586 155 72
2108 587 158 73
2111 590 158 73
2113 592 156 72
2113 593 154 71
2116 594 153 71
2118 595 152 71
2123 596 153 71
2122 598 153 71
2128 599 154 72
2127 600 153 72
2132 601 153 72
2132 604 152 72
2138 605 151 72
2132 606 154 73
2137 607 152 72
2139 609 151 72
2144 611 150 72
2146 613 150 72
2149 614 148 71
2151 615 150 72
2153 616 151 72
2152 617 149 71
2152 618 148 71
2157 620 147 70
2158 622 146 70
2164 623 143 68
2168 623 140 67
2173 620 138 66
2170 620 140 67
2169 623 140 67
2173 626 142 68
2177 626 142 68
2177 626 142 68
2179 627 143 68
2180 628 143 68
2184 629 145 69
2189 631 146 69
2194 632 145 68
2195 634 143 67
2195 635 142 67
2204 635 143 67
2202 635 143 68
2196 638 141 67
2197 637 138 66
2198 637 138 66
2197 637 140 67
2198 636 138 66
2201 636 139 66
2204 635 141 67
2211 635 144 68
2217 634 148 70
2222 635 151 71
2224 635 156 73
2232 671 157 73
2232 672 157 74
2233 670 161 76
2236 671 162 76
2239 672 162 76
2243 672 161 76
2249 671 161 76
2253 673 162 77
2256 676 165 78
2257 679 168 79
2257 680 170 80
2257 678 173 81
2262 680 174 82
2266 682 175 83
2270 683 176 83
2271 687 176 83
2274 690 173 82
2276 694 170 81
2280 697 166 79
2284 698 162 77
2286 702 159 76
2290 704 157 75
2290 705 155 74
2294 705 150 72
2299 704 146 70
2306 704 141 67
2310 704 136 65
2306 705 134 64
2312 707 128 61
2316 710 125 60
2318 713 122 58
2325 720 123 58
2326 719 123 58
2327 719 119 56
2329 722 114 54
2334 726 110 52
2337 728 107 50
2337 730 105 49
2340 733 105 49
2341 735 106 50
2345 737 107 50
2349 740 108 51
2352 742 110 52
2356 744 112 53
2359 746 115 54
2362 748 118 55
2366 750 120 56
2369 753 121 57
2373 755 122 58
2375 759 124 59
2378 760 126 60
2383 762 126 60
2387 765 127 61
2391 766 129 62
2395 768 128 62
2400 770 129 63
2408 771 128 62
2409 772 130 63
2412 774 132 64
2417 776 132 64
2420 779 134 65
2421 782 135 66
2424 786 134 66
2429 789 132 65
2431 792 131 65
2443 796 132 65
2436 800 132 66
2436 801 132 66
2438 804 129 65
2440 808 127 64
2443 813 124 63
2475 820 123 62
2466 823 123 63
2458 823 129 66
2455 822 135 69
2492 829 136 69
2487 829 136 70
2479 829 143 73
2464 828 150 76
2510 841 149 75
2517 838 149 76
2520 840 149 76
2519 841 149 76
2526 845 149 76
2517 846 149 76
2519 848 149 76
2553 862 151 77
2559 877 141 69
2536 874 142 69
2554 850 141 68
2535 865 142 68
2552 855 138 65
2553 868 136 64
2540 870 136 65
2559 869 137 65
2565 875 134 64
2549 878 135 64
2568 876 135 64
2546 892 135 63
2526 909 135 63
2516 907 134 63
2516 907 134 63
2516 907 134 63
2516 907 134 63
2516 907 134 63
2496 912 136 64
2496 912 136 64
2502 919 137 64
2499 925 137 64
2499 925 137 64
2499 925 137 64
2499 925 137 64
2499 925 137 64
2499 925 137 64
2499 925 137 64
2499 925 137 64
2499 925 137 64
2499 925 137 64
2499 925 137 64
2499 925 137 64
2499 925 137 64
2499 925 137 64
2499 925 137 64
2499 925 137 64
2499 925 137 64
2499 925 137 64
2499 925 137 64
2499 925 137 64
2499 925 137 64
2499 925 137 64
2499 925 137 64
2499 925 137 64
2499 925 137 64
2499 925 137 64
2499 925 137 64
2499 925 137 64
2499 925 137 64
2546 1011 136 63
2547 1044 137 64
2542 1053 138 64
2533 1045 135 63
2538 1050 136 63
2525 1053 135 63
2525 1053 135 63
2525 1053 135 63
2525 1053 135 63
2529 1092 136 63
2523 1091 137 64
2527 1096 135 63
2522 1099 135 63
2537 1103 137 64
2538 1109 137 64
2560 1118 139 65
2548 1116 138 64
2541 1121 138 65
2557 1131 139 65
2542 1136 139 66
2535 1140 139 66
2529 1145 139 66
2535 1148 139 66
2529 1152 139 66
2532 1156 139 66
2527 1160 139 66
2530 1163 139 66
2526 1169 139 66
2529 1175 139 66
2534 1179 139 66
2551 1183 139 66
2544 1192 140 66
2563 1197 141 66
2547 1204 141 67
2561 1205 144 68
2544 1208 144 68
2543 1217 144 68
2538 1225 144 68
2529 1232 146 69
2508 1235 147 69
2501 1242 150 71
2489 1245 146 69
2488 1251 148 70
2493 1256 150 70
2478 1262 150 71
2487 1268 155 73
2475 1274 155 73
2481 1281 157 74
2505 1286 159 75
2518 1291 159 75
2524 1298 159 75
2517 1304 159 75
2520 1311 159 75
2517 1318 159 75
2515 1325 159 75
2512 1331 159 75
2513 1336 159 75
2510 1340 159 75
2480 1352 150 71
2480 1352 150 71
2399 1370 152 72
2394 1375 153 72
2383 1380 158 74
2373 1385 164 77
2361 1385 170 80
2382 1400 170 80
2389 1401 171 80
2393 1402 175 82
2406 1404 175 82
2416 1406 175 82
2362 1432 176 82
2369 1426 177 83
2337 1444 162 76
2337 1453 151 71
2356 1456 144 68
2374 1463 140 65
2357 1467 138 65
2357 1467 138 65
2357 1467 138 65
2357 1467 138 65
2357 1467 138 65
2357 1467 138 65
2357 1467 138 65
2357 1467 138 65
2357 1467 138 65
2357 1467 138 65
2357 1467 138 65
2357 1467 138 65
2357 1467 138 65
2357 1467 138 65
2357 1467 138 65
2357 1467 138 65
2357 1467 138 65
2357 1467 138 65
2357 1467 138 65
2357 1467 138 65
2357 1467 138 65
2357 1467 138 65
2357 1467 138 65
2357 1467 138 65
2357 1467 138 65
2357 1467 138 65
2357 1467 138 65
2357 1467 138 65
2357 1467 138 65
2357 1467 138 65
2357 1467 138 65
2357 1467 138 65
2357 1467 138 65
2357 1467 138 65
2357 1467 138 65
2357 1467 138 65
2357 1467 138 65
2357 1467 138 65
2357 1467 138 65
2357 1467 138 65
2357 1467 138 65
2357 1467 138 65
2357 1467 138 65
2357 1467 138 65
2357 1467 138 65
2357 1467 138 65
2357 1467 138 65
2357 1467 138 65
2357 1467 138 65
2357 1467 138 65
2357 1467 138 65
2357 1467 138 65
2357 1467 138 65
2357 1467 138 65
2357 1467 138 65
2357 1467 138 65
2357 1467 138 65
2357 1467 138 65
2357 1467 138 65
2285 1392 137 64
2287 1394 137 65
2291 1407 136 64
2290 1410 136 65
2306 1422 134 64
2304 1427 134 64
2323 1444 135 64
2333 1443 136 65
2333 1451 135 64
2336 1447 134 64
2336 1447 134 64
2336 1447 134 64
2336 1447 134 64
2336 1447 134 64
2336 1447 134 64
2336 1447 134 64
2336 1447 134 64
2336 1447 134 64
2336 1447 134 64
2336 1447 134 64
2336 1447 134 64
2336 1447 134 64
2336 1447 134 64
2336 1447 134 64
2336 1447 134 64
2336 1447 134 64
2336 1447 134 64
2336 1447 134 64
2336 1447 134 64
2336 1447 134 64
2336 1447 134 64
2336 1447 134 64
2336 1447 134 64
2336 1447 134 64
2336 1447 134 64
2336 1447 134 64
2336 1447 134 64
2336 1447 134 64
2336 1447 134 64
2231 1387 135 64
2229 1390 136 64
2239 1395 136 65
2245 1399 137 66
2264 1431 135 65
2271 1439 135 65
2277 1441 135 65
2276 1437 135 65
2283 1442 135 65
2277 1451 133 64
2280 1445 133 64
2288 1444 133 64
2292 1441 133 64
2290 1454 133 64
2293 1453 135 64
2265 1426 135 64
2261 1430 135 64
2264 1435 135 64
2269 1440 135 64
2271 1444 135 64
2282 1446 135 64
2300 1454 132 62
2310 1451 134 63
2312 1453 135 63
2341 1452 136 64
2370 1454 135 63
2411 1449 137 64
2430 1446 139 65
2421 1450 140 66
2441 1449 141 66
2456 1446 142 67
2478 1443 144 67
2496 1448 141 66
2511 1448 143 67
2529 1452 141 66
2535 1448 140 66
2535 1448 139 65
2540 1456 136 64
2546 1453 136 63
2535 1455 137 64
2535 1455 137 64
2535 1455 137 64
2535 1455 137 64
2535 1455 137 64
2535 1455 137 64
2535 1455 137 64
2535 1455 137 64
2535 1455 137 64
2486 1449 139 65
2501 1445 140 66
2501 1445 140 66
2380 1479 139 65
2380 1479 139 65
2380 1479 139 65
2380 1479 139 65
2380 1479 139 65
2380 1479 139 65
2380 1479 139 65
2380 1479 139 65
2380 1479 139 65
2380 1479 139 65
2380 1479 139 65
2380 1479 139 65
2380 1479 139 65
2380 1479 139 65
2380 1479 139 65
2299 1412 139 65
2299 1446 140 65
2294 1442 140 66
2303 1444 140 66
2312 1444 140 66
2333 1449 141 66
2330 1441 141 67
2340 1443 141 67
2350 1438 141 67
2363 1437 141 67
2370 1439 141 67
2412 1428 139 66
2482 1370 138 65
2478 1370 138 65
2510 1368 138 65
2521 1368 138 65
2530 1368 138 65
2531 1406 138 65
2534 1408 138 65
2522 1325 136 64
2527 1323 137 64
2535 1324 137 64
2541 1327 137 64
2484 1284 136 63
2449 1253 136 64
2449 1248 137 64
2453 1243 138 65
2458 1244 140 66
2458 1246 142 67
2458 1243 146 69
2458 1240 151 71
2460 1236 157 74
2488 1271 155 73
2494 1268 156 73
2515 1307 144 67
2516 1305 144 68
2514 1305 144 68
2486 1316 140 66
2479 1313 141 66
2492 1335 142 66
2488 1333 142 67
2504 1350 143 67
2463 1366 139 65
2497 1378 141 66
2477 1389 138 65
2469 1405 139 65
2414 1400 141 66
2415 1421 142 67
2405 1420 143 67
2440 1447 144 67
2414 1437 144 68
2447 1452 139 65
2443 1454 141 66
2404 1417 139 65
2394 1416 140 66
2393 1417 140 66
2400 1419 134 63
2425 1454 132 62
2409 1444 132 62
2421 1445 132 62
2432 1445 132 62
2428 1456 136 64
2466 1430 135 64
2466 1433 136 64
2501 1442 139 65
2495 1445 142 66
2510 1448 140 66
2526 1407 142 66
2516 1422 142 66
2519 1444 143 67
2525 1454 139 65
2529 1452 141 66
2478 1415 137 64
2486 1409 137 65
2499 1417 134 63
2497 1429 134 63
2516 1444 137 64
2520 1444 137 65
2527 1458 137 65
2527 1458 137 65
2527 1458 137 65
2443 1419 139 66
2411 1442 140 66
2374 1453 138 65
2392 1454 140 66
2388 1441 140 66
2390 1452 139 65
2409 1453 140 66
2399 1444 140 66
2454 1456 137 64
2450 1446 137 65
2422 1455 137 64
2418 1446 138 65
2428 1453 138 65
2430 1455 138 65
2427 1445 139 65
2470 1457 136 63
2468 1447 136 64
2480 1454 136 64
2476 1446 137 64
2421 1454 139 65
2419 1448 139 65
2363 1455 138 64
2366 1446 138 65
2368 1455 138 64
2385 1452 141 66
2413 1450 142 67
2434 1451 145 68
2462 1451 144 68
2481 1452 142 67
2499 1453 141 66
2515 1410 139 65
2481 1381 137 64
2517 1354 137 64
2497 1361 136 64
2488 1375 135 63
2490 1393 136 64
2517 1453 134 63
2520 1444 135 63
2531 1452 132 62
2530 1446 133 62
2511 1454 133 62
2533 1457 134 62
2524 1454 137 64
2519 1456 138 64
2508 1454 140 65
2454 1454 136 64
2448 1445 136 64
2432 1455 138 64
2431 1444 138 65
2441 1455 138 65
2467 1457 137 64
2470 1456 140 66
2467 1445 140 66
2466 1455 138 65
2457 1456 138 65
2453 1446 138 65
2417 1454 140 66
2412 1456 141 66
2468 1455 141 66
2462 1453 140 66
2473 1456 139 65
2493 1453 142 67
2493 1456 141 66
2462 1455 140 66
2468 1458 140 66
2458 1461 139 65
2435 1455 139 65
2428 1447 140 66
2485 1458 138 65
2471 1455 140 66
2443 1457 137 65
2439 1457 139 65
2460 1457 137 64
2472 1457 139 65
2519 1453 141 66
2514 1457 140 66
2496 1456 141 66
2496 1456 141 66
2496 1456 141 66
2510 1454 140 66
2521 1458 139 65
2533 1459 138 65
2543 1458 135 63
2558 1458 136 64
2558 1458 136 64
2558 1458 136 64
2558 1458 136 64
2558 1458 136 64
2558 1458 136 64
2558 1458 136 64
2558 1458 136 64
2558 1458 136 64
2558 1458 136 64
2558 1458 136 64
2558 1458 136 64
2558 1458 136 64
2558 1458 136 64
2558 1458 136 64
2558 1458 136 64
2558 1458 136 64
2558 1458 136 64
2558 1458 136 64
2558 1458 136 64
2558 1458 136 64
2558 1458 136 64
2558 1458 136 64
2558 1458 136 64
2558 1458 136 64
2558 1458 136 64
2558 1458 136 64
2558 1458 136 64
2558 1458 136 64
2558 1458 136 64
2558 1458 136 64
2558 1458 136 64
2558 1458 136 64
2558 1458 136 64
2558 1458 136 64
2558 1458 136 64
2515 1454 139 66
2517 1456 141 66
2492 1453 141 66
2507 1456 140 66
2522 1457 139 66
2516 1455 140 66
2463 1462 135 63
2436 1460 135 63
2399 1460 135 64
2384 1460 136 64
2377 1460 135 63
2349 1462 135 64
2316 1459 137 64
2306 1456 137 64
2321 1463 134 63
2316 1450 134 63
2390 1455 137 64
2452 1458 137 64
2445 1447 137 65
2457 1458 135 63
2446 1446 136 64
2488 1458 134 63
2451 1459 134 63
2443 1449 135 63
2454 1459 133 62
2447 1448 133 62
2426 1458 136 63
2427 1448 137 64
2412 1457 138 64
2401 1458 137 64
2400 1446 137 64
2399 1457 138 65
2402 1449 139 65
2405 1457 137 64
2406 1446 138 64
2427 1457 139 64
2415 1457 140 65
2405 1446 140 65
2431 1457 140 65
2411 1456 140 65
2395 1456 140 65
2391 1444 141 66
2399 1456 141 66
2392 1446 142 67
2434 1457 138 65
2453 1455 142 66
2451 1444 142 67
2476 1455 142 67
2477 1445 143 67
2455 1455 143 67
2429 1456 139 65
2420 1456 140 66
2431 1457 140 66
2430 1446 141 66
2406 1457 140 65
2409 1445 140 66
2362 1454 142 67
2366 1456 142 67
2355 1443 143 67
2362 1455 144 67
2358 1444 144 68
2355 1455 141 66
2350 1445 141 67
2375 1455 140 66
2393 1455 141 67
2393 1445 142 67
2420 1455 141 66
2435 1457 140 66
2459 1455 142 66
2478 1453 143 67
2462 1441 144 68
2494 1454 142 67
2479 1444 142 67
2511 1456 140 66
2507 1455 141 66
2519 1454 141 66
2521 1456 141 66
2533 1456 140 66
2527 1456 139 65
2540 1456 140 66
2561 1455 141 66
2561 1455 141 66
2481 1457 135 63
2487 1456 137 64
2494 1456 137 64
2503 1456 138 65
2493 1457 138 65
2477 1456 138 65
2460 1459 138 64
2434 1459 136 64
2466 1435 135 63
2407 1450 136 64
2414 1459 132 62
2416 1459 136 64
2402 1446 136 64
2393 1457 137 64
2395 1447 138 65
2417 1457 136 64
2419 1446 137 64
2440 1457 137 64
2445 1457 139 65
2445 1445 139 65
2476 1457 139 65
2470 1444 139 65
2485 1456 138 65
2486 1456 139 65
2481 1455 138 65
2479 1457 138 65
2485 1445 138 65
2502 1455 139 65
2489 1445 139 66
2510 1455 139 66
2512 1456 141 67
2495 1454 139 66
2474 1444 140 66
2468 1454 140 66
2457 1444 140 66
2456 1456 141 66
2449 1455 143 67
2430 1444 144 68
2447 1454 142 67
2427 1456 141 66
2438 1453 143 67
2453 1455 143 67
2430 1453 142 67
2431 1455 142 67
2446 1457 140 66
2400 1454 136 64
2383 1458 135 63
2383 1458 135 63
2358 1452 136 64
2371 1454 140 66
2364 1444 140 66
2362 1455 137 64
2359 1447 137 65
2378 1456 135 64
2405 1456 137 64
2405 1446 137 65
2375 1455 139 66
2385 1456 138 65
2402 1455 139 65
2384 1445 139 66
2393 1454 138 65
2399 1454 141 67
2378 1455 140 66
2373 1455 140 66
2391 1454 142 67
2415 1452 144 68
2420 1454 142 67
2441 1452 142 67
2474 1454 140 66
2501 1454 142 67
2528 1449 143 67
2518 1453 141 66
2506 1454 142 67
2509 1454 140 65
2515 1454 140 66
2528 1452 141 66
2528 1452 141 66
2528 1452 141 66
2493 1455 139 65
2434 1450 137 65
2420 1456 136 64
2409 1453 139 65
2390 1457 139 65
2425 1455 139 65
2406 1452 138 65
2407 1454 139 65
2408 1449 140 66
2402 1454 139 65
2391 1444 140 66
2420 1454 140 66
2436 1454 140 66
2408 1456 138 65
2406 1456 137 64
2406 1456 137 64
2418 1451 139 65
2407 1456 135 63
2407 1456 135 63
2348 1455 135 64
2326 1453 138 65
2347 1455 138 65
2357 1454 137 64
2350 1431 137 64
2282 1434 138 65
2201 1452 140 66
2176 1454 139 65
2159 1454 142 67
2162 1453 142 67
2166 1455 141 66
2160 1452 142 66
2153 1453 143 67
2163 1452 146 68
2174 1451 146 68
2160 1451 147 69
2153 1452 146 68
2157 1452 146 68
2189 1454 143 67
2167 1453 143 67
2165 1454 143 67
2176 1455 141 66
2160 1455 141 66
2162 1453 142 66
2153 1455 142 66
2150 1453 142 66
2164 1455 140 66
2149 1454 142 66
2147 1455 142 66
2155 1454 141 66
2153 1454 141 66
2159 1453 142 67
2172 1454 145 68
2157 1453 144 67
2178 1452 144 68
2155 1453 142 67
2153 1454 142 67
2157 1453 144 68
2161 1453 142 67
2154 1453 143 67
2154 1453 144 67
2142 1452 144 68
2139 1453 142 66
2132 1454 142 67
2131 1453 143 67
2140 1451 143 67
2130 1454 143 67
2130 1454 143 67
2233 1452 143 67
2251 1454 141 66
2260 1454 141 66
2260 1454 141 66
2260 1454 141 66
2280 1453 141 66
2298 1453 142 66
2306 1452 144 67
2322 1453 143 67
2330 1451 143 67
2341 1457 142 67
2354 1455 139 65
2366 1456 140 65
2421 1453 142 66
2419 1453 142 67
2433 1454 143 67
2447 1455 140 66
2438 1455 140 66
2459 1452 144 67
2487 1453 143 67
2488 1453 143 67
2493 1454 142 66
2498 1453 141 66
2480 1454 139 65
2446 1454 136 64
2435 1458 133 63
2429 1454 135 64
2449 1456 136 64
2462 1457 136 64
2446 1455 138 65
2419 1455 137 65
2374 1458 135 63
2335 1455 138 65
2328 1454 140 66
2312 1454 141 66
2312 1456 138 65
2355 1456 138 65
2390 1453 141 66
2424 1454 140 66
2435 1454 139 65
2467 1455 138 65
2457 1455 134 63
2406 1453 134 63
2396 1455 136 64
2338 1447 138 65
2343 1443 138 65
2374 1456 137 64
2378 1445 138 65
2408 1456 138 65
2408 1445 139 65
2449 1456 139 65
2469 1454 139 65
2496 1453 140 65
2501 1452 142 67
2519 1452 143 67
2521 1452 142 67
2528 1452 142 66
2528 1452 142 66
2513 1455 138 64
2530 1454 139 65
2517 1453 141 66
2477 1457 137 64
2485 1455 140 65
2500 1455 138 65
2518 1454 139 65
2501 1456 139 65
2458 1457 136 64
2395 1452 135 64
2384 1457 137 64
2368 1445 137 65
2373 1456 136 64
2362 1448 136 65
2392 1460 136 64
2392 1460 136 64
2392 1460 136 64
2392 1460 136 64
2397 1447 136 64
2427 1457 136 64
2427 1457 136 64
2427 1457 136 64
2427 1457 136 64
2427 1457 136 64
2427 1457 136 64
2427 1457 136 64
2427 1457 136 64
2427 1457 136 64
2427 1457 136 64
2427 1457 136 64
2427 1457 136 64
2429 1452 137 64
2429 1452 137 64
2429 1452 137 64
2429 1452 137 64
2429 1452 137 64
2375 1450 138 65
2412 1454 137 64
2363 1447 139 66
2376 1457 137 64
2369 1442 139 66
2382 1416 139 65
2397 1417 139 66
2397 1417 139 66
2397 1417 139 66
2397 1417 139 66
2397 1417 139 66
2397 1417 139 66
2397 1417 139 66
2357 1454 138 65
2333 1457 137 65
2299 1457 138 65
2289 1456 138 65
2324 1452 141 66
2331 1453 143 67
2319 1444 143 68
2306 1454 138 65
2300 1444 139 66
2324 1454 139 66
2321 1446 140 66
2298 1455 138 65
2291 1456 137 64
2285 1447 137 65
2254 1456 137 64
2202 1454 137 65
2187 1455 139 65
2211 1454 138 65
2224 1455 140 66
2237 1454 142 67
2246 1455 141 66
2240 1443 142 67
2231 1455 141 66
2246 1453 143 67
2230 1453 143 67
2232 1454 143 67
2254 1453 145 68
2276 1452 145 68
2278 1443 146 69
2308 1453 145 68
2326 1454 146 69
2341 1452 148 70
2342 1442 148 70
2367 1452 147 69
2370 1443 147 70
2396 1452 148 70
2397 1448 150 71
2412 1449 150 71
2444 1451 148 70
2429 1441 149 71
2458 1453 146 69
2474 1451 148 70
2478 1449 151 71
2467 1453 149 70
2499 1448 151 72
2502 1440 152 72
2524 1451 148 70
2539 1451 147 69
2530 1445 148 70
2545 1454 142 67
2548 1454 140 66
2548 1454 140 66
2548 1454 140 66
2492 1451 137 65
2489 1455 139 65
2481 1454 140 66
2461 1455 140 66
2413 1456 137 65
2407 1447 138 65
2399 1456 136 64
2393 1455 138 65
2388 1447 138 65
2348 1456 136 63
2342 1448 136 64
2346 1457 134 63
2327 1458 135 63
2319 1449 136 64
2307 1456 135 63
2291 1455 137 64
2278 1446 137 65
2305 1455 137 65
2302 1447 137 65
2321 1456 135 64
2297 1455 139 65
2297 1447 139 66
2274 1455 137 65
2262 1446 138 65
2257 1455 136 64
2251 1457 137 64
2255 1454 139 65
2252 1446 140 66
2212 1454 140 65
2227 1452 142 66
2226 1453 143 67
2237 1453 143 67
2234 1457 140 66
2234 1457 140 66
2234 1457 140 66
2234 1457 140 66
2172 1454 135 63
2162 1456 136 64
2154 1454 139 65
2164 1446 139 66
2157 1455 138 65
2162 1447 138 65
2194 1457 137 64
2242 1456 139 65
2279 1453 141 66
2310 1454 143 67
2296 1454 143 67
2318 1452 145 68
2345 1454 145 68
2383 1452 147 69
2403 1452 146 69
2419 1454 147 69
2435 1455 145 68
2494 1454 143 67
2480 1456 142 67
2480 1456 142 67
2489 1452 141 66
2481 1455 137 64
2445 1457 136 64
2454 1456 137 65
2470 1456 139 65
2433 1457 136 64
2409 1456 137 65
2415 1445 138 65
2410 1457 138 65
2393 1444 139 66
2424 1456 139 65
2448 1458 139 66
2406 1454 139 66
2420 1455 141 67
2439 1455 143 67
2467 1452 145 68
2471 1452 147 69
2478 1442 148 70
2511 1455 143 67
2531 1453 144 68
2531 1453 144 68
2531 1453 144 68
2531 1453 144 68
2469 1456 137 64
2487 1457 137 65
2487 1457 137 65
2487 1457 137 65
2425 1452 135 64
2419 1454 135 64
2436 1453 136 64
2453 1454 137 64
2453 1454 137 64
2453 1454 137 64
2453 1454 137 64
2453 1454 137 64
2453 1454 137 64
2453 1454 137 64
2453 1454 137 64
2453 1454 137 64
2453 1454 137 64
2453 1454 137 64
2453 1454 137 64
2453 1454 137 64
2453 1454 137 64
2453 1454 137 64
2453 1454 137 64
2453 1454 137 64
2453 1454 137 64
2453 1454 137 64
2453 1454 137 64
2453 1454 137 64
2400 1452 138 65
2415 1454 138 65
2418 1454 138 65
2419 1454 138 65
2416 1454 138 65
2369 1451 138 65
2317 1455 136 64
2274 1457 135 64
2219 1455 136 64
2215 1456 136 64
2214 1447 137 65
2213 1455 136 64
2221 1454 136 64
2221 1455 136 64
2223 1453 136 64
2220 1454 136 64
2222 1454 137 65
2224 1454 137 64
2223 1455 137 64
2229 1455 137 64
2226 1454 137 64
2228 1454 137 64
2227 1453 137 64
2229 1453 137 64
2234 1452 137 64
2228 1454 136 64
2232 1452 137 64
2232 1444 138 65
2235 1452 135 64
2236 1443 136 64
2235 1454 137 64
2231 1444 138 65
2226 1444 138 65
2239 1457 141 66
2252 1455 141 66
2268 1454 143 67
2242 1452 142 67
2215 1454 141 66
2223 1453 143 67
2240 1454 144 68
2242 1453 142 67
2260 1453 142 67
2267 1454 144 68
2238 1456 141 66
2236 1455 141 66
2241 1454 142 67
2256 1452 145 68
2251 1442 145 68
2285 1452 146 68
2294 1451 149 70
2320 1456 143 67
2347 1453 146 68
2385 1452 147 69
2413 1452 146 68
2431 1453 144 68
2415 1454 145 68
2373 1455 141 66
2368 1444 141 67
2433 1455 141 66
2416 1453 143 67
2402 1454 144 68
2373 1453 143 67
2371 1443 143 68
2325 1453 143 68
2319 1443 144 68
2275 1453 143 68
2273 1441 144 68
2277 1454 138 65
2298 1456 140 66
2370 1451 141 66
2393 1455 140 66
2406 1453 140 66
2412 1455 141 66
2437 1457 141 66
2399 1455 137 64
2382 1456 137 64
2412 1456 137 65
2430 1455 139 65
2439 1448 140 66
2477 1457 140 66
2476 1443 140 66
2491 1447 140 66
2521 1457 140 66
2539 1453 141 66
2552 1452 141 66
2552 1452 141 66
2552 1452 141 66
2460 1461 136 63
2400 1456 137 65
2365 1455 137 65
2348 1455 139 65
2313 1457 138 65
2269 1455 137 65
2240 1458 136 64
2242 1445 136 64
2237 1457 138 65
2237 1446 138 65
2227 1457 137 64
2229 1446 137 65
2218 1455 138 65
2213 1446 139 66
2194 1456 139 65
2188 1444 139 66
2166 1455 141 67
2160 1443 142 67
2138 1454 143 67
2138 1442 143 68
2132 1454 141 67
2132 1444 142 67
2141 1454 140 66
2139 1444 140 66
2139 1456 140 66
2139 1442 140 66
2136 1456 138 65
2139 1444 139 66
2147 1456 139 65
2153 1455 138 65
2153 1455 138 65
2154 1455 137 65
2150 1457 137 65
2153 1456 138 65
2151 1455 138 65
2162 1455 139 65
2156 1456 138 65
2159 1455 138 65
2161 1455 138 64
2162 1455 137 64
2154 1458 137 64
2157 1456 138 64
2153 1456 137 64
2154 1445 138 65
2147 1456 137 64
2152 1446 137 65
2145 1455 137 64
2152 1447 137 65
2147 1456 136 64
2149 1446 136 65
2144 1456 135 64
2151 1448 135 64
2156 1456 133 63
2160 1446 134 63
2152 1457 136 64
2160 1455 137 64
2185 1455 137 64
2163 1456 138 65
2167 1455 138 65
2171 1445 138 65
2164 1456 137 64
2171 1447 137 65
2171 1455 136 64
2176 1446 137 65
2174 1454 135 64
2172 1454 137 65
2186 1456 139 66
2188 1453 142 67
2236 1450 143 67
2255 1453 142 66
2263 1453 143 67
2262 1454 143 67
2281 1454 144 67
2268 1456 143 67
2208 1454 136 64
2189 1455 137 65
2196 1446 138 65
2191 1456 136 64
2197 1447 137 64
2197 1456 136 63
2207 1446 136 64
2215 1455 135 63
2221 1445 135 64
2228 1448 135 64
2250 1457 134 63
2266 1461 136 64
2334 1452 138 64
2349 1455 140 65
2361 1456 140 66
2376 1454 142 67
2395 1457 141 66
2412 1454 142 67
2416 1447 143 67
2445 1457 142 66
2466 1456 142 66
2411 1448 140 66
2428 1456 138 65
2448 1456 140 66
2467 1455 143 67
2470 1445 144 68
2501 1455 144 68
2517 1452 146 69
2528 1442 146 69
2552 1453 143 67
2564 1454 141 66
2564 1454 141 66
2564 1454 141 66
2564 1454 141 66
2491 1455 136 64
2485 1457 137 64
2491 1457 138 65
2494 1456 138 65
2453 1457 137 64
2453 1457 137 64
2453 1457 137 64
2453 1457 137 64
2485 1454 140 65
2446 1455 139 65
2412 1455 139 65
2366 1455 137 64
2334 1457 137 64
2333 1446 138 65
2255 1455 137 64
2244 1443 137 64
2236 1455 138 65
2237 1445 138 65
2251 1455 138 65
2255 1446 138 65
2264 1442 138 65
2277 1455 138 65
2282 1445 139 66
2294 1443 139 66
2304 1444 139 66
2316 1445 139 66
2341 1454 140 66
2356 1452 142 67
2350 1448 139 65
2300 1458 137 64
2247 1455 136 64
2240 1456 137 64
2255 1446 137 65
2248 1456 135 63
2257 1446 135 64
2248 1457 136 64
2250 1445 137 65
2249 1456 136 64
2249 1455 137 64
2256 1445 137 65
2246 1457 137 65
2248 1455 138 65
2248 1455 139 65
2234 1455 141 66
2240 1453 140 66
2231 1444 141 66
2231 1455 138 64
2221 1457 139 65
2228 1455 139 65
2225 1446 140 66
2222 1455 136 64
2230 1445 137 64
2222 1456 138 64
2225 1445 138 65
2224 1456 136 64
2229 1446 137 64
2225 1457 137 64
2230 1446 138 65
2233 1455 136 64
2225 1458 137 64
2232 1456 138 65
2231 1457 139 65
2238 1454 139 65
2237 1454 142 66
2243 1453 142 67
2246 1453 144 68
2241 1456 143 67
2243 1454 141 66
2231 1453 142 67
2238 1452 144 68
2237 1441 145 68
2248 1451 143 67
2250 1442 144 68
2262 1452 140 66
2297 1454 142 67
2271 1443 143 67
2308 1453 143 67
2378 1454 141 66
2373 1446 141 66
2375 1444 141 66
2403 1456 140 65
2404 1448 141 66
2416 1456 137 64
2414 1449 137 64
2441 1458 137 64
2437 1450 137 64
2465 1457 137 64
2463 1450 138 64
2499 1458 140 64
2458 1455 137 64
2460 1447 138 65
2475 1455 136 64
2481 1446 137 64
2498 1446 137 64
2513 1445 137 64
2530 1446 137 64
2539 1456 137 64
2545 1448 137 64
2568 1457 136 63
2568 1457 136 63
2568 1457 136 63
2568 1457 136 63
2568 1457 136 63
2568 1457 136 63
2568 1457 136 63
2568 1457 136 63
2568 1457 136 63
2537 1444 137 64
2549 1455 135 63
2490 1458 134 63
2468 1455 137 64
2491 1455 140 66
2509 1454 142 66
2468 1455 139 65
2457 1454 140 66
2414 1455 137 65
2412 1446 138 65
2346 1455 140 65
2327 1455 139 65
2285 1456 137 64
2278 1445 138 65
2289 1456 138 65
2295 1454 140 66
2310 1454 141 66
2328 1455 142 67
2346 1454 142 67
2379 1454 141 66
2402 1452 144 67
2418 1451 144 68
2437 1452 144 68
2453 1453 143 67
2452 1442 144 68
2467 1452 144 68
2468 1442 144 68
2486 1453 144 68
2489 1444 144 68
2493 1454 141 66
2490 1444 141 67
2519 1454 140 66
2525 1452 143 67
2521 1452 142 67
2507 1452 144 68
2508 1442 144 68
2498 1453 143 67
2500 1443 144 68
2505 1453 141 66
2482 1454 140 66
2475 1445 140 66
2449 1454 140 65
2447 1446 140 66
2428 1456 137 64
2425 1447 137 65
2415 1456 134 63
2412 1448 135 64
2413 1457 134 63
2410 1450 135 64
2410 1458 131 62
2394 1455 137 64
2395 1447 137 65
2364 1456 136 64
2355 1447 137 64
2372 1456 136 63
2355 1455 138 65
2355 1447 139 65
2298 1455 138 65
2299 1447 139 65
2293 1456 136 63
2289 1448 136 64
2284 1457 134 63
2282 1449 135 63
2294 1456 137 64
2290 1447 137 64
2319 1457 137 64
2315 1448 137 64
2339 1454 138 64
2357 1453 140 65
2375 1453 141 66
2388 1453 142 66
2404 1453 143 67
2426 1452 144 67
2428 1453 143 67
2460 1454 143 67
2446 1454 141 66
2419 1455 138 65
2358 1453 136 64
2358 1443 136 65
2381 1455 137 65
2382 1444 138 66
2405 1454 139 66
2402 1448 139 67
2431 1456 139 67
2430 1451 140 67
2396 1456 136 65
2411 1455 136 65
2426 1456 136 65
2438 1456 138 65
2463 1452 141 67
2481 1450 143 68
2500 1451 143 68
2511 1451 144 68
2521 1442 145 69
2544 1453 142 67
2558 1453 142 67
2558 1453 142 67
2558 1453 142 67
2558 1453 142 67
2558 1453 142 67
2558 1453 142 67
2558 1453 142 67
2525 1451 140 66
2517 1454 141 66
2517 1454 141 66
2517 1454 141 66
2452 1457 138 65
2411 1453 139 65
2403 1453 141 66
2413 1455 142 67
2434 1452 146 69
2440 1453 145 68
2413 1455 139 66
2394 1455 140 66
2403 1454 142 67
2401 1454 142 67
2414 1453 145 68
2402 1453 146 69
2404 1452 147 69
2401 1451 148 69
2394 1451 149 70
2385 1453 148 69
2362 1453 144 67
2347 1454 143 67
2391 1451 146 69
2379 1452 147 69
2396 1453 145 68
2389 1453 146 69
2400 1455 142 67
2366 1455 141 66
2321 1457 136 64
2260 1454 136 64
2231 1458 134 63
2240 1456 135 64
2276 1456 138 65
2270 1455 140 66
2314 1453 141 66
2344 1452 143 67
2407 1450 143 67
2430 1453 142 67
2427 1443 143 67
2432 1455 142 66
2431 1446 143 67
2416 1455 142 66
2421 1445 142 67
2440 1453 142 67
2440 1454 144 68
2411 1455 141 66
2410 1445 141 67
2398 1455 140 66
2389 1446 141 66
2357 1453 141 66
2363 1444 141 66
2356 1455 141 66
2358 1446 141 66
2329 1455 138 65
2333 1448 139 65
2257 1457 136 63
2250 1447 136 64
2243 1457 135 63
2234 1446 136 64
2259 1456 136 64
2252 1449 136 64
2271 1458 134 63
2266 1449 134 63
2295 1457 135 63
2281 1448 136 64
2331 1457 137 64
2321 1448 138 65
2355 1454 140 66
2347 1446 141 66
2358 1455 140 65
2348 1446 140 66
2393 1454 140 66
2420 1455 141 66
2419 1445 142 67
2444 1454 141 66
2466 1452 143 67
2462 1444 143 68
2485 1453 144 68
2495 1453 145 69
2505 1453 145 68
2500 1452 149 70
2508 1452 148 70
2525 1453 146 69
2519 1452 142 67
2505 1454 144 68
2479 1454 143 67
2501 1451 147 69
2509 1452 145 68
2506 1451 147 69
2502 1452 146 69
2475 1454 142 67
2424 1457 137 64
2397 1457 136 64
2400 1446 137 65
2434 1454 139 65
2443 1445 139 66
2472 1456 138 65
2490 1456 139 66
2504 1454 141 67
2510 1455 141 67
2514 1455 143 68
2518 1454 145 69
2510 1454 143 68
2451 1453 137 65
2419 1457 134 63
2415 1448 135 64
2410 1457 135 63
2413 1447 135 64
2365 1456 138 65
2354 1456 137 64
2361 1449 138 65
2324 1456 138 65
2322 1445 139 65
2351 1455 139 65
2366 1455 139 65
2386 1455 141 66
2379 1447 141 66
2408 1457 140 65
2404 1448 141 66
2416 1456 139 65
2409 1446 140 65
2437 1455 139 64
2433 1451 140 65
2458 1457 141 65
2449 1459 141 65
2448 1456 141 66
2448 1456 141 66
2448 1456 141 66
2448 1456 141 66
2448 1456 141 66
2448 1456 141 66
2448 1456 141 66
2448 1456 141 66
2448 1456 141 66
2448 1456 141 66
2448 1456 141 66
2448 1456 141 66
2448 1456 141 66
2448 1456 141 66
2448 1456 141 66
2448 1456 141 66
2448 1456 141 66
2448 1456 141 66
2448 1456 141 66
2448 1456 141 66
2448 1456 141 66
2448 1456 141 66
2448 1456 141 66
2448 1456 141 66
2448 1456 141 66
2448 1456 141 66
2448 1456 141 66
2448 1456 141 66
2448 1456 141 66
2448 1456 141 66
2448 1456 141 66
2448 1456 141 66
2448 1456 141 66
2448 1456 141 66
2448 1456 141 66
2448 1456 141 66
2448 1456 141 66
2448 1456 141 66
2448 1456 141 66
2448 1456 141 66
2448 1456 141 66
2448 1456 141 66
2496 1452 143 67
2495 1454 142 66
2496 1454 145 68
2489 1453 146 68
2505 1452 147 69
2485 1452 149 70
2442 1454 143 67
2417 1454 142 67
2400 1452 143 67
2383 1454 142 67
2385 1456 138 65
2385 1456 138 65
2388 1454 140 66
2370 1456 139 65
2417 1454 142 67
2433 1453 144 68
2430 1453 146 68
2383 1454 139 65
2347 1454 140 66
2303 1456 136 64
2253 1456 136 64
2253 1448 137 65
2268 1457 133 63
2264 1450 134 63
2233 1458 135 63
2235 1446 135 64
2258 1456 135 64
2260 1447 135 64
2288 1457 135 64
2290 1447 136 64
2312 1456 136 64
2316 1456 138 65
2331 1455 138 65
2347 1455 138 65
2357 1455 139 65
2361 1455 141 66
2364 1454 143 67
2367 1454 144 68
2353 1455 145 68
2337 1453 143 67
2291 1456 136 64
2268 1457 136 64
2259 1447 137 65
2256 1456 134 63
2249 1447 135 64
2274 1456 137 65
2264 1456 139 65
2265 1455 138 65
2250 1456 139 65
2251 1445 140 66
2248 1455 138 65
2259 1455 138 65
2255 1445 138 65
2250 1456 138 65
2257 1454 139 65
2243 1445 139 66
2249 1455 138 65
2248 1455 139 66
2263 1455 139 66
2285 1453 141 67
2294 1454 142 67
2319 1453 143 67
2336 1455 141 66
2340 1446 141 67
2324 1456 137 64
2311 1446 137 65
2293 1455 138 65
2296 1455 140 66
2311 1454 140 66
2341 1453 142 67
2395 1453 144 68
2370 1454 142 67
2367 1443 143 67
2343 1454 143 67
2336 1444 144 68
2318 1454 141 66
2311 1454 142 67
2310 1454 143 67
