906 376 18 17
906 376 18 17
907 376 17 16
907 377 17 16
906 376 17 16
906 376 17 16
906 376 17 16
906 376 18 17
907 376 18 17
906 376 18 17
907 376 17 16
907 376 18 17
906 376 17 16
906 376 17 16
905 375 17 16
906 375 17 16
905 375 17 16
905 376 16 15
906 375 17 16
906 375 17 16
906 375 17 16
906 375 18 17
906 375 18 17
906 374 18 17
906 374 18 17
906 374 18 17
906 375 17 16
906 375 17 16
906 374 17 16
906 375 17 16
906 374 17 16
906 375 17 16
906 374 17 16
906 375 17 16
906 374 16 15
906 374 16 15
906 374 16 15
907 374 16 15
907 374 17 16
906 374 17 16
906 374 17 16
906 373 17 16
906 374 16 15
907 374 16 15
906 373 17 16
906 374 16 15
907 374 16 15
906 373 17 15
906 374 17 15
905 373 17 15
905 373 17 15
905 373 17 15
905 373 17 15
905 373 17 15
905 373 17 15
905 373 17 15
905 374 17 15
905 374 17 15
905 373 17 15
905 374 17 15
904 373 18 16
904 374 18 16
904 373 18 16
904 374 18 16
904 374 18 16
904 374 18 16
904 374 18 16
904 374 18 16
904 374 18 16
904 374 18 16
904 374 18 16
904 374 18 16
903 374 18 16
903 374 18 16
903 374 18 16
903 375 18 16
903 374 18 16
903 374 18 16
903 374 18 16
903 374 18 16
903 374 18 16
902 373 18 16
902 374 18 16
903 374 17 15
903 374 17 15
903 374 17 15
903 374 17 15
902 373 18 16
902 375 17 15
902 374 17 15
902 373 17 15
902 374 16 14
903 374 16 14
902 374 16 14
902 374 16 14
902 374 16 14
902 374 16 14
902 374 16 14
902 373 16 14
902 374 17 14
901 373 17 14
901 373 17 14
901 374 17 14
901 373 18 14
903 373 15 14
903 374 15 14
902 373 16 15
903 373 16 15
902 373 16 15
902 372 16 15
902 372 16 15
902 372 16 15
901 371 17 16
901 371 17 16
900 371 17 16
900 371 17 16
900 371 17 16
899 370 17 16
899 370 17 16
899 371 17 16
899 371 17 16
899 371 17 16
898 372 17 16
898 372 17 16
899 373 17 16
899 373 17 16
899 373 17 16
899 374 17 16
900 374 17 16
901 374 17 16
900 374 17 16
900 374 17 16
900 374 17 16
899 373 17 16
900 375 17 16
900 374 17 16
900 375 17 16
900 375 17 16
900 375 17 16
900 375 17 16
900 375 18 17
900 375 18 17
900 375 18 17
900 375 18 17
900 375 18 17
900 375 18 17
900 375 18 17
900 375 18 17
900 375 18 17
900 375 18 17
900 375 18 17
900 375 18 17
900 376 18 17
899 375 18 17
900 375 18 17
900 376 18 17
899 376 18 17
899 375 18 17
899 376 18 17
899 376 18 17
899 376 18 17
899 376 18 17
899 376 18 17
899 376 18 17
900 376 17 16
899 376 18 17
900 376 17 16
900 377 17 16
899 376 18 17
899 376 17 16
899 376 17 16
899 376 18 17
899 376 17 16
899 376 18 17
900 376 18 17
900 376 17 16
900 377 17 16
900 376 17 16
900 377 18 17
899 375 18 17
899 376 18 17
900 376 18 17
900 376 18 17
900 376 18 17
900 376 18 17
899 376 18 17
899 376 17 16
899 377 17 16
900 376 17 16
899 377 17 16
899 376 17 16
899 377 17 16
899 377 17 16
899 377 17 16
899 376 17 16
899 377 17 16
899 376 17 16
899 377 17 16
898 376 17 16
899 376 18 17
899 376 17 16
899 376 17 16
898 376 17 16
899 376 17 16
899 376 17 16
898 376 17 16
899 376 17 16
898 376 17 16
898 376 17 16
898 376 17 16
898 376 17 16
898 376 16 15
898 376 17 16
898 376 17 16
898 375 17 16
899 375 17 16
899 375 17 16
899 375 17 16
899 376 16 15
899 375 17 16
899 376 17 16
899 376 17 16
899 376 17 16
899 376 16 15
899 375 17 16
898 375 17 16
898 375 17 16
898 375 17 16
899 376 17 16
898 375 16 16
899 375 16 16
899 375 17 17
899 375 16 16
899 375 16 16
899 375 16 16
900 375 16 16
899 375 16 16
899 375 16 16
898 375 16 16
898 375 16 16
898 375 16 16
898 375 16 16
898 375 16 16
899 376 16 16
898 375 17 17
898 374 16 16
898 375 16 16
898 375 16 16
898 375 16 16
898 375 15 15
898 374 15 15
898 374 15 15
898 374 16 16
898 375 16 16
898 375 16 16
898 375 16 16
898 375 16 16
898 375 16 16
898 375 16 16
898 375 16 16
899 375 15 15
898 375 15 15
898 375 16 16
898 375 16 16
898 375 16 16
898 375 16 16
898 375 16 16
898 375 16 16
898 375 16 16
898 375 16 16
898 375 16 16
898 376 16 16
897 375 16 16
898 375 17 17
897 375 16 16
898 375 17 17
897 375 16 16
898 375 17 17
897 375 16 16
898 376 16 16
898 376 16 16
898 376 16 16
898 376 16 16
898 376 16 16
898 376 16 16
898 376 16 16
898 376 16 16
898 376 16 16
898 376 15 15
897 375 15 15
898 376 15 15
897 376 15 15
898 376 15 15
897 376 15 15
898 376 15 15
897 376 15 15
897 375 16 16
898 376 16 16
898 375 15 15
898 375 15 15
898 375 16 16
898 375 16 16
898 375 16 16
897 375 16 16
897 375 16 16
897 375 16 16
897 376 16 16
897 375 16 16
897 375 16 16
897 375 16 16
897 375 16 16
897 375 16 16
897 375 16 16
896 375 16 16
897 375 16 16
897 375 16 16
897 375 17 17
896 375 16 16
896 375 17 17
895 374 16 16
897 375 16 16
896 375 16 16
896 375 16 16
896 376 16 16
896 375 17 17
895 375 17 17
895 375 17 17
895 375 17 17
895 375 16 16
896 375 16 16
895 375 17 17
895 375 17 17
895 375 16 16
896 375 16 16
896 376 16 16
895 376 16 16
895 376 17 17
894 375 17 17
895 375 16 16
895 376 16 16
896 376 16 16
896 376 16 16
895 376 16 16
896 376 16 16
895 376 16 16
895 376 16 16
895 375 16 16
895 376 16 16
895 376 16 16
895 375 16 16
895 376 16 16
895 376 16 16
895 376 16 16
895 376 16 16
895 376 16 16
895 376 16 16
895 376 16 16
895 375 16 16
895 375 16 16
895 375 15 15
895 376 15 15
896 375 15 15
896 376 15 15
896 375 15 15
896 375 15 15
895 376 15 15
896 375 15 15
895 375 15 15
895 375 16 16
895 375 16 16
895 375 16 16
895 376 16 16
895 376 16 16
896 376 15 15
895 375 15 15
896 376 15 15
895 376 15 15
895 376 15 15
895 376 15 15
895 376 15 15
895 377 15 15
895 376 15 15
895 376 15 15
895 376 15 15
895 376 15 15
895 376 16 16
894 376 16 16
894 375 17 17
893 375 16 16
894 376 16 16
894 375 17 17
894 375 16 16
895 376 16 16
895 375 16 16
895 376 16 16
895 375 16 16
894 376 17 17
894 375 16 16
895 376 16 16
895 376 16 16
895 376 16 16
894 376 16 16
894 376 16 16
894 376 16 16
894 376 16 16
894 376 16 16
894 376 16 16
894 376 17 17
893 376 17 17
893 375 17 17
893 375 17 17
893 376 18 18
893 376 17 17
893 376 17 17
892 376 17 17
892 375 18 18
892 376 18 18
892 376 17 17
892 376 17 17
892 375 18 18
892 375 18 18
892 375 18 18
892 375 18 18
891 375 18 18
891 376 18 18
890 375 17 17
890 375 18 18
890 375 18 18
890 375 18 18
890 375 17 17
890 375 17 17
889 376 17 17
888 375 17 17
888 375 17 17
887 376 17 17
886 375 17 17
886 375 18 18
885 375 18 18
884 375 18 18
884 375 18 18
883 374 18 18
883 375 19 19
882 374 19 19
882 373 19 19
881 374 19 19
880 373 19 19
880 374 19 19
880 373 19 19
880 374 19 19
879 373 18 18
879 373 17 17
878 373 17 17
878 373 18 18
877 373 19 19
876 373 19 19
875 373 19 19
875 373 18 18
876 373 18 18
875 373 18 18
875 372 18 18
875 373 18 18
874 373 18 18
873 372 18 18
873 373 18 18
872 373 17 17
871 373 17 17
871 373 17 17
870 373 17 17
870 372 17 17
870 373 17 17
870 373 17 17
869 372 17 17
870 372 17 17
869 372 17 17
868 373 17 17
868 372 17 17
867 373 17 17
866 372 17 17
865 373 17 17
865 372 17 17
864 373 17 17
863 372 17 17
863 372 17 17
863 372 18 18
862 372 18 18
861 373 18 18
861 372 19 19
860 372 19 19
859 372 18 18
859 373 18 18
858 373 18 18
858 373 18 18
857 373 18 18
856 373 18 18
857 374 18 18
856 374 18 18
856 374 17 17
855 373 16 16
857 373 16 16
857 374 15 15
856 374 15 15
855 374 14 14
856 375 15 15
855 374 15 15
854 374 15 15
853 374 15 15
852 374 15 15
852 374 15 15
851 374 15 15
851 374 15 15
850 374 15 15
850 374 15 15
849 374 14 14
849 375 15 15
848 374 15 15
847 374 15 15
846 374 15 15
846 374 16 16
846 375 16 16
844 375 16 16
845 375 16 16
843 375 16 16
843 375 17 17
841 374 16 16
840 375 16 16
840 375 15 15
839 375 14 14
840 376 15 15
839 376 15 15
838 375 15 15
837 375 15 15
836 375 16 16
836 375 16 16
835 375 16 16
834 375 16 16
833 375 16 16
832 376 16 16
831 376 16 16
831 376 16 16
831 376 16 16
831 376 16 16
831 376 16 16
831 376 16 16
830 376 16 16
829 376 16 16
828 377 16 16
827 377 15 15
827 377 14 14
826 378 14 14
827 378 14 14
826 378 14 14
825 378 14 14
825 378 14 14
825 378 14 14
825 378 14 14
824 378 14 14
823 378 14 14
822 378 14 14
821 379 14 14
820 379 14 14
819 379 13 13
819 379 13 13
820 379 13 13
819 379 13 13
818 379 13 13
819 379 13 13
818 379 13 13
817 379 13 13
816 379 13 13
815 379 13 13
814 379 13 13
813 379 13 13
813 379 13 13
812 379 13 13
811 379 14 14
810 379 14 14
809 378 15 15
808 377 15 15
807 377 16 16
806 376 16 16
806 377 16 16
805 376 17 17
803 376 17 17
803 376 18 18
803 376 18 18
802 375 18 18
802 376 18 18
801 375 19 19
799 374 20 20
799 375 19 19
799 374 19 19
798 374 19 19
798 373 19 19
797 373 19 19
796 373 19 19
796 373 19 19
795 374 19 19
795 373 19 19
795 373 18 18
795 374 18 18
795 374 18 18
794 374 19 19
792 372 20 20
793 373 19 19
791 372 19 19
791 373 19 19
790 373 19 19
791 373 18 18
792 373 18 18
791 373 18 18
791 373 18 18
790 373 19 19
788 372 20 20
789 373 19 19
788 372 20 20
788 372 19 19
787 371 19 19
787 371 18 18
787 372 17 17
786 372 17 17
786 371 17 17
785 371 17 17
785 371 16 16
786 371 15 15
785 371 15 15
785 371 16 16
785 371 16 16
785 371 16 16
785 371 16 16
784 371 16 16
784 370 16 16
784 370 16 16
782 370 16 16
782 370 16 16
782 370 16 16
782 369 16 16
781 370 15 15
781 370 15 15
781 369 15 15
780 369 15 15
780 369 16 16
781 369 16 16
781 369 15 15
779 368 16 16
779 369 16 16
779 368 16 16
779 369 16 16
779 368 16 16
778 368 16 16
778 368 15 15
778 368 15 15
778 367 15 15
778 368 15 15
778 367 15 15
777 367 15 15
778 367 14 14
778 367 14 14
778 367 14 14
778 368 14 14
778 367 15 15
777 367 14 14
778 367 15 15
777 367 14 14
778 368 14 14
778 368 14 14
778 367 14 14
778 368 14 14
778 368 14 14
778 368 14 14
778 368 14 14
778 367 15 15
777 367 15 15
777 367 15 15
777 367 15 15
777 367 15 15
777 367 15 15
778 367 15 15
778 367 14 14
778 368 14 14
778 367 15 15
777 367 14 14
778 368 14 14
778 368 15 15
777 367 15 15
777 367 14 14
778 368 14 14
778 368 14 14
778 367 15 15
777 367 15 15
777 367 15 15
777 367 14 14
778 368 14 14
778 368 14 14
778 368 14 14
778 368 14 14
778 367 14 14
778 367 14 14
777 367 15 15
777 367 15 15
777 367 15 15
777 367 15 15
777 367 15 15
777 367 15 15
776 367 15 15
777 367 15 15
776 367 15 15
777 367 14 14
777 367 15 15
776 367 15 15
777 366 15 15
777 367 14 14
777 367 15 15
777 367 14 14
777 368 14 14
777 367 15 15
776 367 14 14
777 367 14 14
777 367 15 15
776 366 15 15
776 367 14 14
777 368 14 14
777 367 15 15
776 367 14 14
777 367 14 14
777 368 14 14
777 367 15 15
776 366 15 15
776 367 15 15
776 366 15 15
776 367 15 15
776 367 15 15
776 367 15 15
776 367 15 15
776 367 15 15
777 367 15 15
777 367 14 14
777 367 15 15
777 366 15 15
776 366 15 15
776 367 15 15
777 367 14 14
777 367 15 15
776 367 14 14
777 368 14 14
777 368 14 14
777 368 15 15
777 367 15 15
776 367 14 14
777 368 14 14
777 367 15 15
776 367 14 14
777 368 14 14
778 368 14 14
777 368 15 15
776 367 15 15
777 367 15 15
777 367 14 14
777 368 14 14
778 368 14 14
778 367 14 14
778 367 14 14
778 367 14 14
778 367 14 14
777 367 14 14
778 367 14 14
777 367 14 14
777 367 14 14
777 367 14 14
777 367 15 15
776 366 15 15
776 366 15 15
776 366 15 15
777 366 14 14
777 367 14 14
777 367 15 15
776 366 15 15
776 366 14 14
777 366 15 15
776 366 15 15
776 366 15 15
776 365 15 15
776 366 14 14
777 366 14 14
