664 665 79 90
661 661 82 94
659 658 82 95
658 656 80 93
657 654 80 93
656 650 78 91
656 646 78 90
653 642 77 89
650 636 77 89
647 629 76 88
647 623 77 89
644 618 75 87
643 611 76 88
641 605 76 88
639 598 76 88
638 592 76 88
635 587 77 89
635 582 78 90
635 578 77 89
634 575 76 87
635 570 75 86
633 567 74 84
634 562 73 83
633 556 72 81
633 552 71 79
631 548 70 78
632 545 69 77
631 542 67 74
632 539 65 72
632 537 63 69
632 534 61 67
633 530 60 66
633 528 59 65
632 525 59 65
631 522 57 63
632 517 56 61
630 513 57 62
629 508 58 63
629 503 58 63
627 498 59 64
623 492 61 66
623 486 62 67
625 479 60 65
626 469 58 63
625 460 58 63
628 449 56 61
626 440 56 61
629 429 56 61
629 419 57 62
628 411 57 62
630 401 56 61
630 392 56 61
632 385 56 61
630 376 56 61
632 371 55 60
632 366 56 61
634 359 55 60
632 353 56 61
634 348 57 62
632 343 57 62
633 337 58 63
635 335 56 61
635 332 55 60
635 332 54 59
636 329 53 58
636 328 52 57
636 325 52 57
636 322 52 57
637 321 52 57
637 320 52 57
637 318 53 58
637 319 52 57
638 316 53 58
639 317 52 57
639 314 53 58
639 314 51 56
640 316 50 55
640 313 51 56
641 316 49 54
640 314 48 53
640 315 48 53
639 313 48 53
640 314 47 52
640 315 47 52
640 314 46 51
640 315 47 52
640 316 47 52
640 316 46 50
641 319 45 49
641 320 44 48
641 321 44 48
641 322 43 47
641 322 42 46
642 325 42 46
641 325 41 45
641 326 41 45
641 328 41 45
639 328 41 45
640 330 41 45
641 331 40 44
642 333 41 45
641 332 42 46
642 335 41 44
642 336 40 43
643 336 40 43
644 337 39 42
643 338 38 41
644 339 38 41
646 340 37 40
645 341 37 40
645 341 37 40
645 342 37 40
646 343 37 40
646 343 37 40
646 342 37 40
646 343 38 41
645 342 38 41
645 343 38 42
646 344 38 42
646 345 37 41
646 345 36 40
646 347 36 40
646 348 36 40
646 348 36 40
646 349 36 40
646 349 35 39
645 349 36 40
646 350 36 40
645 350 37 41
645 350 37 41
644 350 36 40
645 352 36 40
645 351 36 40
645 353 35 39
644 352 35 39
645 354 35 39
644 352 35 39
646 354 35 38
645 353 35 38
645 354 35 38
645 356 35 38
644 354 36 39
644 355 37 40
644 356 37 40
644 356 37 40
644 356 37 40
644 357 36 39
645 357 35 38
646 358 36 39
646 359 36 39
645 359 37 40
645 360 37 40
645 360 37 40
646 361 36 39
646 360 37 40
646 362 38 41
646 360 39 42
646 363 39 42
646 362 39 42
644 361 39 42
645 362 38 41
645 362 37 40
645 363 36 39
646 364 35 38
646 364 35 38
646 364 35 38
646 365 35 38
646 364 35 38
646 366 35 37
646 365 36 38
647 365 35 37
647 366 35 37
647 366 35 37
648 366 35 37
647 366 36 38
649 367 36 38
649 367 36 38
649 368 36 38
648 368 37 39
649 368 37 39
648 368 37 39
648 368 37 39
648 368 37 39
648 369 36 38
648 369 35 37
648 370 34 36
649 371 33 35
649 371 32 34
650 372 31 33
649 372 32 34
650 373 32 34
649 373 33 35
649 371 34 36
648 371 35 37
648 370 35 37
648 370 35 37
648 370 36 38
649 370 35 37
649 371 35 37
648 371 36 38
649 371 35 37
648 371 36 38
649 372 36 38
648 372 36 38
649 372 36 38
648 373 36 38
648 372 35 37
648 373 35 37
647 372 35 37
647 373 34 36
649 374 33 35
648 373 33 35
648 374 33 35
648 373 34 36
649 375 34 36
648 374 35 37
647 372 35 37
648 374 35 37
648 373 37 39
648 373 37 39
648 373 37 39
649 373 37 39
649 373 37 39
649 374 37 39
649 374 37 39
650 374 37 39
650 375 37 39
651 374 37 39
649 373 38 40
650 374 37 39
649 374 37 39
649 373 36 38
651 376 35 37
650 375 35 37
650 375 34 36
651 376 34 36
651 377 33 35
650 376 33 35
651 377 32 34
652 378 32 34
651 377 33 35
651 376 33 35
651 377 34 36
652 377 34 36
651 377 34 36
652 377 34 36
652 377 34 36
651 378 34 36
651 377 35 37
650 377 36 38
650 378 35 37
651 376 35 37
650 377 36 38
651 378 35 37
649 376 36 38
650 377 35 37
649 377 35 37
650 378 34 36
650 379 33 35
649 379 33 35
649 379 33 35
649 379 33 35
650 379 33 35
650 379 33 35
649 379 34 36
651 379 33 35
650 379 34 36
651 379 33 35
650 379 34 36
651 379 34 36
651 379 35 37
651 378 36 38
651 378 37 39
651 379 37 40
652 379 37 40
651 379 37 40
653 380 37 40
651 378 37 40
653 379 36 39
654 379 35 38
651 378 36 39
653 378 35 38
653 378 35 38
654 378 35 38
653 379 35 38
653 379 34 37
654 379 34 37
654 379 35 38
654 379 35 38
654 378 35 38
653 378 36 39
654 377 36 39
654 379 36 39
654 378 37 40
652 378 38 41
654 378 38 41
652 379 39 42
653 379 39 42
651 379 39 42
652 378 39 41
652 377 38 40
653 377 37 39
652 378 37 39
653 377 36 38
655 379 35 37
653 377 36 38
655 378 35 37
653 376 37 39
654 376 37 39
653 376 37 39
654 377 37 39
652 375 38 40
655 377 37 39
653 376 37 39
654 378 36 38
654 379 36 38
653 380 36 38
654 380 36 38
653 378 37 39
653 379 37 39
653 379 37 39
652 378 37 38
654 379 36 37
654 378 36 37
654 377 36 37
655 377 36 37
655 377 36 37
654 377 36 37
655 377 36 37
655 378 36 37
654 377 37 38
654 377 37 38
654 376 37 38
655 377 37 38
653 377 37 38
654 377 37 38
654 378 37 38
653 379 37 38
654 378 37 38
653 378 37 38
654 378 37 38
653 377 37 38
654 378 36 37
653 377 36 37
654 377 36 37
654 376 36 37
654 375 36 37
655 376 36 37
654 375 37 38
653 377 36 37
654 376 36 37
655 375 36 37
654 375 36 37
655 374 36 37
654 375 36 37
654 375 36 37
653 375 37 38
653 375 38 39
653 376 38 39
654 374 38 39
653 375 38 39
654 375 38 39
654 374 38 39
654 375 37 38
654 376 36 37
655 376 36 37
655 375 36 37
656 374 36 37
656 374 36 37
656 375 36 37
656 374 36 37
655 373 37 38
656 374 37 38
655 373 37 38
655 374 37 38
655 374 37 38
654 375 37 38
654 375 37 38
653 376 37 38
653 376 38 39
654 375 38 39
652 374 38 39
653 375 37 38
653 375 36 37
654 375 36 37
654 374 36 37
654 373 36 37
656 374 35 36
654 373 36 37
655 374 35 36
654 375 35 36
654 375 35 36
654 374 35 36
655 374 35 36
654 374 36 37
655 374 35 36
654 375 36 37
654 374 36 36
655 376 36 36
654 375 37 37
654 374 37 37
653 374 37 37
653 373 37 37
654 373 37 37
654 373 37 37
654 372 37 37
654 372 36 36
656 373 35 35
654 373 36 36
655 374 36 36
654 373 37 37
654 372 37 37
654 372 37 37
655 373 37 37
654 372 37 37
653 373 37 37
654 372 37 37
653 372 37 37
654 372 37 37
654 372 37 37
654 371 37 37
655 372 36 36
655 373 36 36
655 373 35 35
655 374 34 34
656 374 35 35
654 372 36 36
655 371 36 36
655 372 36 36
655 371 36 36
655 372 36 36
656 372 36 36
656 372 36 36
656 372 36 36
656 372 36 36
656 372 36 36
656 372 36 36
656 372 36 36
656 373 36 36
656 372 36 36
656 372 36 36
656 372 36 36
656 372 36 36
656 372 36 36
657 372 35 35
657 372 35 35
657 372 35 35
657 372 35 35
656 372 36 36
657 372 36 36
657 372 36 36
658 372 36 36
657 372 36 36
658 372 35 35
657 372 35 35
658 373 35 35
657 372 36 36
658 373 35 35
658 373 35 35
658 373 35 35
658 373 35 35
658 373 35 35
658 373 35 35
659 373 35 35
659 373 35 35
659 373 35 35
659 373 35 35
659 372 35 35
659 373 35 35
659 373 35 35
659 373 35 35
659 373 35 35
659 373 35 35
658 373 35 35
658 373 35 35
658 373 36 36
657 374 36 36
657 374 36 36
657 373 37 37
657 372 37 37
657 372 37 37
657 372 37 37
658 372 36 36
657 372 36 36
658 373 35 35
657 373 35 35
658 374 34 34
657 374 35 35
657 374 35 35
657 375 35 35
657 375 35 35
657 375 35 35
657 375 35 35
657 375 35 35
657 375 35 35
657 375 35 35
656 374 37 37
657 375 36 36
658 375 36 36
658 376 36 36
659 375 35 35
659 375 35 35
658 375 35 35
658 375 36 36
658 375 37 37
658 375 37 37
658 375 37 37
658 375 37 37
658 376 37 37
658 376 37 37
658 376 37 37
658 376 37 37
658 377 37 37
658 377 37 37
657 377 37 37
657 377 37 37
657 377 37 37
657 377 37 37
657 378 37 37
657 378 38 38
658 378 39 39
658 378 38 38
658 378 37 37
658 379 36 36
658 380 37 37
658 380 36 36
658 380 36 36
658 381 36 36
658 381 36 36
658 381 36 36
658 381 36 36
658 381 35 35
658 381 35 35
658 381 36 36
658 381 36 36
658 381 36 36
658 381 36 36
658 381 36 36
657 381 36 36
657 382 37 37
657 382 37 37
657 382 37 37
656 382 37 37
657 382 37 37
657 382 36 36
658 383 35 35
658 383 35 35
658 383 36 36
659 383 36 36
658 383 36 36
658 382 37 37
659 383 37 37
658 383 37 37
658 383 38 38
660 382 38 38
659 384 37 37
659 383 38 38
659 383 38 38
659 384 38 38
660 384 37 37
660 384 37 37
660 384 37 37
659 383 38 38
659 384 39 39
659 383 39 39
658 382 41 41
658 382 42 42
658 382 42 42
659 382 42 42
660 383 41 41
661 383 40 40
662 383 40 40
663 383 39 39
663 383 39 39
662 382 40 40
662 382 40 40
662 383 40 40
662 382 41 41
661 381 42 42
661 381 43 43
662 380 43 43
661 381 43 43
662 381 42 42
661 381 42 42
661 381 42 42
662 381 41 41
662 381 41 41
662 382 40 40
662 383 39 39
661 382 40 40
662 382 39 39
662 382 39 39
660 382 39 39
660 382 40 40
661 383 39 39
660 382 39 39
660 383 39 39
660 383 39 39
660 383 39 39
658 382 40 40
658 383 40 40
658 383 39 39
657 383 39 39
657 383 38 38
658 383 39 39
657 381 40 40
656 380 42 42
656 381 42 42
657 382 41 41
657 380 42 42
657 381 41 41
658 381 40 40
659 383 39 39
659 382 39 39
658 382 40 40
658 382 40 40
659 383 40 40
659 382 40 40
658 382 40 40
658 384 40 40
659 383 41 41
657 381 42 42
657 383 41 41
656 381 42 42
657 383 41 41
656 381 42 42
656 383 41 41
655 382 41 41
655 382 41 41
656 382 41 41
657 382 41 41
657 382 40 40
657 382 41 41
657 381 40 40
656 382 41 41
656 382 41 41
655 382 41 41
654 382 41 41
653 382 41 41
652 381 43 43
653 381 43 43
652 381 43 43
651 381 43 43
651 381 43 43
651 381 42 42
652 382 41 41
651 383 41 41
651 384 41 41
650 382 43 43
650 381 45 45
650 381 45 45
649 381 44 44
649 381 43 43
649 383 42 42
649 384 43 43
648 384 44 44
647 383 46 46
646 381 47 47
646 380 48 48
647 378 49 49
646 379 51 51
647 378 53 53
644 376 54 54
648 378 55 55
643 378 55 55
644 378 55 55
644 377 55 55
642 375 55 55
643 375 56 56
644 371 57 57
647 365 59 59
643 361 61 61
643 360 63 63
641 365 64 64
638 369 65 65
640 368 67 67
638 370 66 66
640 372 65 65
640 373 63 63
640 375 62 62
641 377 61 61
641 379 60 60
641 379 58 58
645 381 56 56
646 386 54 54
647 386 52 52
650 387 51 51
653 386 50 50
653 388 49 49
649 386 49 49
653 387 50 50
653 384 49 49
652 382 49 49
652 379 48 48
652 383 48 48
651 385 48 48
651 387 48 48
650 387 49 49
649 388 51 51
649 388 53 53
648 390 54 54
651 390 55 55
651 390 57 57
651 390 59 59
652 387 60 60
651 382 62 62
651 381 63 63
652 380 63 63
652 379 63 63
652 378 62 62
651 378 61 61
650 378 60 60
652 381 57 57
653 382 55 55
652 383 53 53
652 382 54 54
651 382 55 55
652 383 54 54
651 383 54 54
651 384 53 53
652 384 52 52
653 385 51 51
652 385 50 50
653 386 49 49
653 387 48 48
652 387 49 49
652 385 50 50
652 386 49 49
652 385 50 50
652 385 49 49
651 386 48 48
651 386 49 49
651 384 49 49
649 384 50 50
650 385 50 50
650 384 50 50
649 383 50 50
648 384 50 50
648 384 50 50
648 383 50 50
647 383 51 51
647 383 51 51
647 382 51 51
645 381 51 51
646 382 51 51
646 381 51 51
644 381 51 51
644 381 51 51
644 381 51 51
644 380 51 51
643 380 51 51
642 380 51 51
643 379 51 51
642 379 51 51
642 379 52 52
642 379 52 52
643 379 51 51
641 379 51 51
641 379 51 51
642 379 51 51
641 379 50 50
642 380 49 49
642 380 49 49
642 378 49 49
642 378 49 49
643 378 49 49
643 378 49 49
644 378 49 49
643 378 50 50
644 377 50 50
644 377 50 50
645 377 50 50
645 377 50 50
645 376 50 50
645 376 50 50
645 376 50 50
645 375 51 51
645 374 51 51
644 373 52 52
645 373 51 51
644 372 52 52
645 372 52 52
645 372 52 52
645 372 52 52
645 372 52 52
646 372 52 52
646 371 52 52
646 371 52 52
647 371 51 51
646 371 51 51
646 370 51 51
646 370 51 51
646 371 51 51
647 370 52 52
648 370 52 52
649 370 51 51
648 370 51 51
648 370 51 51
648 370 51 51
649 370 51 51
650 370 51 51
649 369 51 51
650 369 50 50
650 370 50 50
651 371 49 49
651 370 50 50
650 370 51 51
650 369 51 51
650 369 51 51
650 369 51 51
650 369 51 51
650 369 51 51
650 369 51 51
650 369 51 51
650 369 51 51
649 369 51 51
649 369 52 52
650 368 53 53
649 368 53 53
650 368 52 52
650 368 52 52
650 369 52 52
651 370 52 52
651 370 52 52
651 370 53 53
651 369 52 52
650 370 53 53
651 371 52 52
652 371 52 52
652 372 52 52
653 372 52 52
653 371 51 51
651 370 53 53
650 369 53 53
651 370 52 52
648 360 56 59
654 365 57 59
653 364 59 61
653 365 61 63
653 364 61 63
654 365 60 62
654 366 59 61
654 367 58 60
654 367 58 60
654 367 58 60
655 367 57 59
655 367 57 59
655 368 57 59
656 368 56 58
655 369 56 58
656 369 57 59
656 369 57 59
656 369 57 59
656 369 57 59
656 369 57 59
656 369 57 59
656 369 56 58
656 370 56 58
656 370 56 58
656 371 55 57
655 371 55 57
654 371 55 57
654 371 54 56
655 372 54 56
655 372 54 56
655 372 54 56
655 373 53 55
655 373 53 55
655 373 53 55
654 372 53 55
655 372 52 54
655 372 52 54
655 372 52 54
655 372 52 54
656 372 51 53
655 373 51 53
655 372 51 53
655 371 51 53
656 371 51 53
656 371 51 53
656 371 51 53
656 370 51 53
657 369 51 53
656 370 50 52
658 371 50 52
657 369 52 54
657 369 52 54
657 368 52 54
657 368 52 54
658 368 51 53
657 368 50 52
657 370 49 51
657 370 49 51
657 369 50 52
657 369 50 52
657 369 50 52
656 369 50 52
656 368 50 52
656 368 49 51
655 368 50 52
655 368 52 54
655 367 54 56
652 366 55 57
652 362 56 59
652 359 57 60
655 357 57 60
656 351 58 61
657 355 58 61
656 352 57 60
658 357 56 59
657 353 56 59
655 355 56 59
654 354 55 58
653 360 55 58
653 360 54 57
652 364 54 58
654 366 53 57
652 364 52 56
654 364 51 55
653 363 50 54
653 365 51 55
654 365 51 55
