429 461 47 60
428 464 47 60
427 466 48 62
427 468 48 63
426 470 49 65
424 472 50 66
424 475 49 65
423 477 50 66
423 478 51 67
421 478 52 68
422 478 52 68
423 479 51 67
424 480 50 66
421 480 49 65
425 485 50 65
420 482 48 62
425 488 49 63
428 486 50 65
421 485 47 61
422 484 47 60
422 485 47 60
423 484 47 61
423 481 48 62
424 478 48 62
426 475 48 61
428 472 48 61
437 476 48 62
432 470 49 63
432 466 49 64
437 463 48 62
437 460 48 63
437 460 48 63
437 460 48 63
437 460 48 63
437 460 48 63
437 460 48 63
437 460 48 63
437 460 48 63
437 460 48 63
437 460 48 63
437 460 48 63
437 460 48 63
437 460 48 63
437 460 48 63
437 460 48 63
437 460 48 63
437 460 48 63
437 460 48 63
437 460 48 63
437 460 48 63
437 460 48 63
437 460 48 63
437 460 48 63
486 443 48 62
488 441 48 62
496 445 48 62
494 450 48 62
492 447 47 61
497 452 47 61
498 456 46 60
499 456 46 60
494 448 46 60
499 456 47 61
494 448 47 62
502 456 48 62
496 449 48 62
498 448 48 62
506 455 48 62
499 449 48 62
501 446 48 62
509 453 49 63
506 447 49 63
513 452 50 64
507 444 50 64
516 450 50 65
510 437 50 65
510 433 50 66
512 429 50 65
521 430 50 65
517 428 49 63
520 427 47 61
518 424 46 59
520 423 46 59
518 423 44 57
520 423 42 54
517 422 41 53
516 419 40 52
516 419 39 50
515 418 39 49
515 416 40 50
514 413 41 51
512 410 41 51
513 412 41 51
513 407 41 51
511 405 40 49
509 403 38 47
510 402 38 47
510 403 36 45
511 399 35 44
511 391 35 45
512 382 36 46
512 373 37 48
513 366 36 47
511 359 36 47
512 362 35 46
511 359 36 47
513 358 35 46
514 359 34 45
513 356 34 45
514 355 33 44
513 355 32 43
513 352 32 43
513 353 31 41
512 350 30 40
513 352 29 39
510 350 30 41
510 351 29 40
508 351 29 40
506 350 29 40
506 352 29 39
503 352 29 39
502 354 30 41
500 354 30 41
497 354 30 41
493 355 31 42
488 357 31 43
483 358 31 43
479 361 30 42
476 367 30 42
476 369 29 40
478 373 28 39
475 376 28 38
471 378 29 39
460 381 28 38
457 386 29 39
443 392 28 38
442 398 29 39
428 400 28 38
426 404 29 39
423 405 28 38
412 411 28 38
410 414 28 38
406 419 28 38
404 423 28 38
401 426 28 38
396 430 29 39
385 435 29 39
383 439 29 39
381 444 29 39
369 450 29 39
365 455 29 40
361 459 29 40
351 467 29 40
351 469 29 40
347 476 28 39
344 479 29 40
346 483 29 39
329 491 28 38
328 494 29 39
324 495 29 39
322 498 29 39
319 501 29 39
319 504 30 40
305 506 30 40
309 508 30 40
308 511 31 41
297 511 31 41
291 516 30 40
290 531 30 40
289 530 31 41
288 541 30 40
286 541 31 41
283 544 30 40
280 546 31 41
277 551 31 41
278 554 31 41
277 554 31 41
275 560 32 42
271 570 31 41
272 570 32 42
270 568 33 43
268 566 34 44
266 574 33 43
268 570 33 43
267 567 34 44
265 576 33 42
266 576 33 43
265 575 33 43
266 575 32 42
268 576 31 41
268 572 31 42
266 573 31 42
267 571 31 41
268 570 32 42
269 568 32 43
271 568 33 45
274 558 32 44
276 556 32 43
277 553 32 44
277 550 32 44
281 547 32 44
285 552 33 45
282 540 33 45
286 543 33 45
286 544 34 46
288 542 35 47
288 538 36 48
290 535 36 48
296 523 35 47
295 526 36 47
301 519 35 46
300 521 36 47
299 523 37 48
300 506 37 48
299 502 37 48
297 498 38 49
294 497 39 50
292 494 40 51
290 492 41 53
288 490 42 54
289 488 42 54
288 487 42 54
290 486 42 55
288 484 43 56
290 483 44 57
290 483 45 58
289 484 46 59
291 484 46 58
291 486 46 59
290 487 45 58
291 487 46 58
292 485 46 59
293 483 46 59
289 487 44 57
291 489 45 58
290 490 45 58
288 489 45 59
288 488 46 60
288 487 46 61
287 485 46 61
287 484 46 61
287 483 46 61
287 482 46 61
290 486 44 59
289 488 44 59
286 487 45 59
285 488 45 59
285 487 46 61
285 487 47 63
285 487 47 63
285 487 47 63
287 482 46 62
283 484 46 62
284 485 47 64
283 486 48 66
282 486 49 67
281 485 49 68
282 486 49 68
281 485 50 69
281 486 50 69
282 486 50 69
281 486 50 70
281 487 50 70
281 487 51 71
281 485 52 72
281 487 52 72
282 488 52 73
284 492 52 74
282 475 52 75
280 480 53 75
282 484 54 76
282 487 54 76
284 490 54 76
282 493 54 76
285 488 54 76
282 486 54 76
280 485 54 76
281 484 54 76
281 485 54 76
282 474 53 75
282 481 54 75
287 486 54 75
289 488 55 76
290 489 56 78
294 486 57 79
280 482 57 79
286 479 57 80
287 477 57 80
288 472 57 80
288 466 58 82
286 459 60 84
286 451 62 86
283 444 64 89
277 471 63 88
278 472 64 89
278 468 64 89
278 467 64 88
276 472 64 87
274 475 64 86
270 474 64 86
265 464 64 86
264 458 65 88
274 468 65 88
270 471 65 88
266 462 65 88
263 455 66 89
258 450 68 92
273 459 68 92
269 463 68 92
264 454 68 92
261 445 69 94
258 445 70 96
250 441 71 98
272 463 71 98
270 465 71 99
267 461 71 99
261 454 71 99
256 443 72 100
251 438 73 102
279 478 47 61
279 481 48 61
279 481 49 62
280 482 49 63
279 484 49 63
280 485 50 64
281 486 51 65
277 483 52 66
279 484 52 66
278 485 53 67
278 484 53 67
278 483 54 68
280 484 54 68
276 482 55 69
276 483 55 69
274 484 55 69
274 483 56 70
274 483 57 72
275 483 57 72
276 484 57 72
277 486 57 72
279 484 57 72
282 484 57 73
281 482 58 74
283 483 59 75
285 482 60 77
286 485 62 80
285 486 64 83
285 485 65 85
276 466 65 85
280 470 65 85
280 474 65 85
281 478 65 85
283 479 65 85
284 480 66 86
283 482 66 86
283 478 66 86
281 477 66 86
282 478 66 86
283 477 66 86
282 477 66 86
281 476 66 86
280 476 66 86
282 477 66 86
280 478 66 86
280 480 66 86
282 481 66 86
282 480 66 86
283 483 66 86
285 477 66 86
284 476 67 87
285 475 68 88
285 474 69 89
286 472 70 90
285 470 71 91
286 466 72 92
286 462 74 94
286 459 76 96
287 454 78 98
287 455 80 100
288 451 82 103
290 450 83 105
294 448 84 106
280 461 76 96
283 457 77 97
285 455 79 99
286 453 81 102
285 449 83 104
285 441 85 106
282 434 87 108
282 427 89 110
276 422 90 112
273 422 92 115
273 416 95 119
275 412 98 123
274 406 101 127
272 402 104 131
274 397 108 136
270 401 111 139
272 400 114 142
277 399 117 146
280 396 122 152
285 403 126 157
292 415 130 162
273 418 131 163
288 412 131 164
301 418 136 170
280 451 83 104
279 439 83 105
279 431 85 107
280 424 87 109
274 420 89 112
269 413 93 117
265 406 97 123
290 470 66 85
284 467 67 85
277 466 66 84
273 455 66 84
286 462 66 84
279 462 66 85
275 455 66 85
273 449 67 86
274 447 68 88
275 446 69 89
286 459 68 88
286 453 69 89
291 443 69 89
290 437 71 91
291 431 73 94
281 457 72 93
282 448 73 94
286 438 74 95
288 429 76 97
278 456 76 97
277 444 76 97
279 434 77 98
280 424 80 102
281 417 84 107
279 449 82 105
278 438 83 106
278 427 84 108
275 422 87 112
273 413 91 117
274 446 91 117
266 432 92 118
257 419 94 120
267 439 93 118
259 427 93 119
250 412 95 121
282 461 58 74
280 462 58 74
279 462 59 75
278 460 60 76
276 459 61 78
274 461 62 80
273 457 63 82
273 455 64 84
273 454 65 86
272 451 66 88
270 448 68 90
268 445 69 92
265 441 71 94
260 436 73 96
277 451 73 96
274 441 74 97
273 434 77 100
269 428 80 104
264 426 84 109
260 421 87 113
254 417 90 117
251 416 92 120
249 416 94 123
251 412 96 126
252 411 99 130
249 411 101 132
250 407 103 134
245 407 104 136
245 412 105 137
250 409 105 137
251 407 106 138
250 410 107 139
254 410 107 139
253 413 109 141
254 410 109 142
254 413 110 143
255 412 110 143
255 417 110 143
254 412 109 142
255 415 110 143
255 415 109 142
258 416 109 142
255 417 108 141
257 415 108 141
258 415 107 140
258 420 107 139
259 423 107 139
260 422 108 140
260 424 108 140
263 425 109 142
262 421 109 142
260 422 109 142
258 421 110 144
260 418 110 145
260 417 110 145
262 414 110 145
266 415 109 144
269 419 107 142
269 420 107 142
270 419 107 142
271 418 107 142
270 420 108 144
271 418 110 147
272 417 112 150
269 416 115 154
268 414 117 157
268 415 118 158
270 414 119 159
269 413 121 161
270 413 122 162
270 413 124 164
268 413 126 166
271 412 128 168
271 410 129 170
274 409 131 173
280 408 134 177
289 420 138 182
274 422 119 157
272 421 120 158
272 416 123 162
274 416 125 165
277 414 128 169
283 414 131 173
295 419 135 178
311 432 140 184
280 409 139 183
300 421 140 184
313 429 146 192
282 414 146 192
306 432 146 192
312 431 146 192
315 425 153 201
284 407 153 201
302 427 153 201
309 426 153 201
310 419 160 211
310 420 167 220
304 419 174 229
301 408 181 239
297 410 188 249
292 403 195 258
286 405 200 265
281 400 203 269
278 394 207 274
277 395 212 281
280 388 211 279
282 392 214 283
283 387 213 281
286 389 212 279
282 393 211 277
278 387 211 277
284 384 214 281
287 394 213 280
289 398 210 276
288 399 208 273
287 397 207 272
290 402 205 270
295 402 203 268
274 397 205 270
291 394 205 271
301 413 202 267
309 407 200 265
316 410 197 261
320 411 194 256
328 421 190 250
337 417 185 243
277 404 184 242
286 409 184 242
286 395 190 250
278 409 194 255
282 395 201 264
274 393 202 265
277 400 203 266
277 389 206 271
278 398 207 272
273 387 209 274
280 398 209 274
269 387 211 276
279 396 211 276
270 387 213 278
279 396 213 278
271 391 213 278
275 383 216 282
279 396 221 288
270 391 218 284
275 385 219 285
279 394 223 291
278 399 221 289
275 390 220 287
271 389 220 287
276 380 222 290
282 389 226 295
285 383 226 294
288 378 226 294
293 385 227 295
299 383 226 294
310 384 230 299
313 383 236 307
315 379 241 313
312 372 246 320
307 370 253 329
300 360 257 334
309 363 263 342
301 358 263 341
294 358 269 349
292 341 274 355
301 358 275 356
297 346 277 358
291 342 282 365
293 338 285 369
290 337 285 369
289 343 284 368
294 336 283 366
296 360 285 369
295 342 281 364
293 338 284 367
295 333 284 367
306 358 286 370
314 343 288 372
317 344 301 389
312 340 307 397
315 341 312 403
303 346 311 402
306 348 317 410
308 357 314 406
270 330 313 405
285 344 313 405
300 357 313 405
306 363 326 422
307 363 325 420
309 367 322 416
318 370 320 413
323 379 317 409
331 380 311 402
348 381 304 394
247 339 300 389
265 334 301 390
281 367 300 388
286 373 305 394
305 377 318 411
315 369 321 414
324 391 320 413
332 378 319 411
354 374 311 401
251 331 307 396
276 355 308 397
294 388 309 398
311 374 321 413
325 390 317 407
333 384 310 399
348 383 301 387
304 351 302 388
316 393 302 389
321 379 305 393
333 385 301 388
345 384 294 379
346 403 290 374
349 395 287 370
345 398 285 367
349 397 283 364
350 400 281 362
351 397 281 362
349 401 279 359
358 397 278 357
359 403 274 352
361 400 272 349
357 399 271 347
359 391 272 348
353 402 269 344
359 389 273 349
349 400 268 343
361 394 269 344
357 392 265 339
361 390 260 333
353 396 257 329
363 395 259 331
356 395 259 331
364 390 256 327
366 391 253 324
368 393 251 322
365 391 251 322
368 394 249 319
367 390 249 319
366 393 249 319
366 388 252 323
367 390 251 322
368 390 250 321
367 386 251 322
367 388 251 322
367 390 250 321
369 383 250 321
372 386 251 322
363 388 248 319
371 379 254 326
360 385 253 324
364 378 254 326
365 382 254 326
367 378 254 326
362 383 257 329
362 379 256 327
368 379 255 325
358 381 256 326
366 369 258 329
354 378 258 329
362 367 261 332
354 376 259 330
361 372 258 329
359 374 255 325
362 371 254 323
362 376 252 320
359 379 253 322
361 375 253 322
357 378 254 323
361 372 253 322
359 377 251 319
361 379 250 318
360 380 248 316
363 376 246 314
372 379 242 309
369 384 238 304
373 376 234 299
374 378 232 297
374 380 230 295
373 381 230 295
367 379 236 303
371 377 239 307
361 379 240 309
371 367 242 312
365 373 239 308
373 369 245 316
359 374 245 316
368 359 252 325
361 366 247 318
368 360 252 324
365 361 251 322
362 361 254 326
360 357 257 330
362 354 258 332
367 351 259 334
357 340 261 337
354 340 266 343
356 338 271 350
356 331 272 352
352 331 276 358
346 327 277 359
334 332 277 359
322 333 284 368
335 328 285 369
307 328 283 366
319 334 283 365
329 327 283 364
306 331 283 364
316 329 280 360
320 336 281 361
321 328 280 360
311 335 281 361
318 324 278 357
313 328 280 360
315 336 280 360
318 327 278 358
307 330 279 360
305 330 276 356
299 340 274 354
301 335 268 347
305 343 266 344
302 342 265 342
305 339 264 340
305 341 265 341
306 336 269 346
306 334 269 347
305 332 269 347
302 331 268 346
300 328 267 345
300 327 267 345
297 325 267 345
296 327 265 342
302 327 262 339
299 323 261 338
296 326 261 339
299 316 259 337
303 331 263 342
313 328 262 340
311 330 262 340
312 332 261 339
313 334 261 339
317 332 261 339
316 335 260 338
319 327 258 336
324 332 258 336
341 330 257 335
351 340 257 334
353 363 255 331
339 364 257 333
333 357 261 338
333 346 265 343
338 340 270 350
333 342 271 351
339 342 273 353
335 353 271 350
342 349 268 347
344 349 266 344
341 358 265 343
348 357 264 342
347 364 260 336
355 364 261 338
342 363 260 337
341 353 264 342
342 347 267 346
338 352 268 347
342 348 268 347
334 353 266 345
340 349 265 344
336 352 264 343
340 345 263 342
340 344 264 343
345 345 263 342
346 347 262 341
349 346 260 338
354 346 257 334
350 349 254 330
357 348 251 326
356 349 249 323
355 354 248 322
356 352 246 319
356 355 248 321
358 352 245 317
356 350 249 322
357 347 251 324
354 343 250 323
354 346 251 324
351 347 252 326
355 348 250 323
352 349 250 322
353 349 251 323
353 351 249 320
358 352 249 319
358 351 246 316
357 351 247 317
357 350 248 319
356 350 249 321
358 349 247 318
358 348 247 318
357 346 248 320
358 346 249 322
357 346 249 322
359 346 249 322
360 347 246 319
364 348 244 317
365 350 242 315
365 353 240 313
366 354 239 312
365 355 240 313
361 355 240 314
357 358 240 313
359 356 239 312
363 353 242 316
353 354 243 317
358 349 246 320
355 348 243 316
355 352 245 318
353 349 243 315
346 353 247 320
345 342 249 323
332 339 250 324
328 327 253 327
327 324 258 333
332 319 261 337
330 322 263 339
326 316 264 340
324 313 268 345
327 308 269 347
318 311 271 350
325 304 273 352
320 309 276 356
322 312 277 358
317 314 277 358
311 306 277 358
317 300 281 363
312 305 285 369
305 291 287 372
298 294 289 374
304 304 296 382
294 292 299 385
298 300 305 392
293 287 306 394
297 293 310 399
289 283 313 403
290 299 313 404
294 287 312 403
295 296 313 404
296 287 312 403
292 299 312 403
295 289 312 403
290 283 313 404
288 293 313 403
296 274 315 405
291 290 311 400
298 277 312 402
302 298 308 397
305 287 306 395
304 292 302 390
311 288 301 388
313 293 296 382
320 290 293 378
322 294 290 375
322 290 289 374
321 294 287 372
327 293 286 371
321 300 283 368
332 290 283 369
323 302 280 365
335 298 279 364
321 310 277 362
333 308 277 362
330 314 273 356
335 314 275 358
330 319 274 356
323 313 279 363
327 310 278 361
327 309 278 361
326 308 276 359
333 307 274 357
324 306 279 364
324 305 280 366
324 307 279 365
325 309 277 363
328 310 277 363
319 311 278 364
330 306 281 367
324 313 277 362
334 314 276 361
341 317 275 359
340 326 272 355
344 326 273 356
353 324 271 353
366 332 268 350
360 323 266 348
373 334 263 344
350 332 268 351
363 341 264 345
360 337 261 341
360 352 259 339
353 348 256 335
357 356 260 340
340 351 258 337
350 353 262 342
343 363 262 342
351 357 257 335
345 362 260 339
345 358 259 338
344 360 260 339
350 365 259 338
346 359 259 338
353 369 258 337
348 367 257 335
355 370 256 333
358 371 256 333
356 372 254 331
362 372 254 331
349 371 255 332
358 370 256 334
351 371 253 330
360 370 256 333
348 368 254 330
361 367 254 330
352 370 251 326
366 367 253 329
344 360 251 327
358 356 256 333
351 362 253 329
366 358 255 331
342 362 254 330
359 358 261 339
343 354 257 333
358 349 262 340
341 356 259 336
356 349 265 344
336 358 263 341
346 345 269 349
334 354 267 346
345 347 267 345
335 354 266 344
348 349 266 344
334 353 264 342
345 349 269 348
325 352 268 346
342 350 267 345
333 353 267 345
333 349 270 349
335 351 270 349
332 348 268 346
333 356 273 353
327 354 267 346
339 353 265 344
333 350 269 349
331 349 268 348
334 359 271 351
327 360 266 344
344 361 263 341
324 363 262 340
342 366 259 336
335 364 259 336
333 360 258 334
335 366 259 335
335 359 256 332
342 362 260 338
337 365 257 334
339 359 256 333
347 356 258 335
347 364 262 340
336 367 257 334
347 362 254 330
351 370 257 334
343 366 253 329
349 358 255 331
347 352 261 339
335 351 264 343
348 351 267 347
334 349 266 346
346 354 271 353
328 345 267 348
346 352 269 350
332 347 265 345
348 356 264 344
339 346 260 339
351 358 261 341
337 347 258 337
345 358 265 346
342 346 262 342
349 353 263 343
336 342 266 347
346 353 267 349
342 342 265 346
348 352 264 345
337 342 264 346
351 350 263 344
335 341 265 347
343 347 266 349
336 355 262 344
344 350 262 344
339 353 263 345
345 345 264 346
342 354 264 346
353 343 258 338
352 349 255 334
350 348 253 331
351 353 254 332
355 344 251 329
352 350 251 329
355 349 252 330
349 348 250 328
355 343 254 334
347 347 252 332
353 342 255 336
349 347 252 332
355 341 252 332
351 347 250 330
355 345 254 335
350 344 250 330
357 349 254 335
350 350 252 332
354 350 257 338
340 353 255 336
346 344 263 346
339 352 262 345
342 343 267 351
332 352 267 351
337 342 266 350
340 354 269 355
328 343 267 352
340 359 267 352
329 350 264 348
340 364 263 347
333 362 260 343
336 371 258 341
332 375 257 339
322 380 255 336
325 379 251 331
325 377 249 328
322 374 248 327
323 374 246 325
322 373 245 324
321 376 244 322
317 384 245 323
321 383 244 321
323 378 244 321
320 375 244 321
318 382 244 320
324 376 243 319
320 374 242 318
319 384 243 319
327 382 242 317
323 374 242 318
318 378 242 318
319 379 242 318
322 373 242 318
323 378 242 318
327 381 241 317
330 372 240 316
331 366 239 314
337 378 240 315
340 380 240 315
348 375 242 318
348 379 247 324
350 386 251 329
353 383 255 334
352 377 258 338
349 370 259 339
348 364 258 337
350 368 258 337
347 363 257 336
349 363 261 342
344 359 259 340
347 349 265 348
344 364 265 348
340 360 260 342
344 361 266 350
346 368 264 348
345 368 261 344
351 372 259 341
348 364 261 343
345 361 267 351
342 363 266 349
342 365 273 358
328 369 275 360
328 359 280 366
328 353 286 374
316 351 290 380
314 351 298 390
311 350 303 397
302 359 307 403
302 338 311 409
290 362 315 415
296 332 314 413
298 358 314 413
302 335 313 412
293 360 310 408
296 333 311 410
304 362 306 404
307 341 306 403
309 362 303 399
310 343 301 397
315 359 300 395
315 346 298 393
312 364 299 395
322 345 297 393
311 362 294 389
312 343 295 391
316 360 293 389
324 347 291 386
318 360 287 380
330 351 285 378
320 351 280 371
326 344 280 371
333 357 276 366
338 353 272 360
341 351 265 350
344 361 260 344
351 355 255 337
353 354 254 336
353 364 254 335
352 355 253 334
358 363 254 336
346 358 249 329
358 361 256 338
345 356 251 331
354 362 260 343
343 357 255 336
352 358 263 347
341 356 258 341
351 353 265 350
337 357 260 344
348 347 262 346
353 363 260 344
348 355 253 334
359 358 256 338
347 356 253 334
359 353 257 339
344 359 252 332
354 354 259 341
343 359 255 336
350 355 262 346
350 357 260 343
351 354 264 349
344 361 260 344
351 351 264 350
339 364 261 346
348 349 265 351
342 362 263 348
349 353 263 347
344 365 262 345
350 358 259 341
348 354 260 342
