945 293 52 28
951 293 51 27
956 293 50 27
961 293 50 27
966 293 49 26
971 294 50 26
979 294 52 27
978 292 51 26
987 294 52 27
996 293 52 27
1004 293 50 26
1009 294 51 26
1014 294 53 27
1017 293 55 28
1023 294 54 27
1031 294 54 27
1038 294 55 27
1045 295 53 26
1050 296 53 26
1055 296 54 27
1060 295 54 27
1065 296 52 26
1071 298 50 25
1076 298 50 25
1082 298 49 25
1090 297 49 25
1090 297 49 25
1101 270 49 25
1101 270 49 25
1120 291 49 25
1125 296 49 25
1131 300 49 25
1135 299 50 26
1140 299 52 27
1146 298 51 27
1151 298 52 28
1159 299 50 27
1164 300 49 26
1168 301 48 25
1176 302 47 24
1183 303 45 23
1188 304 44 23
1194 303 43 23
1194 303 43 23
1204 304 42 22
1212 303 43 23
1212 302 43 23
1205 301 44 23
1196 299 44 23
1187 297 44 23
1178 296 44 23
1169 295 44 23
1160 294 42 22
1152 293 41 21
1144 292 41 21
1125 288 42 21
1118 289 42 22
1103 285 42 22
1097 286 43 22
1080 282 43 22
1077 281 44 22
1069 280 45 22
1059 279 44 21
1052 278 44 21
1046 277 43 20
1037 277 41 19
1030 276 40 19
1022 275 39 18
1015 274 38 17
1011 273 32 17
1006 272 31 16
1002 272 30 16
984 266 39 21
979 266 39 21
972 265 39 21
966 264 39 21
960 263 39 21
953 262 38 21
947 260 37 21
941 259 35 20
935 258 35 20
929 257 35 20
923 256 33 19
916 255 33 19
906 250 32 18
901 250 33 19
888 247 32 18
884 247 33 19
881 246 33 19
867 244 32 18
857 245 33 19
845 241 33 19
837 242 33 19
838 238 34 19
832 239 34 20
828 238 34 20
825 237 33 20
821 237 33 20
806 234 33 20
804 233 33 20
798 234 32 19
792 234 31 18
786 234 30 17
780 233 30 17
774 232 29 16
768 231 29 16
764 230 30 16
763 230 30 16
762 229 31 17
764 228 31 17
766 227 32 17
769 226 33 18
773 225 34 18
778 223 34 18
782 223 35 18
786 222 34 18
790 222 35 18
793 221 35 18
796 220 35 18
799 219 36 18
801 219 37 18
803 218 38 19
806 217 38 19
810 216 38 19
813 216 36 18
816 217 36 18
820 216 36 18
823 215 36 18
825 215 37 18
829 214 37 18
832 213 38 19
838 212 39 19
845 212 40 19
853 211 41 19
869 210 41 19
884 210 42 19
884 210 42 19
884 210 42 19
884 210 42 19
884 210 42 19
884 210 42 19
884 210 42 19
884 210 42 19
884 210 42 19
884 210 42 19
