770 820 41 92
770 820 41 93
770 819 42 94
770 819 42 95
770 815 42 94
770 816 41 92
769 817 41 91
770 816 41 92
771 816 41 91
772 815 41 91
772 816 41 92
773 814 41 92
774 815 42 93
775 814 43 95
775 817 43 95
775 812 44 98
779 813 44 98
779 812 45 99
778 813 46 102
780 810 46 103
780 810 47 105
781 808 47 105
781 811 48 107
783 813 47 106
784 815 47 107
785 816 47 107
786 817 47 108
786 817 47 108
787 814 47 108
788 818 47 108
788 817 47 108
789 816 47 108
790 815 47 108
791 813 47 107
793 808 46 106
794 812 46 105
795 812 45 104
796 812 44 102
797 814 43 100
798 811 43 99
797 814 43 99
797 810 43 98
797 811 43 98
797 806 44 99
798 803 45 101
798 805 45 100
797 805 45 100
798 805 45 100
800 805 45 99
801 803 44 98
803 808 43 97
804 811 43 96
805 812 43 96
805 815 43 96
806 816 43 96
806 817 44 99
805 802 44 99
809 808 44 99
811 814 43 97
812 817 43 97
812 818 44 99
814 816 44 100
814 813 45 102
814 813 45 103
813 813 45 102
813 811 45 101
814 809 45 100
815 807 45 100
816 805 45 100
816 803 46 101
815 804 47 104
813 800 48 107
811 800 49 109
810 803 49 109
823 791 49 110
819 789 49 110
817 785 48 109
816 787 48 109
816 789 47 108
816 786 46 106
817 783 45 103
822 782 44 101
829 782 43 99
831 779 43 98
831 780 43 98
832 780 42 97
833 782 42 96
835 785 41 95
837 781 40 94
841 780 39 93
844 779 38 90
843 781 38 89
845 781 38 89
846 778 38 88
847 780 37 87
848 776 36 85
849 780 36 84
851 780 35 82
852 777 34 80
851 778 34 79
851 777 34 79
852 775 34 78
852 777 34 78
852 776 34 79
852 773 35 81
850 772 35 82
849 768 36 84
849 765 37 86
847 763 38 87
848 759 38 87
846 756 38 87
845 756 37 85
846 754 36 83
846 753 35 82
845 753 35 81
845 752 35 82
845 751 35 82
846 751 36 84
846 751 36 84
846 750 37 85
844 749 37 85
844 747 38 87
842 747 38 88
841 748 39 90
839 745 39 90
838 744 40 92
837 744 39 90
836 743 39 89
836 742 38 87
836 742 37 86
834 744 36 84
834 743 35 82
833 745 34 80
833 745 33 78
830 745 33 78
828 745 32 77
828 744 31 76
825 741 31 75
821 740 31 76
818 740 32 78
815 739 33 80
811 737 34 81
806 734 35 83
801 733 36 85
797 733 36 86
794 733 36 87
789 730 37 89
784 730 37 88
780 730 37 88
775 729 37 87
771 727 37 86
767 728 36 84
764 727 35 82
761 728 34 80
758 727 33 78
754 727 32 77
751 724 32 77
747 723 31 76
742 724 30 74
738 723 30 74
733 724 29 73
729 725 28 72
727 724 27 71
707 722 27 71
705 720 27 72
704 719 27 71
703 721 26 69
687 721 26 70
688 719 26 70
686 715 26 70
683 713 26 70
679 712 26 71
678 719 27 60
675 715 28 63
674 716 28 63
673 714 29 66
672 712 30 69
673 710 31 72
673 708 32 75
675 704 33 78
674 700 34 80
674 701 34 81
674 700 34 81
675 701 33 80
675 700 32 79
675 698 32 78
675 696 32 77
674 698 32 78
674 696 32 78
674 695 32 77
674 693 32 77
674 692 33 79
673 689 34 80
