2260 708 292 120
2206 703 292 120
2152 696 295 121
2107 688 299 123
2065 680 304 125
2043 675 307 126
2015 672 311 128
1947 663 309 127
1934 671 310 127
1908 666 319 131
1831 648 314 129
1797 667 314 129
1776 653 306 125
1735 661 306 126
1710 663 292 120
1683 662 292 120
1670 662 278 114
1657 659 270 111
1645 658 263 108
1633 660 265 109
1615 657 266 109
1597 656 275 113
1584 658 278 114
1568 655 286 117
1564 660 277 113
1557 658 275 112
1553 660 267 109
1546 659 268 109
1537 655 276 112
1532 653 278 113
1530 652 278 113
1541 654 277 112
1548 657 266 108
1550 658 262 106
1547 661 258 104
1537 655 271 109
1537 659 273 110
1546 662 266 107
1539 661 260 105
1536 660 250 101
1539 668 243 98
1552 667 237 96
1564 670 232 94
1562 663 241 98
1571 662 247 101
1585 660 255 104
1595 659 256 104
1604 663 251 102
1616 668 252 103
1631 666 250 102
1646 669 246 100
1658 669 247 100
1641 658 246 99
1645 664 246 100
1636 664 241 98
1642 652 238 97
1654 647 236 96
1654 647 236 96
1654 647 236 96
1556 659 234 95
1570 668 234 95
1586 671 232 94
1601 668 231 93
1613 666 226 91
1618 662 225 90
1620 659 227 91
1617 657 225 90
1618 657 231 92
1622 656 234 93
1628 655 234 93
1632 657 228 91
1642 656 229 91
1651 657 224 89
1661 655 221 88
1672 657 215 86
1686 658 210 84
1706 658 208 83
1720 657 213 85
1686 656 214 85
1697 662 214 86
1698 660 212 85
1678 660 209 84
1686 640 214 86
1636 641 212 85
1635 643 214 86
1664 652 215 86
1675 653 207 83
1679 651 202 81
1684 650 196 79
1688 649 188 76
1695 650 183 74
1701 651 180 73
1703 650 182 74
1706 650 184 75
1706 648 189 77
1705 646 191 78
1704 646 193 79
1708 643 199 81
1714 642 198 81
1724 642 194 79
1735 644 190 77
1743 642 188 76
1750 643 186 75
1758 643 186 75
1763 646 185 75
1772 645 184 75
1784 645 185 76
1795 644 185 76
1797 648 187 77
1801 642 187 77
1794 645 188 77
1803 637 187 76
1803 637 187 76
1803 637 187 76
1803 637 187 76
1735 627 188 77
1751 630 188 77
1756 632 187 77
1762 634 184 76
1766 634 182 75
1764 630 184 76
1762 629 182 75
1760 627 179 74
1754 626 180 74
1750 625 179 73
1745 624 179 73
1739 622 185 75
1734 620 188 76
1736 620 185 75
1735 619 182 74
1733 618 184 75
1735 615 187 76
1732 615 190 77
1728 612 199 81
1726 610 199 81
1724 609 201 82
1731 610 199 81
1735 607 200 81
1737 609 202 82
1701 608 202 82
1729 610 203 82
1727 612 209 84
1725 613 216 87
1725 613 221 89
1724 613 225 90
1725 616 223 89
1725 605 224 89
1723 611 224 89
1725 612 227 90
1730 604 226 89
1724 606 226 90
1723 608 222 88
1726 608 221 87
1722 608 220 87
1724 608 223 88
1719 610 225 89
1726 612 223 88
1728 611 224 88
1724 610 228 90
1727 610 230 91
1716 607 233 92
1724 611 232 91
1720 608 233 91
1717 604 232 90
1723 604 232 91
1715 605 238 93
1720 609 240 94
1713 606 243 95
1712 605 245 96
1712 607 247 97
1713 607 250 98
1709 610 255 100
1704 614 259 102
1707 619 258 101
1692 604 262 102
1706 614 262 103
1695 619 259 102
1682 601 260 102
1691 611 261 103
1680 614 258 102
1662 597 262 103
1652 607 262 104
1640 611 259 103
1621 597 258 102
1606 602 259 103
1587 609 258 103
1565 617 253 101
