526 389 12 10
526 389 12 10
526 389 12 10
526 389 12 10
526 389 12 10
526 389 12 10
527 389 12 10
527 389 12 10
527 389 12 10
527 389 12 10
527 389 12 10
527 389 12 10
527 389 12 10
527 389 12 10
527 389 12 10
527 388 12 10
527 389 12 10
527 389 12 10
527 389 12 10
527 389 12 10
527 388 12 10
527 389 12 10
527 389 12 10
527 388 12 10
527 388 12 10
527 389 12 10
527 388 12 10
527 388 12 10
527 388 12 10
527 388 12 10
527 388 12 10
527 388 12 10
527 389 12 10
527 388 12 10
527 388 12 10
527 388 12 10
527 388 12 10
527 388 12 10
528 388 12 10
528 388 12 10
528 388 12 10
528 388 12 10
528 388 12 10
528 388 12 10
528 388 12 10
528 388 12 10
528 388 12 10
528 388 12 10
528 388 12 10
528 388 12 10
528 388 12 10
528 388 12 10
528 388 12 10
528 388 12 10
528 388 12 10
528 388 12 10
529 387 12 10
529 387 12 10
529 387 12 10
529 387 12 10
529 387 12 10
529 387 12 10
529 387 12 10
529 386 12 10
529 386 12 10
529 386 12 10
529 386 12 10
529 386 12 10
529 386 12 10
529 386 12 10
529 386 12 10
530 386 12 10
529 386 12 10
530 386 12 10
530 386 12 10
530 386 12 10
530 386 12 10
530 386 12 10
530 386 12 10
530 386 12 10
530 386 12 10
530 386 12 10
530 386 12 10
530 386 12 10
530 386 12 10
530 386 12 10
530 386 12 10
530 386 12 10
530 386 12 10
530 386 12 10
530 386 12 10
530 386 12 10
530 385 12 10
530 385 12 10
530 385 12 10
530 385 12 10
530 384 12 10
530 384 12 10
530 383 12 10
531 382 12 10
531 381 12 10
532 381 12 10
532 380 11 10
533 378 11 10
533 378 12 10
533 377 12 10
533 376 12 10
533 376 11 10
533 375 11 10
533 373 11 10
533 372 12 10
533 371 12 10
533 371 12 10
534 370 12 10
533 369 12 10
533 368 12 10
533 367 12 10
533 366 11 10
533 365 12 10
533 364 11 10
533 363 12 10
534 362 12 10
534 360 12 10
533 359 12 10
534 358 12 10
534 357 12 10
534 356 12 10
534 355 12 10
533 354 12 10
533 353 11 10
534 352 12 10
534 351 12 10
534 350 12 10
534 349 12 10
534 348 12 10
534 347 12 10
533 346 12 10
534 345 12 10
533 344 12 10
533 343 12 10
533 342 12 10
533 341 12 10
533 339 12 10
533 338 12 10
533 337 12 10
533 336 12 10
533 335 12 10
533 334 12 10
533 333 12 10
533 332 12 10
532 331 12 10
532 330 12 10
533 329 12 10
533 327 12 10
533 326 12 10
533 325 12 10
533 324 12 10
533 323 12 10
533 322 12 10
533 321 12 10
534 320 12 10
535 319 12 10
535 318 12 10
534 317 12 10
535 316 12 10
535 315 12 10
535 314 12 10
534 313 12 10
534 312 12 10
534 311 12 10
535 310 12 10
534 309 12 10
534 308 12 10
534 307 12 10
534 306 12 10
534 306 12 10
534 305 12 10
534 304 12 10
534 303 12 10
534 302 12 10
533 301 12 10
533 300 12 10
533 300 12 10
533 299 12 10
534 298 12 10
534 297 12 10
534 296 12 10
533 296 12 10
532 295 12 10
533 294 12 10
533 294 12 10
532 293 12 10
532 292 12 10
532 292 12 10
532 291 12 10
532 290 12 10
532 290 12 10
531 289 12 10
530 288 12 10
529 287 12 10
529 287 12 10
530 286 12 10
529 286 12 10
528 285 12 10
528 285 12 10
528 284 12 10
528 284 12 10
528 283 12 10
528 283 12 10
528 282 12 10
528 282 12 10
527 282 12 10
527 281 12 10
526 280 12 10
526 279 12 10
526 279 12 10
527 278 12 10
526 278 12 10
525 278 12 10
525 277 12 10
524 277 12 10
524 276 12 10
523 275 12 10
523 274 12 10
523 274 12 10
523 274 12 10
522 274 12 10
522 273 12 10
522 273 12 10
522 272 12 10
524 273 12 10
523 272 12 10
521 271 12 10
521 271 12 10
521 270 12 10
521 270 12 10
522 270 12 10
521 270 12 10
521 269 12 10
521 269 12 10
522 269 12 10
521 269 12 10
521 268 12 10
521 269 12 10
522 268 12 10
521 268 12 10
520 268 12 10
520 267 12 10
519 267 12 10
522 266 11 10
522 266 12 10
523 266 12 10
521 265 12 10
520 266 12 10
519 265 12 10
519 265 12 10
520 263 12 10
520 264 12 10
519 264 12 10
519 264 12 10
519 264 12 10
520 263 11 10
520 263 12 10
519 263 12 10
520 262 12 10
520 262 12 10
519 262 12 10
521 262 11 10
521 263 12 10
521 263 12 10
521 263 12 10
521 263 12 10
521 263 12 10
521 263 12 10
521 263 12 10
520 263 12 10
519 262 12 10
521 262 12 10
521 262 12 10
520 262 12 10
519 263 12 10
518 263 12 10
521 262 11 10
521 263 12 10
520 263 12 10
520 262 12 10
519 262 12 10
518 262 12 10
521 263 12 10
521 263 12 10
521 262 12 10
521 263 12 10
521 262 12 10
521 263 12 10
521 262 12 10
521 262 12 10
521 262 12 10
521 262 12 10
521 262 12 10
521 262 12 10
521 263 12 10
522 263 12 10
522 263 12 10
522 263 12 10
522 263 12 10
522 263 12 10
522 263 12 10
522 263 12 10
522 263 12 10
522 263 12 10
522 262 12 10
522 262 12 10
522 263 12 10
522 263 12 10
523 262 12 10
522 263 12 10
522 262 12 10
522 262 12 10
522 263 12 10
522 262 12 10
522 263 12 10
522 262 12 10
522 263 12 10
522 263 12 10
522 262 12 10
522 263 12 10
522 262 12 10
521 263 12 10
521 263 12 10
521 262 12 10
520 262 12 10
519 262 12 10
521 263 12 10
521 263 12 10
521 263 12 10
521 263 12 10
522 263 12 10
522 263 12 10
522 263 12 10
522 263 12 10
522 263 12 10
522 263 12 10
522 263 12 10
522 263 12 10
522 263 12 10
522 263 12 10
522 263 12 10
522 263 12 10
522 263 12 10
522 262 12 10
521 263 12 10
521 262 12 10
520 263 12 10
520 262 12 10
520 262 12 10
520 262 12 10
520 262 12 10
520 262 12 10
520 262 12 10
520 262 12 10
520 261 12 10
519 262 12 10
520 262 12 10
520 262 12 10
520 262 12 10
520 262 12 10
520 262 12 10
520 262 12 10
520 262 12 10
520 262 12 10
520 262 12 10
520 262 12 10
520 262 12 10
520 262 12 10
520 262 12 10
519 262 12 10
518 262 12 10
518 261 12 10
518 261 12 10
518 261 12 10
518 261 12 10
518 261 12 10
518 261 12 10
518 261 12 10
518 261 12 10
518 261 12 10
518 262 12 10
518 262 12 10
518 262 12 10
518 261 12 10
518 261 12 10
518 261 12 10
518 261 12 10
518 262 12 10
518 261 12 10
518 261 12 10
518 261 12 10
518 261 12 10
518 261 12 10
518 261 12 10
518 261 12 10
518 261 12 10
518 261 12 10
518 261 12 10
518 261 12 10
518 261 12 10
518 261 12 10
518 261 12 10
518 262 12 10
518 261 12 10
518 261 12 10
518 261 12 10
518 261 12 10
518 261 12 10
518 261 12 10
