597 325 36 41
597 325 36 41
595 325 35 40
595 325 35 40
594 325 35 40
593 325 35 39
592 325 35 39
591 324 35 39
590 324 35 39
590 324 35 39
589 323 35 40
588 323 36 41
589 322 36 41
589 322 35 40
588 322 35 40
588 322 35 40
588 323 34 39
588 322 34 40
588 322 34 40
588 321 35 41
588 320 35 41
588 320 35 41
588 320 35 41
588 319 35 41
587 319 35 41
587 319 35 41
587 319 34 40
587 319 34 40
587 320 34 40
587 320 33 39
587 320 33 39
587 320 33 39
587 320 33 39
587 319 34 40
587 319 34 40
587 318 34 40
587 318 35 41
587 317 34 40
587 318 35 41
588 318 34 40
588 318 34 40
588 318 33 39
588 318 33 39
588 318 33 39
589 317 33 39
589 316 34 40
590 317 35 41
591 316 34 40
591 316 34 40
592 316 34 40
592 316 34 40
592 316 34 40
593 316 34 40
593 316 34 40
594 316 33 39
593 316 33 40
594 316 33 40
595 316 32 39
596 316 32 39
597 316 32 39
597 316 33 40
597 316 32 39
598 316 32 39
598 316 32 39
599 316 32 39
599 316 32 39
600 316 31 38
600 316 31 38
601 316 31 38
601 316 31 38
602 316 31 38
603 315 31 38
604 315 32 39
605 314 32 39
606 314 31 38
606 314 32 39
607 314 31 38
608 315 32 39
610 314 31 38
609 315 31 38
610 315 31 38
610 314 31 38
610 314 31 38
610 314 31 38
609 314 32 39
609 313 32 39
609 313 32 39
609 313 32 39
609 313 32 39
609 314 32 39
608 312 32 40
607 312 33 41
607 313 32 40
607 313 32 40
607 313 32 40
606 312 32 40
606 312 32 40
606 312 32 40
605 312 32 40
605 312 32 40
605 312 32 40
605 312 32 41
605 311 32 41
604 311 32 41
604 312 31 40
603 312 31 40
602 312 31 39
601 312 31 38
600 312 31 39
600 312 30 38
600 312 31 39
598 312 31 40
598 312 30 39
597 311 31 40
597 311 31 40
596 311 31 40
595 311 31 40
594 311 31 41
594 310 31 41
594 311 31 41
593 310 30 40
593 311 30 41
592 311 30 40
592 311 30 40
592 311 30 40
591 312 29 39
590 310 30 40
590 310 30 40
589 311 30 40
589 312 29 39
587 310 30 41
587 310 30 41
587 310 30 41
586 314 30 34
585 315 30 34
584 314 30 34
584 315 30 34
583 314 30 34
583 315 30 34
582 315 30 34
582 315 30 34
581 315 30 34
581 315 30 34
581 314 30 34
581 314 30 34
580 314 30 34
580 314 30 34
580 314 30 34
580 314 30 34
579 314 30 34
579 314 30 34
579 314 30 34
579 314 30 34
579 314 30 34
579 314 30 34
579 313 30 34
579 313 30 34
579 313 30 34
579 313 30 34
579 312 31 35
579 312 31 35
579 312 31 35
579 312 31 35
581 312 30 34
581 311 31 36
580 310 31 36
581 310 31 36
581 310 31 36
582 309 31 36
584 309 31 36
584 309 32 37
586 307 32 37
585 307 33 38
586 307 33 38
587 307 32 37
589 306 33 38
590 307 32 37
594 307 31 36
593 306 32 37
595 306 32 37
596 306 31 36
597 305 32 37
598 305 32 37
600 304 33 38
599 304 33 38
601 304 33 38
603 303 33 38
603 303 33 38
605 303 33 38
606 302 32 37
608 302 33 38
608 302 32 37
608 301 32 38
608 301 32 38
609 301 32 38
609 301 32 38
609 300 32 38
609 300 32 38
609 300 32 38
609 300 32 37
608 300 32 37
607 300 32 37
607 299 33 38
606 300 33 38
605 300 33 38
606 299 32 37
606 299 33 38
606 300 32 37
605 299 32 37
605 299 32 37
605 299 33 38
605 300 32 37
605 299 32 37
603 299 33 38
603 299 33 38
603 299 33 38
603 299 33 38
602 300 33 38
601 300 33 38
600 300 33 38
600 300 34 39
599 299 35 40
599 300 34 39
598 298 34 39
598 299 33 38
596 298 34 39
596 298 34 39
595 297 34 39
595 298 33 38
595 298 33 38
594 298 33 38
593 298 33 38
593 297 33 38
592 298 33 38
591 297 33 38
590 296 33 38
590 296 34 39
590 294 33 38
589 295 33 38
588 295 33 39
588 294 32 37
588 295 32 37
587 294 33 38
586 294 33 38
585 294 33 38
584 294 33 38
583 293 33 39
582 291 34 40
581 291 35 41
580 291 35 41
579 291 35 41
578 290 34 40
579 290 35 41
578 291 34 39
578 290 34 39
577 290 34 39
577 290 34 38
577 290 34 38
575 290 34 38
575 290 33 37
575 289 34 38
574 288 34 39
573 287 34 39
573 287 33 38
573 287 33 38
572 287 33 38
571 287 33 38
570 286 33 38
570 286 33 38
569 285 34 39
569 284 34 39
568 284 35 41
568 284 35 41
567 283 35 42
567 284 34 41
567 282 35 43
566 282 35 43
565 281 35 43
564 280 35 43
564 280 35 42
563 280 34 41
563 278 34 41
563 278 33 40
562 278 32 39
562 277 31 38
561 277 32 39
561 277 32 39
561 276 33 40
560 276 33 39
559 276 34 40
558 275 35 41
557 274 35 41
556 274 35 41
556 274 35 40
555 274 35 39
554 272 36 40
554 273 35 39
553 272 35 39
552 271 34 38
553 272 33 37
552 271 34 38
553 271 33 37
551 270 34 38
551 270 34 38
550 270 34 39
550 268 34 39
550 268 34 39
549 267 34 39
549 267 33 38
548 267 33 38
547 267 33 38
547 267 33 38
546 265 33 38
546 266 33 38
546 266 33 38
545 266 33 38
545 266 33 37
544 265 33 37
544 265 33 37
544 265 33 37
543 265 34 38
543 266 33 37
543 265 33 37
542 265 33 38
542 265 33 38
542 265 33 38
541 265 33 38
541 265 33 37
540 265 33 38
541 265 32 37
542 265 32 37
543 265 32 37
546 265 32 37
548 265 31 36
551 266 32 37
554 265 32 36
556 265 32 36
560 266 33 37
562 265 32 36
566 265 33 37
570 265 33 37
573 265 32 36
577 265 33 38
580 265 33 38
584 264 34 39
588 263 34 39
593 264 34 39
596 264 33 38
598 264 33 38
599 264 33 38
602 264 32 37
604 264 33 38
604 264 33 38
606 265 32 37
609 264 32 37
609 264 32 37
610 264 32 37
610 264 33 38
611 264 33 38
611 265 32 37
614 264 32 37
614 264 32 37
614 265 32 37
616 265 31 36
616 266 32 37
617 264 33 38
616 265 32 37
618 265 32 37
618 265 32 37
618 266 31 36
619 266 31 36
619 266 31 37
619 266 31 37
620 266 31 37
620 266 31 37
621 266 31 37
621 267 30 36
622 267 30 36
623 267 30 36
623 267 30 36
623 267 31 37
623 267 30 36
623 267 31 37
623 267 30 36
624 268 31 37
624 267 31 37
624 267 31 37
624 268 31 36
624 268 31 35
624 268 32 36
625 268 31 35
625 268 31 35
624 268 31 35
624 268 32 36
625 268 32 36
625 268 32 36
625 268 32 36
625 268 31 35
625 268 31 35
625 268 32 36
626 268 31 35
625 268 32 36
626 268 31 35
625 268 32 36
627 268 31 35
626 268 32 36
626 268 31 35
626 268 31 35
626 268 31 35
626 268 31 35
626 268 31 35
627 268 31 35
627 268 31 35
627 268 31 35
627 268 31 35
627 268 31 35
627 268 31 35
627 268 31 35
628 268 31 35
628 268 31 35
628 268 31 35
628 268 32 36
629 268 31 35
628 268 32 36
629 267 32 36
630 268 31 35
629 268 32 36
630 268 31 35
630 268 31 35
630 268 31 35
630 268 31 35
631 268 31 35
630 268 31 35
631 268 30 34
632 269 31 35
631 268 32 36
632 268 31 35
632 268 32 36
633 268 31 35
633 268 31 35
633 268 31 35
633 268 32 36
633 269 31 35
634 268 31 35
634 268 31 35
634 268 32 36
634 269 31 35
635 269 31 35
635 268 31 35
635 268 31 35
635 268 32 36
636 269 31 35
635 268 31 36
636 269 30 35
637 269 30 35
638 269 30 35
638 269 30 35
639 269 29 34
639 269 29 34
638 269 30 36
640 269 29 35
639 268 29 35
640 268 29 35
640 268 29 35
641 268 28 34
641 268 29 35
641 268 29 35
641 268 29 35
642 268 29 35
642 268 29 36
642 268 29 36
642 268 29 36
642 268 28 35
642 268 28 35
642 268 29 36
641 267 29 36
640 267 29 36
640 267 29 36
639 267 29 36
639 268 28 35
638 267 29 36
638 268 28 35
637 267 29 36
637 267 29 36
636 267 30 37
637 267 29 36
636 267 30 38
636 266 29 37
636 266 29 37
635 265 29 38
636 266 28 37
636 265 28 37
636 265 28 37
636 265 28 37
636 265 28 37
636 264 28 37
636 264 27 36
635 264 28 37
635 264 28 37
635 263 28 37
635 262 28 38
635 262 28 38
635 263 28 38
634 262 28 38
634 262 29 39
633 262 29 39
633 261 28 37
633 261 28 37
633 261 29 38
632 262 29 38
632 261 28 37
632 261 28 37
632 261 28 37
632 261 28 37
632 261 28 37
631 261 28 37
631 260 28 37
630 260 29 38
629 260 29 38
629 260 28 37
629 259 28 37
629 259 29 38
628 259 29 38
628 259 29 37
628 259 28 36
628 259 28 37
628 258 28 37
628 258 28 37
628 257 28 37
627 257 29 38
626 257 29 38
625 257 29 38
625 257 29 37
624 256 29 37
624 256 29 37
623 256 29 38
623 256 28 37
623 255 28 36
623 255 28 36
623 255 28 36
623 256 28 36
623 256 28 36
622 255 28 36
622 255 28 36
621 255 29 37
621 255 28 36
621 254 28 36
620 254 28 37
620 253 27 36
619 253 28 37
619 253 27 36
619 253 27 36
618 253 27 37
618 255 27 30
618 255 27 30
618 255 27 30
617 255 27 30
616 254 27 30
616 254 27 30
615 253 27 30
615 253 27 30
615 253 27 30
614 252 27 30
614 253 27 30
613 252 27 30
613 252 27 30
612 251 27 30
612 251 27 30
611 250 27 30
611 250 27 30
610 250 27 30
610 250 27 30
610 249 27 30
609 249 27 30
608 248 27 30
608 247 27 30
608 247 27 30
608 247 27 30
607 246 27 30
607 246 27 30
606 245 27 30
606 245 27 30
606 245 27 30
605 245 27 30
605 245 27 30
604 244 27 30
604 244 27 30
603 243 27 30
603 243 27 30
602 243 27 30
601 243 27 30
601 242 27 30
600 242 27 30
600 242 27 30
599 242 27 30
599 241 27 30
598 241 27 30
598 241 27 30
597 240 27 30
597 240 27 30
596 240 27 30
596 240 27 30
594 238 28 31
594 238 28 31
594 238 28 31
593 237 28 31
592 237 29 32
592 237 29 32
592 237 29 32
591 237 29 32
590 237 29 31
590 236 29 31
590 236 29 31
590 236 29 31
589 236 30 32
588 236 30 32
588 236 29 31
587 235 29 31
587 235 29 31
586 235 29 31
586 235 29 31
585 235 29 31
585 234 28 30
586 235 28 30
586 235 28 30
585 235 28 30
585 235 28 30
584 235 29 31
583 233 30 32
583 234 29 31
583 234 28 30
584 234 28 30
584 234 28 30
584 234 28 30
584 234 28 30
584 234 28 30
584 234 28 30
584 234 28 30
584 234 28 30
584 234 28 30
584 234 28 30
584 234 28 30
584 234 28 30
584 234 28 30
584 233 27 29
585 233 27 29
585 233 27 29
586 233 27 29
587 233 27 29
587 233 28 30
588 233 27 29
589 233 28 30
590 233 28 30
591 233 28 30
591 233 28 30
592 233 27 29
593 233 27 29
594 233 27 29
595 233 27 29
595 232 27 29
598 232 26 28
599 233 26 28
600 232 27 29
601 232 27 29
603 232 26 28
605 233 26 28
606 233 26 29
608 232 26 29
609 231 27 30
609 232 27 31
611 232 26 30
612 232 26 30
612 232 27 31
612 231 27 30
612 232 28 31
614 231 27 30
614 231 27 30
614 232 27 30
615 232 26 29
615 231 27 30
615 231 28 31
615 231 28 30
615 232 28 30
616 232 27 29
616 232 28 30
616 232 28 29
617 232 28 29
617 232 28 29
617 232 28 29
617 232 28 29
618 232 27 28
617 232 28 29
618 232 28 29
618 232 28 29
618 232 29 30
618 232 29 30
618 232 29 30
618 232 29 30
618 233 29 30
618 233 29 30
618 233 29 30
618 233 29 30
618 233 29 30
619 233 28 29
619 233 29 30
619 233 29 30
619 233 29 30
619 233 28 29
620 233 29 30
620 233 29 30
620 233 29 30
620 233 29 30
619 233 30 31
620 233 29 30
619 233 30 31
619 234 29 30
619 234 29 30
619 234 29 30
619 235 29 30
619 235 29 30
620 236 29 30
620 236 29 30
620 236 29 30
620 237 29 30
620 237 29 30
620 238 29 30
620 238 29 30
620 238 29 30
620 239 29 30
620 239 29 30
620 240 30 31
620 240 29 30
619 240 30 31
620 240 29 30
620 240 29 30
620 241 29 30
619 241 30 31
621 241 29 30
620 241 30 31
620 241 30 31
620 241 30 31
620 242 29 30
619 242 30 31
620 242 30 31
620 242 30 31
620 242 30 31
620 243 30 31
620 243 30 31
620 244 30 31
620 244 29 30
620 245 29 30
620 245 29 30
620 245 29 31
620 245 30 32
621 246 29 31
620 246 30 32
621 247 29 31
620 247 30 32
621 248 29 31
620 248 30 32
620 249 29 31
620 249 30 32
621 251 29 31
621 251 29 31
620 251 30 32
621 252 29 31
620 252 30 32
621 253 29 31
620 253 30 32
621 255 29 31
621 255 29 32
621 255 29 32
621 255 29 32
621 256 29 32
621 256 29 32
620 256 29 32
620 256 29 32
620 256 29 32
620 257 29 32
620 257 29 32
620 257 29 32
619 257 29 32
619 257 29 32
619 257 29 32
619 257 29 32
619 257 29 32
618 257 30 33
619 258 29 32
619 258 29 32
618 258 29 32
618 258 29 32
618 258 29 32
617 258 29 32
617 258 28 31
617 258 28 31
616 258 28 31
616 258 28 31
616 258 29 32
615 257 30 33
615 257 29 32
614 257 30 33
614 256 29 32
612 256 30 33
612 256 29 32
611 256 30 33
612 256 29 31
610 257 29 31
609 256 29 31
608 256 30 32
607 256 30 32
606 255 30 32
605 255 30 33
605 254 30 33
603 253 31 34
601 253 31 34
600 253 31 34
598 253 31 34
598 254 30 33
598 253 29 32
597 253 30 33
598 253 29 32
597 253 29 32
600 253 28 31
604 254 28 31
607 253 28 31
610 252 29 32
615 252 30 33
620 251 30 33
626 251 30 33
632 250 30 33
639 250 30 33
645 249 31 34
652 249 32 35
662 248 32 35
670 248 33 36
685 246 33 36
693 246 33 36
706 246 33 36
714 246 33 36
728 243 33 36
736 244 33 36
748 243 32 35
756 243 33 36
763 243 33 36
769 242 32 35
775 241 31 34
779 241 30 33
783 241 29 31
784 241 28 30
788 242 27 29
789 242 27 29
789 241 28 30
789 241 28 29
789 240 28 29
789 239 28 28
789 239 28 28
788 238 29 29
787 237 29 29
785 237 30 30
783 236 31 31
781 234 31 31
780 234 31 31
778 233 31 31
776 233 31 31
773 232 31 31
771 232 30 30
770 232 30 30
767 231 31 31
765 230 31 31
762 229 32 32
760 229 33 33
755 227 34 34
753 228 33 33
750 227 33 33
747 226 32 32
745 226 31 31
741 226 31 31
739 224 31 31
736 225 31 31
734 224 31 31
731 223 32 32
728 222 32 32
724 221 32 32
722 221 31 31
719 220 31 31
716 219 30 30
713 219 30 30
709 218 30 30
707 218 31 31
702 217 31 31
699 217 32 32
695 217 32 32
692 216 33 33
688 215 34 34
685 216 34 34
682 215 35 35
678 213 36 36
675 212 36 36
672 213 35 35
668 212 35 35
665 212 34 34
663 213 33 33
659 211 33 33
657 212 32 32
654 212 32 32
651 211 33 33
647 210 34 34
644 210 34 34
641 210 34 34
639 210 34 34
635 208 35 35
631 207 35 35
628 207 34 34
627 209 33 33
623 207 33 33
621 207 33 33
620 206 33 33
620 206 33 33
618 206 34 34
616 207 34 34
614 207 34 34
610 205 34 34
611 206 34 34
610 205 34 34
609 207 33 33
606 207 32 32
606 207 31 31
604 206 31 31
604 207 30 30
604 207 30 30
604 208 29 29
601 206 30 30
601 208 29 29
600 207 29 29
598 208 28 28
597 209 28 28
597 209 28 28
596 209 29 29
596 207 30 30
596 207 31 31
592 206 32 32
592 207 31 31
589 206 31 31
588 206 31 31
587 206 31 31
586 205 32 32
586 207 32 32
586 206 32 32
586 206 33 33
588 207 34 34
588 207 35 35
589 209 36 36
588 208 37 37
586 208 38 38
586 204 39 39
585 205 40 40
585 199 39 39
584 203 39 39
582 202 40 40
581 205 40 40
579 205 41 41
585 196 41 41
590 200 41 41
592 199 41 41
594 200 41 41
596 199 42 42
598 198 42 42
600 198 42 42
601 199 42 42
604 197 42 42
605 198 43 43
607 197 43 43
610 198 43 43
612 199 44 44
614 198 45 45
615 197 45 45
622 196 45 45
623 198 45 45
625 198 45 45
629 198 45 45
630 200 44 44
633 201 45 45
635 201 45 45
639 201 45 45
642 202 45 45
645 202 45 45
650 197 45 45
652 200 45 45
655 196 44 44
661 198 45 45
663 198 44 44
665 199 43 43
666 197 42 42
668 196 42 42
670 197 41 41
671 199 40 40
672 200 39 39
673 201 38 38
675 201 38 38
676 202 38 38
678 202 38 38
678 201 38 38
677 203 38 38
676 203 39 39
674 202 40 40
674 204 40 40
671 203 41 41
674 199 40 40
678 202 41 41
679 202 40 40
680 204 39 39
684 204 38 38
685 204 37 37
685 203 36 36
686 205 35 35
687 204 35 35
688 205 34 34
688 205 34 34
688 205 34 34
689 205 34 34
689 204 34 34
690 204 34 34
691 204 34 34
692 205 33 33
693 204 32 32
694 204 31 31
694 205 30 30
695 206 30 30
695 206 30 30
695 205 31 31
694 205 31 31
695 204 31 31
693 205 31 31
694 204 31 31
694 205 31 31
695 204 32 32
695 206 31 31
695 205 31 31
694 205 31 31
695 206 31 31
694 206 31 31
695 205 31 31
695 207 30 30
697 208 29 29
695 207 30 30
696 207 30 30
696 207 30 30
697 208 30 30
697 207 31 31
697 208 31 31
695 208 32 32
697 207 31 31
697 207 31 31
698 206 31 31
698 205 32 32
698 203 32 32
700 203 32 32
700 202 32 32
702 202 32 32
703 200 32 32
705 200 33 33
697 203 32 32
700 200 33 33
703 198 34 34
695 204 34 34
697 202 34 34
694 201 34 34
692 203 34 34
697 199 35 35
695 198 36 36
693 201 36 36
692 201 37 37
690 200 37 37
693 200 36 36
699 198 36 36
701 198 35 35
698 200 36 36
695 202 35 35
696 200 34 34
697 201 33 33
696 201 32 32
697 202 32 32
695 199 33 33
695 198 33 33
696 196 32 32
698 197 31 31
697 196 31 31
698 196 30 30
699 195 30 30
697 195 30 30
698 195 30 30
697 194 30 30
698 194 30 30
696 193 30 30
697 193 30 30
695 192 29 29
697 192 29 29
696 192 29 29
698 191 29 29
700 191 30 30
704 192 30 30
707 190 31 31
711 189 32 32
716 189 33 33
720 189 33 33
729 186 33 33
733 186 33 33
736 185 33 33
745 184 32 32
749 184 33 33
759 187 33 33
759 187 33 33
759 187 33 33
759 187 33 33
759 187 33 33
759 187 33 33
759 187 33 33
759 187 33 33
759 187 33 33
759 187 33 33
759 187 33 33
759 187 33 33
759 187 33 33
759 187 33 33
759 187 33 33
759 187 33 33
759 187 33 33
759 187 33 33
759 187 33 33
759 187 33 33
759 187 33 33
759 187 33 33
759 187 33 33
759 187 33 33
759 187 33 33
759 187 33 33
759 187 33 33
759 187 33 33
759 187 33 33
759 187 33 33
759 187 33 33
759 187 33 33
759 187 33 33
759 187 33 33
759 187 33 33
759 187 33 33
759 187 33 33
759 187 33 33
759 187 33 33
759 187 33 33
759 187 33 33
759 187 33 33
759 187 33 33
759 187 33 33
759 187 33 33
759 187 33 33
759 187 33 33
759 187 33 33
759 187 33 33
759 187 33 33
759 187 33 33
759 187 33 33
759 187 33 33
759 187 33 33
759 187 33 33
759 187 33 33
759 187 33 33
759 187 33 33
759 187 33 33
759 187 33 33
759 187 33 33
759 187 33 33
759 187 33 33
759 187 33 33
759 187 33 33
759 187 33 33
759 187 33 33
759 187 33 33
759 187 33 33
759 187 33 33
759 187 33 33
759 187 33 33
759 187 33 33
759 187 33 33
759 187 33 33
759 187 33 33
759 187 33 33
759 187 33 33
759 187 33 33
759 187 33 33
759 187 33 33
759 187 33 33
759 187 33 33
759 187 33 33
759 187 33 33
759 187 33 33
759 187 33 33
759 187 33 33
759 187 33 33
759 187 33 33
759 187 33 33
759 187 33 33
759 187 33 33
759 187 33 33
759 187 33 33
759 187 33 33
759 187 33 33
759 187 33 33
759 187 33 33
759 187 33 33
759 187 33 33
759 187 33 33
759 187 33 33
759 187 33 33
759 187 33 33
759 187 33 33
759 187 33 33
759 187 33 33
759 187 33 33
759 187 33 33
759 187 33 33
759 187 33 33
759 187 33 33
759 187 33 33
759 187 33 33
759 187 33 33
759 187 33 33
759 187 33 33
759 187 33 33
759 187 33 33
759 187 33 33
759 187 33 33
759 187 33 33
759 187 33 33
759 187 33 33
759 187 33 33
759 187 33 33
759 187 33 33
759 187 33 33
759 187 33 33
759 187 33 33
759 187 33 33
759 187 33 33
759 187 33 33
759 187 33 33
759 187 33 33
759 187 33 33
759 187 33 33
759 187 33 33
759 187 33 33
759 187 33 33
759 187 33 33
759 187 33 33
759 187 33 33
759 187 33 33
759 187 33 33
759 187 33 33
759 187 33 33
759 187 33 33
759 187 33 33
759 187 33 33
759 187 33 33
759 187 33 33
759 187 33 33
759 187 33 33
759 187 33 33
759 187 33 33
759 187 33 33
759 187 33 33
759 187 33 33
759 187 33 33
759 187 33 33
759 187 33 33
759 187 33 33
759 187 33 33
759 187 33 33
759 187 33 33
759 187 33 33
759 187 33 33
759 187 33 33
759 187 33 33
759 187 33 33
759 187 33 33
759 187 33 33
759 187 33 33
759 187 33 33
759 187 33 33
759 187 33 33
759 187 33 33
759 187 33 33
759 187 33 33
759 187 33 33
759 187 33 33
759 187 33 33
754 160 32 32
757 154 33 33
757 158 33 33
752 154 33 33
750 157 33 33
744 155 33 33
741 155 33 33
