927 228 25 33
926 228 26 34
926 229 26 34
926 231 25 33
926 230 25 34
925 231 25 34
925 232 26 35
926 232 25 34
925 232 26 35
925 233 25 34
924 234 26 35
924 235 26 35
923 235 27 36
923 237 26 35
923 236 27 36
922 237 27 36
922 238 27 36
922 239 27 37
922 239 27 37
921 240 27 36
921 241 27 36
921 242 27 37
921 242 27 37
920 243 27 37
920 244 27 37
920 245 28 38
920 246 28 38
919 246 28 38
919 247 28 38
919 248 28 37
919 249 28 38
919 250 28 38
919 251 28 38
918 251 28 38
918 252 28 38
918 252 29 39
917 253 29 38
916 254 29 39
916 255 29 39
916 256 29 39
915 256 30 40
915 258 30 40
915 259 30 39
915 259 30 39
914 259 31 40
914 261 30 39
914 261 31 40
913 263 30 39
913 262 31 40
913 264 31 40
912 265 31 40
912 267 31 40
912 268 30 39
912 268 31 40
911 269 31 40
911 270 32 41
911 271 31 39
910 271 32 40
910 272 33 41
910 274 32 40
910 275 32 40
910 277 32 40
910 277 32 40
909 277 33 41
908 278 33 41
908 279 33 41
908 281 33 41
908 282 32 40
908 283 33 41
907 284 33 41
906 284 34 42
906 286 34 42
906 286 34 42
906 287 34 42
905 289 35 43
905 290 34 42
905 291 35 43
904 291 35 43
904 293 35 43
904 294 35 42
904 296 36 43
904 296 35 42
902 297 37 44
902 300 36 43
902 300 36 44
902 302 36 44
902 302 36 44
902 304 36 44
902 305 36 45
901 305 36 45
900 306 37 46
900 308 38 47
900 308 38 47
900 309 37 46
899 311 38 47
899 313 37 46
898 314 38 47
899 314 38 47
899 315 38 47
898 317 38 47
898 318 38 47
898 319 38 47
897 320 39 48
897 322 39 48
897 323 39 48
896 324 39 48
895 325 40 50
896 327 39 49
895 327 40 50
895 329 40 50
895 330 40 50
895 332 40 51
895 331 40 51
894 333 40 52
894 334 40 52
894 335 41 53
894 337 39 51
894 339 39 51
894 340 39 51
894 341 39 51
894 342 39 51
893 344 39 51
893 346 39 51
893 347 39 51
893 349 39 51
893 351 39 51
892 352 39 51
892 354 39 51
892 356 39 51
892 357 39 51
892 358 39 51
891 360 39 51
891 362 39 51
891 364 39 51
891 366 39 51
890 367 39 51
890 369 39 51
890 371 39 51
890 372 39 51
890 374 39 51
889 376 39 51
889 378 39 51
888 379 39 51
888 382 39 51
888 382 39 51
888 385 39 51
887 387 39 51
887 388 39 51
887 390 39 51
886 392 39 51
886 394 39 51
886 395 39 51
886 398 39 51
885 400 39 51
885 401 39 51
885 403 39 51
885 405 39 51
884 407 39 51
884 409 39 51
884 410 39 51
884 413 39 51
884 414 39 51
883 415 39 51
883 418 39 51
883 418 39 51
882 421 39 51
883 423 39 51
882 423 39 51
882 426 39 51
882 429 39 51
882 430 39 51
881 432 39 51
881 434 39 51
881 435 39 51
881 438 39 51
880 439 39 51
880 442 39 51
880 442 39 51
880 446 39 51
879 447 39 51
879 449 39 51
879 451 39 51
879 452 39 51
879 455 39 51
879 457 39 51
878 459 39 51
879 461 39 51
878 463 39 51
879 465 39 51
879 467 39 51
879 469 39 51
877 470 39 51
872 472 41 54
864 475 41 54
856 477 40 53
849 478 41 55
846 478 41 55
845 480 41 55
845 483 41 55
845 485 41 55
846 487 41 55
847 489 41 55
847 491 41 55
847 494 41 55
848 496 41 55
850 498 41 55
849 500 42 56
850 501 42 57
851 504 42 57
850 505 42 57
852 509 42 57
852 509 42 57
852 511 44 60
852 514 44 60
853 516 44 60
854 519 44 60
853 519 46 63
855 521 46 63
856 524 46 63
856 525 48 66
856 527 48 66
857 530 48 66
859 533 48 66
859 534 50 69
860 535 50 69
863 538 50 69
864 540 50 69
866 542 50 69
866 544 50 69
868 547 50 69
868 547 52 72
870 548 54 75
869 548 57 79
870 549 57 79
872 550 59 82
872 549 61 85
872 551 63 88
872 551 66 92
872 550 69 96
870 549 72 100
869 549 75 104
867 548 79 109
865 548 79 109
868 549 79 109
870 548 79 109
877 553 79 109
875 553 79 109
878 554 83 114
877 554 87 119
872 552 91 125
884 557 91 126
878 557 92 126
875 557 96 131
875 557 100 136
874 556 103 141
874 559 105 143
874 560 108 147
878 566 106 145
877 564 105 144
880 571 105 144
878 569 107 146
911 580 106 145
901 576 107 146
894 571 110 150
894 577 113 154
894 576 114 156
923 585 113 155
912 579 114 156
909 577 116 159
910 581 119 163
913 579 120 165
915 582 123 169
917 584 123 169
921 588 124 171
923 586 125 173
927 591 125 172
931 595 125 172
932 596 127 175
936 595 130 179
934 593 132 181
952 596 134 184
941 590 135 185
942 592 137 188
944 596 136 187
944 595 134 185
940 596 137 190
949 603 136 189
946 591 141 196
951 609 139 193
948 602 144 199
954 601 142 196
955 604 143 197
958 604 143 197
961 604 143 197
962 604 145 200
965 605 147 202
964 603 150 207
963 599 151 209
967 597 153 211
963 587 155 214
960 580 160 221
946 568 165 228
934 561 171 237
921 553 178 246
909 548 182 252
901 547 181 251
893 540 183 254
884 538 181 251
875 541 180 249
877 570 176 244
867 558 177 244
857 546 178 245
851 538 178 244
844 541 175 240
847 546 173 237
838 545 174 238
841 551 170 233
834 544 172 235
833 561 167 229
828 555 168 230
831 551 166 227
826 564 165 225
817 561 165 224
810 561 163 221
801 563 162 219
790 568 161 217
779 566 160 215
763 564 159 213
748 565 157 210
736 567 156 209
724 567 155 208
715 568 154 207
704 569 155 208
697 564 155 208
692 570 155 208
686 573 154 207
689 580 147 198
681 586 142 192
685 592 142 192
687 585 142 192
692 589 142 192
689 584 142 192
693 583 142 192
696 578 142 192
706 581 142 192
712 579 137 185
709 578 135 182
717 583 130 175
708 583 129 173
707 582 129 173
707 579 129 173
708 575 129 173
713 573 129 173
715 573 129 173
716 571 129 173
721 569 129 173
725 574 129 173
731 572 123 165
728 577 121 162
728 590 117 157
725 591 117 157
724 590 117 157
726 589 117 157
726 589 117 157
727 588 117 157
727 586 117 157
724 583 117 157
723 591 117 157
724 588 117 157
722 586 117 157
718 583 117 157
716 583 117 157
713 582 117 157
710 582 117 157
705 580 112 150
705 586 112 150
702 586 112 150
699 581 114 152
705 582 114 152
697 577 115 153
684 571 117 155
706 551 117 156
701 538 118 156
700 527 114 151
713 500 115 153
715 493 116 153
716 490 113 149
715 490 112 148
710 486 111 147
724 482 111 147
733 493 111 147
749 498 111 147
766 501 111 147
773 500 111 147
777 499 111 147
781 496 111 147
778 493 111 147
780 493 111 147
780 492 111 147
782 490 111 147
783 491 111 147
786 486 111 147
789 489 111 147
788 489 111 147
791 489 111 147
793 489 111 147
795 488 111 147
799 489 111 147
792 487 111 147
798 492 111 147
794 486 111 147
795 491 111 147
791 488 111 147
788 492 111 147
786 486 111 147
780 490 111 147
775 490 111 147
773 495 111 147
774 497 111 147
769 494 109 144
757 502 110 146
745 508 111 148
738 512 110 147
724 508 110 147
713 512 111 148
700 507 112 149
674 496 112 149
670 511 112 149
662 510 109 145
652 513 107 142
648 515 103 137
648 519 103 137
652 517 103 137
656 516 103 137
658 518 103 137
659 518 103 137
661 520 103 137
661 522 103 137
655 499 104 138
659 500 104 138
659 495 104 138
659 495 99 131
661 500 97 128
661 502 94 124
664 504 92 122
665 506 90 119
669 502 89 118
679 506 89 119
673 507 90 119
671 502 89 118
680 504 87 116
680 504 87 116
680 504 87 116
680 504 87 116
680 504 87 116
680 504 87 116
680 504 87 116
726 522 88 117
716 524 89 118
711 528 89 118
704 524 89 118
702 523 89 118
697 521 89 118
697 526 85 113
696 529 85 113
692 528 85 113
695 527 85 113
691 527 85 113
693 527 85 113
693 526 85 113
695 528 85 113
692 527 85 113
692 527 85 113
694 527 85 113
696 526 85 113
698 527 85 113
703 527 81 108
709 535 77 103
714 536 74 99
719 536 71 95
721 537 70 94
724 541 67 90
724 543 64 86
726 543 64 86
728 543 64 86
731 541 64 86
734 541 64 86
737 542 64 86
742 542 64 86
746 541 64 86
750 541 64 86
754 540 64 86
759 540 64 86
763 537 64 86
768 539 64 86
771 536 64 86
775 539 64 86
779 535 64 86
784 536 64 86
787 533 64 86
794 534 64 86
799 533 61 82
804 536 58 78
804 534 58 78
806 532 58 78
811 533 58 78
814 532 58 78
818 530 58 78
823 530 55 74
827 529 53 72
830 529 52 71
834 530 51 70
838 530 50 69
843 531 48 67
849 532 46 65
854 531 45 64
860 531 46 65
864 529 47 66
866 527 47 66
869 528 48 67
875 527 47 65
877 524 48 66
882 524 48 66
886 523 48 66
890 521 49 67
889 517 50 69
880 515 51 70
872 516 51 70
866 518 50 69
844 521 49 68
840 519 50 68
811 513 50 68
802 511 50 69
796 510 49 68
792 512 48 66
787 511 47 65
779 508 47 65
774 506 47 66
778 508 45 63
782 508 44 61
786 509 43 59
789 506 44 60
792 506 43 59
796 504 43 59
799 504 43 59
802 502 44 60
797 498 45 62
788 498 46 63
780 496 47 64
772 498 46 62
747 496 45 61
739 499 46 62
712 493 46 62
693 495 45 61
685 494 45 61
661 489 44 60
645 491 43 59
629 491 43 58
623 488 43 59
616 486 43 59
616 483 43 59
616 483 43 59
616 483 43 59
616 483 43 59
635 470 43 59
640 479 43 60
644 478 44 60
648 476 44 60
653 475 44 60
648 472 44 59
631 467 43 58
615 464 43 57
600 464 42 56
583 467 41 56
582 465 42 56
564 468 42 56
561 466 42 56
542 470 41 55
542 470 41 55
531 468 42 56
536 466 42 57
540 464 42 57
543 464 40 55
548 462 38 53
551 463 37 52
561 467 37 52
568 468 37 52
575 470 36 50
582 471 35 48
588 472 34 47
594 471 34 46
600 472 33 45
605 472 32 43
610 473 31 42
614 474 31 41
617 471 30 40
625 462 30 40
630 463 30 41
634 461 30 41
642 464 30 41
647 465 30 41
652 464 30 41
655 465 30 41
664 470 30 41
669 472 31 42
674 474 31 42
678 477 32 43
682 479 32 43
685 480 32 43
696 479 32 43
700 479 32 43
703 479 32 43
706 480 32 44
716 481 32 44
720 482 32 45
723 483 31 44
726 482 31 44
732 481 31 44
736 481 31 44
736 479 31 45
747 479 31 45
753 480 31 45
755 476 31 45
755 470 32 46
768 474 32 46
768 477 32 46
775 475 32 46
778 475 32 46
780 475 32 46
791 472 32 46
797 474 32 46
803 473 31 45
809 475 30 44
814 477 29 43
818 477 28 42
823 479 27 41
828 480 26 40
833 481 25 39
838 482 24 37
841 483 24 37
846 484 23 35
850 483 22 34
853 484 21 33
855 483 21 33
857 483 21 32
867 480 21 32
870 481 21 33
872 481 21 32
874 482 21 31
885 478 21 31
888 481 21 31
891 482 21 30
893 484 20 29
903 479 20 29
906 481 20 29
909 482 20 29
917 477 19 28
920 479 20 29
923 481 19 28
926 483 19 27
935 478 18 26
937 479 19 27
940 481 19 27
947 476 19 27
949 477 19 27
952 479 18 26
954 480 17 25
962 474 17 25
