760 231 30 110
759 230 31 112
757 229 31 113
757 228 31 114
755 230 31 113
754 228 32 117
753 227 33 119
752 230 32 117
753 228 32 118
750 227 32 119
752 228 32 117
749 225 32 117
746 225 32 116
745 225 32 115
742 222 31 112
739 222 30 110
737 223 30 110
734 221 30 109
733 217 30 110
734 221 30 109
731 221 30 110
729 220 31 114
726 217 32 117
727 217 31 115
724 212 32 116
721 203 32 118
726 213 31 117
721 208 32 117
724 213 31 115
718 208 32 115
719 200 31 111
720 217 31 112
719 210 31 112
718 212 31 114
719 213 32 117
712 216 31 115
718 215 32 116
721 209 33 118
721 208 34 121
724 207 34 122
724 207 34 123
713 215 34 123
714 209 34 123
715 204 33 121
715 200 32 119
715 205 33 123
716 199 33 124
716 198 33 125
717 209 32 123
720 201 33 124
718 192 34 126
720 189 36 132
722 208 36 132
724 197 36 132
727 189 37 134
728 188 38 137
731 184 38 138
733 182 40 144
734 183 41 149
736 178 41 150
737 180 41 150
741 181 40 147
744 180 40 148
746 182 40 146
750 184 39 144
753 191 39 142
757 195 39 141
758 195 38 138
765 196 38 139
763 194 38 139
760 193 37 136
774 192 37 136
775 199 37 137
776 203 36 134
786 203 36 135
787 206 36 136
787 209 35 132
787 212 34 128
787 213 33 126
790 216 32 124
794 218 31 122
798 219 30 119
801 218 30 119
803 219 29 117
807 219 29 116
809 220 30 119
811 219 31 124
811 220 32 128
813 215 32 129
814 220 32 129
815 213 33 134
815 217 32 132
818 219 31 129
820 221 31 127
821 220 31 127
823 218 31 127
824 219 31 127
825 215 32 132
826 211 33 137
826 213 33 139
827 209 34 142
827 212 33 138
827 213 32 136
828 208 33 140
827 211 33 138
827 210 33 138
827 209 33 139
827 207 33 139
828 207 33 138
828 208 32 136
829 212 31 133
831 212 30 131
832 213 29 128
826 211 29 130
827 221 30 108
825 221 30 109
826 220 30 109
816 228 30 110
818 225 30 110
809 225 29 109
810 230 30 110
809 234 30 109
805 237 30 108
801 236 30 109
799 233 31 112
795 234 32 114
792 230 33 119
789 225 35 125
788 221 37 131
785 217 38 134
785 214 39 136
781 213 39 137
784 208 39 137
780 208 40 140
778 205 40 139
777 200 40 140
777 197 40 139
774 192 41 142
771 189 42 144
763 213 41 141
764 208 41 142
764 203 42 147
763 201 43 152
761 203 44 157
753 210 45 162
752 220 46 165
752 214 47 169
743 190 47 171
741 193 48 171
740 197 48 171
736 194 48 170
733 187 48 171
729 183 49 173
727 182 50 176
726 180 50 176
726 178 50 177
723 175 50 177
721 169 51 180
721 214 41 148
722 208 42 148
720 210 42 148
718 208 42 147
716 206 41 145
714 208 40 143
712 205 40 143
713 201 41 145
709 200 41 146
709 198 41 147
707 198 41 148
708 194 41 150
705 195 41 152
706 192 42 155
709 188 43 158
711 182 45 164
703 198 45 165
705 188 45 166
705 184 46 168
704 181 47 171
702 179 48 174
702 177 49 177
701 176 49 178
701 177 49 178
701 179 49 178
700 181 49 179
698 183 49 178
698 187 49 176
697 185 49 176
696 185 48 174
695 186 48 173
693 188 48 173
693 188 48 173
692 186 48 172
693 190 48 170
690 188 48 169
691 188 48 168
689 188 48 167
690 188 49 169
687 192 49 169
689 189 49 169
687 188 50 172
689 184 50 171
688 184 50 173
688 185 50 173
689 185 51 177
690 226 34 123
693 223 34 124
694 212 34 126
693 205 35 129
695 199 36 131
697 196 37 134
696 191 37 135
695 193 37 134
695 192 37 134
694 196 37 134
697 194 37 135
699 195 37 136
702 190 37 136
699 192 37 135
700 197 37 134
699 194 37 132
700 194 37 130
700 194 37 128
702 194 36 126
702 195 35 124
703 199 35 122
702 201 35 120
703 204 35 120
703 202 35 119
703 203 35 119
704 201 35 118
705 205 35 119
705 204 35 119
706 203 36 121
708 201 36 122
709 202 37 124
708 201 38 126
711 200 38 127
709 199 38 128
711 198 39 130
711 197 39 130
712 196 39 130
713 197 39 132
714 198 39 131
715 199 38 129
717 202 38 128
717 201 39 130
717 197 40 132
718 192 41 136
719 184 42 139
721 174 43 142
723 170 44 144
722 171 45 147
722 165 46 150
725 165 47 153
726 170 48 157
729 180 47 155
733 171 48 156
735 173 50 161
736 161 52 168
737 164 54 174
740 154 55 177
742 157 57 183
748 158 56 180
750 158 55 177
751 162 54 175
753 165 54 174
756 165 54 172
759 164 53 168
761 175 52 166
760 180 51 164
763 188 50 161
767 190 49 159
770 192 48 156
773 198 48 156
778 194 47 153
780 194 46 150
785 190 45 148
789 189 44 144
792 195 42 139
796 196 40 133
800 197 38 128
802 209 37 124
804 206 36 122
808 216 36 120
810 217 35 116
810 223 34 113
810 228 33 109
808 232 32 106
808 233 32 106
807 235 32 106
808 235 32 104
810 230 31 102
808 240 32 103
807 241 31 101
806 245 31 101
806 244 31 102
805 250 31 101
803 250 30 99
803 251 30 99
802 253 29 97
799 253 28 94
798 258 28 94
796 256 28 93
792 252 28 94
789 249 29 97
786 246 30 100
784 243 31 103
782 241 32 106
780 236 33 109
778 236 34 111
777 234 34 111
775 236 33 109
772 238 33 107
769 238 33 107
766 238 33 108
764 237 33 109
764 238 32 106
762 240 31 103
760 242 31 101
758 247 30 99
756 246 30 100
755 247 31 103
751 235 30 102
752 246 31 103
754 251 32 107
747 231 32 108
745 239 32 108
742 242 33 110
739 243 33 112
738 238 34 114
738 231 34 115
738 225 34 117
740 220 34 118
738 227 34 119
738 224 34 120
735 222 35 123
734 217 36 126
732 214 36 127
730 210 36 128
728 206 37 132
725 205 38 135
725 201 39 138
722 198 40 140
722 191 41 144
719 187 42 148
717 177 43 153
717 170 45 158
714 172 46 162
714 165 46 163
714 171 46 163
711 167 46 163
711 169 46 163
709 166 46 164
708 164 46 164
708 172 46 164
708 169 45 162
705 175 46 164
706 169 45 161
703 172 45 162
703 167 46 164
702 168 46 166
701 162 47 169
700 165 47 169
703 159 47 169
702 161 47 169
704 162 47 170
706 161 47 170
707 165 47 171
709 159 47 172
711 169 47 173
713 166 47 171
717 168 47 171
721 169 46 169
726 173 46 168
731 175 45 165
737 177 44 162
742 180 44 161
745 187 44 159
746 186 43 155
747 191 43 153
747 196 42 150
748 198 41 148
750 200 40 145
750 205 39 143
751 204 38 139
752 207 37 137
753 208 36 135
755 208 37 137
755 207 38 140
756 204 39 143
756 201 40 147
756 199 41 152
756 195 42 155
756 190 43 158
757 186 43 159
758 183 43 159
759 190 43 161
761 185 43 161
763 184 43 160
765 184 42 157
766 189 41 155
743 199 40 154
739 191 41 154
737 189 40 151
734 186 41 155
733 177 43 161
730 179 43 160
