858 556 44 98
856 557 45 100
854 558 45 100
850 558 46 101
847 555 46 101
845 555 46 101
847 556 46 101
844 556 44 97
847 561 42 92
846 561 41 91
844 561 40 89
846 563 39 87
845 566 39 86
846 564 39 86
845 563 40 88
843 562 41 90
842 559 41 89
840 560 42 91
838 555 43 92
836 557 43 93
832 553 45 96
830 553 44 95
826 552 45 96
822 549 46 99
821 551 47 100
817 549 47 100
814 546 46 98
812 544 45 97
810 546 44 96
808 547 43 94
806 545 42 93
804 531 42 93
802 542 42 94
801 547 41 92
800 530 41 93
797 541 42 94
795 541 41 92
794 535 41 91
793 531 40 90
792 532 40 90
789 526 41 92
786 530 41 92
785 527 42 94
783 528 42 94
780 527 43 96
777 528 43 96
775 531 43 95
772 530 43 95
770 528 42 93
768 531 41 91
767 530 40 90
765 533 40 90
763 530 40 90
762 532 40 89
760 531 41 90
756 533 42 92
754 534 41 91
754 536 40 89
753 536 40 89
750 536 41 90
749 533 41 90
747 533 41 89
746 532 41 88
744 532 41 88
742 534 42 89
741 532 43 91
738 531 44 93
736 530 45 96
733 532 45 95
731 533 46 96
729 531 45 94
726 531 43 91
727 535 42 88
726 535 41 87
726 534 40 86
725 536 40 85
724 535 41 87
721 537 42 89
721 539 42 90
721 538 42 91
719 533 42 91
715 535 43 93
715 533 43 92
713 533 43 91
712 533 43 90
710 533 42 88
709 534 41 87
708 533 42 89
706 529 43 91
703 530 44 93
701 530 45 95
698 529 45 95
696 530 43 92
695 531 42 91
694 527 41 90
692 528 41 90
691 527 41 90
689 530 41 90
687 528 42 92
686 530 42 93
685 529 42 93
683 532 42 93
683 531 42 94
680 531 43 95
678 529 43 96
677 525 43 97
675 526 42 96
675 523 41 94
675 524 40 93
677 525 39 91
677 524 39 92
677 523 40 94
678 524 40 95
680 522 41 98
682 523 41 97
684 520 40 96
690 522 40 96
693 520 40 95
697 521 40 94
701 520 39 92
705 518 39 92
708 518 39 92
711 518 40 93
715 516 40 93
718 518 40 93
722 518 40 93
727 517 40 93
731 518 40 93
735 513 40 93
738 513 40 93
743 510 40 93
744 511 40 93
747 510 40 92
750 510 40 92
752 510 41 93
754 508 42 96
757 507 42 97
760 508 42 97
762 507 41 96
765 509 41 95
768 506 41 95
773 508 41 94
776 506 40 93
780 507 39 91
784 506 39 90
787 508 39 89
790 508 39 88
793 508 39 88
797 510 39 87
800 511 39 87
804 508 39 86
808 507 39 87
812 505 39 87
815 503 39 87
817 500 40 88
820 501 40 88
822 500 41 89
824 500 41 89
825 499 42 91
828 500 41 90
828 499 40 87
830 500 39 86
829 497 40 88
830 501 39 86
830 500 39 86
831 499 39 86
831 501 40 88
832 499 40 88
832 502 40 88
833 502 40 89
835 502 40 89
834 505 41 90
835 501 41 89
836 497 41 90
833 496 42 92
833 494 42 91
831 493 42 91
828 495 42 91
826 495 42 91
825 495 43 93
823 495 42 91
822 497 42 91
820 498 42 91
819 497 42 90
817 498 41 89
815 498 41 88
815 498 41 87
813 497 41 86
814 501 41 86
812 499 42 87
814 502 43 88
812 500 44 91
812 499 45 92
811 498 46 94
814 499 46 94
814 494 47 95
813 492 47 94
814 493 46 91
814 490 45 88
814 497 44 86
816 495 43 84
814 494 43 85
816 496 43 84
816 497 43 85
817 494 43 85
818 495 42 83
820 497 42 83
821 497 42 83
822 496 43 85
823 495 43 85
824 496 42 84
826 499 42 84
827 499 42 85
829 500 43 86
829 500 44 88
830 501 44 89
831 499 44 88
