421 399 26 18
422 400 25 17
422 400 26 17
422 400 26 17
423 400 26 17
423 400 27 18
423 399 26 17
423 398 27 18
423 397 27 18
423 395 27 18
423 393 27 18
423 391 27 18
423 389 27 18
423 386 27 18
423 384 26 17
424 381 27 18
423 379 27 18
423 376 26 18
423 373 27 19
423 369 27 19
422 367 26 18
422 365 26 18
422 361 26 18
422 358 27 19
421 354 26 19
422 351 25 18
421 348 25 18
421 345 25 18
421 341 25 18
420 337 24 17
420 334 25 18
420 330 25 18
419 326 25 18
419 323 25 18
419 320 25 18
419 317 24 18
418 310 23 17
419 307 24 18
419 304 23 17
419 301 23 17
419 298 23 17
419 295 23 17
419 292 23 17
419 289 23 17
418 286 23 17
418 283 22 17
418 280 22 17
418 277 21 17
417 273 20 16
418 271 20 16
417 268 21 17
416 266 21 17
415 264 21 17
414 262 22 18
414 260 22 18
414 259 22 18
413 257 22 18
413 256 21 17
412 255 21 17
412 254 22 17
412 253 22 17
412 252 22 17
412 251 22 17
410 250 22 17
410 249 22 17
409 249 22 17
409 247 23 18
408 247 23 18
408 247 23 18
408 247 22 17
408 246 23 17
408 246 23 17
407 246 23 17
407 245 24 17
407 245 23 16
406 246 24 16
405 246 25 17
404 244 26 18
404 244 26 18
404 244 25 17
404 244 26 17
404 244 26 17
404 244 25 17
403 243 25 17
403 243 24 16
403 243 25 17
402 243 24 16
402 243 24 16
402 243 25 16
401 243 25 16
401 243 25 16
401 243 24 16
402 243 24 16
401 243 25 16
399 243 25 16
399 243 26 16
399 243 26 16
399 243 26 16
398 243 25 16
398 243 25 16
398 243 26 16
398 243 27 17
397 243 26 16
398 243 27 16
397 243 27 16
397 243 28 16
400 243 23 16
399 243 24 16
399 243 24 16
399 243 24 16
398 243 25 17
398 242 25 17
398 242 25 17
398 242 25 17
398 242 25 17
398 242 25 17
398 243 25 17
398 243 26 18
398 243 26 18
398 243 25 18
398 243 25 18
398 244 25 18
398 244 24 18
398 244 23 18
398 244 23 18
398 244 23 18
398 244 23 18
398 244 22 17
398 245 22 17
398 245 23 18
398 245 23 18
397 245 23 18
397 245 23 18
397 245 24 19
397 244 23 18
397 245 24 18
396 245 24 18
396 245 25 19
396 245 25 19
395 244 25 19
395 245 25 19
395 245 25 19
395 245 24 19
395 245 25 20
395 246 24 19
394 245 24 19
394 246 24 19
394 246 24 19
394 246 25 20
393 246 26 20
393 246 26 20
393 246 26 20
392 246 26 20
392 246 27 21
391 246 27 21
391 246 27 21
390 246 27 21
390 246 28 22
390 246 29 23
389 245 29 23
389 246 28 22
389 247 28 22
389 247 28 22
389 247 28 22
388 246 29 22
388 246 30 23
387 246 30 23
388 247 29 22
386 247 30 23
388 247 30 23
387 246 31 24
386 247 31 24
386 248 30 23
385 248 31 23
384 248 31 23
385 249 31 23
383 249 32 24
384 249 32 24
383 249 32 24
384 250 31 24
381 250 32 25
382 250 32 25
381 250 31 24
380 251 31 24
380 251 30 23
379 253 30 23
379 253 30 23
378 252 30 23
379 253 29 22
377 253 29 22
377 254 29 22
376 255 28 21
377 255 28 21
376 255 28 21
376 255 27 20
374 256 27 20
375 256 26 19
374 256 27 20
372 256 27 20
372 256 27 20
372 257 26 19
371 257 26 19
371 257 26 19
370 258 26 19
370 259 26 19
369 259 25 18
369 259 25 18
367 259 26 18
367 260 25 18
367 260 25 18
366 261 25 18
365 260 26 19
366 260 26 19
365 260 26 19
365 260 25 18
365 261 26 19
364 261 25 18
364 262 25 18
363 262 25 18
362 261 26 19
363 261 25 19
362 261 25 19
362 261 25 19
361 262 25 19
360 262 25 19
360 262 25 19
360 262 25 19
359 262 25 19
359 262 26 20
359 262 26 20
359 263 26 20
358 262 27 21
357 262 26 20
358 262 25 19
358 262 26 20
358 263 26 20
358 262 26 20
358 262 26 20
358 262 26 20
358 262 26 20
358 262 26 20
357 263 26 20
358 263 25 19
357 262 25 19
357 262 26 20
357 262 26 20
357 263 25 19
358 263 25 19
357 263 25 19
356 263 26 20
358 263 25 20
357 263 25 20
357 263 25 20
357 263 25 20
357 263 25 20
357 263 25 20
357 263 25 20
357 263 26 20
358 263 26 20
357 263 26 20
358 263 26 20
357 263 27 21
356 262 27 21
357 262 26 20
357 263 26 20
358 263 27 21
357 262 27 21
357 262 26 21
358 262 25 20
358 262 25 20
358 263 24 19
358 262 25 19
358 262 25 19
358 263 26 19
358 262 27 20
358 263 26 19
358 263 26 19
357 262 27 20
358 263 27 20
357 263 27 20
359 263 26 19
358 262 27 20
358 263 26 19
359 262 26 19
359 262 26 19
359 262 25 19
358 262 25 19
359 263 24 18
359 263 25 19
359 263 25 19
358 262 26 20
358 262 26 20
359 263 25 19
358 263 25 19
358 263 26 20
359 263 26 20
358 263 26 20
358 263 26 20
359 263 25 19
358 263 25 19
358 263 25 19
358 262 26 20
358 263 26 20
359 263 26 20
359 263 26 20
359 262 26 20
359 263 25 19
358 262 25 19
358 263 25 19
358 262 26 20
358 262 26 20
358 262 26 20
358 262 26 20
358 262 26 20
358 262 26 20
359 262 26 20
359 262 26 20
358 262 26 20
359 262 26 20
359 262 26 20
358 263 26 20
359 262 26 20
358 262 26 20
358 262 26 20
358 262 26 20
359 263 25 19
358 263 25 19
359 263 25 19
359 263 25 19
359 263 25 19
359 263 25 19
358 263 25 19
358 263 25 19
358 263 25 19
359 263 24 18
359 264 24 18
359 264 24 18
359 264 24 18
359 264 25 19
358 263 25 19
358 263 24 18
359 264 24 18
359 265 24 18
359 264 25 19
358 263 25 19
358 264 25 19
358 264 25 19
358 264 25 19
358 264 25 19
358 264 26 19
358 264 27 20
358 264 26 19
358 264 26 19
358 264 26 19
358 264 26 19
358 264 26 19
358 264 26 19
358 264 26 19
358 264 26 19
358 263 26 19
358 263 27 20
358 264 26 20
358 264 26 20
358 264 26 20
358 264 27 21
357 263 27 21
357 263 27 21
358 263 26 21
358 262 26 21
358 262 26 21
358 262 26 21
358 262 26 21
358 262 26 21
358 263 25 20
358 264 25 20
358 264 25 20
358 264 25 20
358 264 25 20
359 264 25 20
358 264 26 21
359 263 25 20
358 263 25 20
358 264 24 19
359 264 25 20
358 264 25 20
358 264 26 20
358 264 27 21
357 264 27 21
358 264 26 20
359 264 26 20
359 264 25 20
359 264 25 20
359 264 25 20
358 264 25 20
358 264 25 20
358 264 25 20
358 264 25 20
358 264 25 20
358 264 25 20
358 264 26 20
358 264 27 21
357 264 26 20
358 264 27 21
357 264 26 20
358 264 27 21
356 263 27 21
357 263 27 21
358 263 26 20
358 265 25 19
358 265 25 19
357 264 26 20
358 265 25 19
358 264 25 19
358 265 25 19
357 264 26 20
358 265 26 20
357 264 27 20
357 265 27 20
357 265 27 20
357 265 27 20
357 265 27 20
357 265 27 20
357 265 26 20
357 265 26 20
357 265 26 20
357 265 26 20
357 265 26 20
357 265 26 20
357 265 27 20
356 265 27 20
356 265 26 19
357 265 26 19
357 265 26 19
357 265 26 19
357 265 26 19
357 265 26 19
357 265 26 19
357 265 26 19
357 265 26 19
356 265 26 19
357 265 25 19
356 265 26 20
356 265 26 20
356 265 26 20
356 265 26 20
356 265 26 20
356 265 26 20
356 265 26 20
356 265 26 20
356 265 26 20
356 264 26 20
356 264 26 20
356 264 26 20
356 264 26 20
356 264 26 20
356 264 26 20
357 264 26 20
356 265 26 20
356 265 26 20
356 265 26 20
356 265 26 20
356 265 26 20
356 265 26 20
356 266 26 20
357 266 26 20
357 266 25 19
356 265 25 19
356 266 25 19
357 266 24 18
357 267 23 17
357 267 23 17
357 267 23 17
357 267 23 17
357 267 23 17
357 267 23 17
357 267 23 17
357 267 23 17
357 267 23 17
357 266 24 18
357 267 23 17
357 267 24 17
357 267 24 17
357 267 24 17
357 267 23 17
357 267 23 17
357 267 23 17
357 267 23 17
357 267 23 17
357 267 23 17
357 267 23 17
357 267 23 17
357 267 23 17
358 267 22 17
359 267 22 17
359 267 22 17
359 267 23 17
358 267 22 16
359 268 21 16
359 268 22 17
358 267 22 17
358 267 22 17
358 267 23 17
358 267 22 17
359 267 22 17
359 267 22 17
359 266 22 17
358 267 22 17
359 267 22 17
359 267 22 17
359 267 22 17
359 267 21 17
359 267 21 17
360 267 20 16
360 268 20 16
360 268 20 16
360 268 20 16
360 268 21 16
359 267 22 17
359 267 22 17
359 267 22 17
359 266 22 17
359 267 22 17
360 267 22 17
360 267 21 16
360 268 21 16
360 269 21 16
360 269 21 16
360 268 21 16
359 268 22 16
360 268 21 15
360 268 21 15
360 268 21 15
360 268 21 15
360 268 21 15
360 268 21 15
359 267 22 16
360 268 21 15
359 267 22 15
360 268 22 15
359 267 23 16
359 268 23 16
359 268 23 16
359 268 23 16
359 268 23 16
359 267 23 16
359 268 23 16
359 268 23 16
359 268 23 16
359 268 23 16
359 268 23 16
358 268 24 16
359 268 24 16
358 268 25 17
358 267 24 16
359 268 23 15
358 268 23 15
359 268 23 15
359 268 23 15
359 269 23 15
359 269 23 15
359 269 23 15
359 269 23 15
358 269 23 15
358 268 24 16
358 268 25 17
357 268 25 17
357 268 25 17
357 268 24 17
358 267 24 17
357 268 24 17
357 267 23 17
358 268 23 17
357 267 23 17
358 268 22 16
358 269 23 16
356 268 24 17
356 267 23 17
357 267 22 16
357 268 21 16
357 268 22 17
357 266 22 17
357 268 21 16
356 268 22 17
357 267 22 17
357 268 22 17
357 267 22 17
357 268 21 16
356 268 21 16
356 268 21 16
356 268 21 16
356 268 21 16
356 268 21 16
356 268 21 16
356 268 22 16
356 268 22 16
356 268 22 16
355 268 22 16
356 268 21 15
355 268 21 15
356 267 21 15
355 268 21 15
355 268 21 15
355 267 21 15
355 268 21 15
355 267 21 15
356 268 20 15
356 267 21 16
355 268 20 15
356 267 20 15
357 268 19 15
356 267 19 15
356 268 19 15
356 267 19 15
356 268 19 15
356 268 19 15
356 267 19 15
356 268 19 15
356 268 19 15
356 268 19 15
356 268 19 15
357 268 19 15
356 268 19 15
357 269 19 15
357 268 20 15
356 268 19 15
357 269 19 15
357 269 19 15
356 269 20 15
356 269 20 15
356 269 20 15
356 269 20 15
356 269 20 15
356 269 20 15
356 269 20 15
356 269 20 15
356 269 20 15
356 269 20 15
356 269 20 15
356 269 20 15
356 269 19 15
355 269 19 15
355 269 19 15
355 270 19 15
355 270 19 15
355 270 20 16
355 270 19 16
355 271 19 13
355 271 19 13
355 271 19 13
354 271 19 13
355 271 19 13
355 271 19 13
355 270 19 13
354 270 19 13
355 270 20 13
355 270 20 13
354 270 21 13
353 270 21 13
353 271 21 13
353 270 21 13
353 270 21 13
353 270 21 13
353 271 21 13
353 270 21 13
353 270 21 13
353 271 20 13
354 271 21 13
353 271 21 13
353 271 21 13
353 271 21 13
353 270 20 13
353 271 20 13
353 271 21 14
353 272 20 13
354 272 20 13
353 272 20 13
354 271 21 13
353 272 21 13
353 272 21 13
353 272 20 12
355 273 20 12
354 272 21 12
355 273 18 12
355 273 18 12
355 273 18 12
355 273 18 12
355 274 18 12
355 274 18 12
355 274 18 12
355 274 18 12
355 274 18 12
355 274 18 12
355 274 18 12
355 274 18 12
355 274 18 12
354 274 18 12
355 274 18 12
355 274 18 12
355 274 18 12
355 274 18 12
355 274 18 12
355 274 18 12
354 274 18 12
355 274 18 12
354 274 19 13
354 273 19 13
353 273 20 13
353 273 21 14
353 273 21 14
353 273 20 13
354 273 21 13
353 272 21 13
354 272 20 13
354 273 20 13
354 273 21 13
353 273 21 13
353 273 20 13
354 273 21 13
352 273 21 13
353 273 21 13
353 273 21 13
353 273 20 13
354 274 20 13
353 274 21 14
353 274 21 14
353 274 21 14
353 274 20 14
353 274 21 15
353 274 20 14
354 274 20 14
354 275 20 14
354 275 20 14
354 275 20 14
353 275 21 14
353 275 21 14
353 275 21 14
352 275 21 14
353 275 21 14
353 275 21 14
353 275 21 14
353 275 20 13
353 275 21 14
353 275 21 14
353 275 21 14
353 275 21 14
353 276 20 14
354 276 20 14
354 276 20 14
354 276 20 14
354 275 20 14
354 275 20 14
353 275 21 14
352 275 22 14
353 276 22 14
352 276 22 14
352 276 22 14
352 276 23 14
351 275 23 14
351 276 23 14
351 276 23 14
351 276 22 14
352 276 22 14
352 276 21 14
352 276 20 14
352 276 21 14
351 276 21 14
352 276 21 14
351 276 21 14
352 276 21 14
351 276 21 14
351 276 22 14
351 276 22 14
351 276 22 14
352 276 21 14
351 276 21 14
351 276 21 14
351 275 21 14
351 276 20 14
352 276 20 14
352 275 20 14
352 276 20 14
352 276 20 14
352 275 21 15
351 274 21 15
352 275 20 14
352 276 20 14
352 276 20 14
352 276 20 14
352 276 20 14
352 276 20 14
352 276 20 14
352 276 20 14
352 276 20 14
352 277 20 14
352 277 20 14
352 277 20 14
352 277 20 14
353 277 20 14
352 277 20 14
352 277 20 14
352 277 20 14
351 277 21 14
351 277 21 14
351 277 21 14
351 277 21 14
351 277 21 14
351 277 21 14
351 277 21 14
352 277 21 14
351 276 21 14
351 276 21 14
351 277 21 14
352 277 20 14
353 277 19 13
352 277 19 13
352 277 19 13
352 277 19 13
352 277 19 13
353 277 19 13
353 276 19 13
352 276 20 13
353 276 20 13
352 276 21 14
352 276 21 14
352 276 21 14
352 276 21 14
353 276 21 14
352 276 21 14
352 276 21 14
352 277 21 14
352 277 21 14
352 277 21 14
352 277 21 14
351 277 21 14
352 277 22 14
352 277 22 14
351 277 22 14
352 277 22 14
351 277 23 14
351 277 22 14
351 277 23 14
350 277 24 15
350 276 24 15
350 276 23 15
350 277 23 15
351 277 22 14
352 277 23 14
350 277 24 15
350 277 23 15
350 277 23 15
350 277 24 15
350 277 24 15
350 277 24 15
350 277 24 15
350 277 24 15
350 277 24 15
350 277 23 14
350 278 23 14
350 277 24 14
350 278 24 14
350 278 23 13
352 277 19 13
351 278 19 13
352 278 19 13
351 277 19 13
351 278 19 13
351 277 19 13
350 277 19 13
350 278 19 13
350 278 19 13
350 278 19 13
350 277 19 13
350 278 19 13
350 277 19 13
350 278 19 13
350 277 19 13
350 277 20 14
350 277 20 14
350 277 20 14
349 277 21 15
350 276 20 14
349 277 21 15
349 275 22 16
350 276 21 15
349 275 21 15
349 276 21 15
349 275 21 15
349 276 21 15
349 275 21 15
349 274 21 15
349 276 21 15
349 275 21 15
349 274 21 15
348 275 21 15
349 275 20 14
349 276 20 14
350 276 20 14
349 276 21 14
348 276 21 14
349 276 21 14
348 275 21 14
349 275 21 14
349 275 22 14
349 275 22 14
349 275 21 13
348 275 21 13
348 275 22 14
349 275 22 14
349 275 22 14
349 275 22 14
349 275 22 14
349 275 22 14
348 275 22 14
348 275 23 15
348 274 23 15
348 274 22 15
348 274 22 15
348 274 22 15
348 274 22 15
348 274 22 15
349 274 21 14
349 275 21 14
349 275 21 14
349 275 21 14
349 275 21 14
348 275 21 14
348 275 21 14
348 274 21 14
348 275 21 14
348 274 22 15
348 273 22 15
348 274 22 15
349 274 22 15
348 273 21 15
348 273 22 15
348 273 22 15
348 273 23 15
348 273 23 15
347 273 23 15
347 273 23 15
348 273 23 15
348 273 22 15
348 273 23 15
347 273 23 15
348 273 23 15
348 273 23 15
348 273 23 15
348 273 23 15
348 273 22 15
348 273 23 16
348 273 23 16
348 272 23 16
348 272 23 16
348 272 22 15
349 272 22 15
348 272 23 15
347 272 23 15
348 272 23 15
348 272 23 15
348 272 23 15
349 272 22 15
350 272 22 15
349 271 22 15
349 271 22 15
349 271 22 15
350 271 22 15
350 270 22 15
349 270 23 15
349 270 23 15
349 270 23 15
349 270 23 15
349 270 23 15
349 270 23 15
349 270 23 15
349 270 23 15
350 270 22 15
350 270 22 15
351 270 22 15
350 270 22 15
351 270 22 15
351 270 22 15
350 270 23 15
350 270 23 15
350 270 23 15
350 270 22 14
352 271 21 14
351 271 22 15
352 271 22 15
351 270 23 15
351 270 22 15
352 270 21 15
351 269 21 15
352 270 21 15
351 270 21 15
352 270 21 15
352 270 21 15
352 270 21 15
351 270 22 15
352 270 22 15
352 271 22 15
352 271 22 15
352 271 22 15
352 271 22 15
352 271 22 15
352 271 22 15
352 270 22 15
352 270 22 15
352 269 22 15
352 269 22 15
352 269 22 15
352 269 22 15
352 269 22 15
351 269 22 15
353 269 22 15
352 268 23 16
352 268 24 17
352 267 24 17
352 266 25 18
353 266 26 19
350 267 25 18
352 266 26 19
353 265 27 20
350 266 26 19
352 266 27 20
353 265 27 20
351 267 26 19
352 266 27 20
353 264 28 21
349 267 27 20
352 265 28 21
349 266 27 20
351 265 28 21
350 265 27 20
353 264 28 21
354 263 28 21
353 264 28 21
354 263 28 21
353 264 28 21
354 263 28 21
353 264 28 21
354 263 28 21
353 264 28 21
354 264 28 21
353 264 28 21
353 264 28 21
353 264 28 21
353 264 28 21
353 264 28 21
353 263 28 21
353 263 28 21
353 263 28 21
353 263 28 21
353 263 28 21
353 263 28 21
353 263 28 21
353 263 28 21
354 262 28 21
353 262 28 21
354 262 28 21
353 262 28 21
353 262 28 21
353 262 28 21
353 262 28 21
350 262 28 21
353 262 28 21
354 262 28 21
353 262 28 21
353 262 28 21
353 262 28 21
353 262 28 21
353 262 28 21
353 261 29 22
351 262 29 22
351 262 29 22
350 261 30 23
351 260 29 22
351 260 29 22
351 260 29 22
351 260 29 22
351 260 29 22
351 260 30 22
350 260 30 22
351 260 30 22
351 260 31 23
350 260 31 23
351 260 30 22
350 259 31 23
349 259 31 23
349 259 31 23
350 259 31 23
349 259 30 23
350 259 30 23
351 259 30 23
350 259 30 23
350 259 30 23
351 259 29 23
351 259 30 24
350 259 30 24
351 258 31 25
350 258 30 24
352 258 30 24
351 258 30 24
351 258 30 24
350 258 30 24
351 258 30 24
349 259 30 24
350 259 30 24
350 259 30 24
350 259 30 24
351 259 30 24
349 259 30 24
350 259 30 24
349 259 31 25
350 258 31 25
348 258 30 25
349 259 31 21
347 259 32 22
347 259 33 23
346 259 34 24
348 259 33 23
346 258 33 23
347 258 34 23
347 258 34 23
347 258 34 23
347 258 34 23
347 258 34 23
347 257 34 23
348 258 34 23
347 258 33 22
346 259 33 22
347 258 34 23
348 258 34 23
346 258 34 23
346 258 34 23
345 258 33 23
346 258 34 24
347 258 34 24
348 258 34 24
348 258 33 23
348 258 32 22
348 259 32 22
348 258 33 22
346 259 33 22
346 258 34 23
347 258 34 23
347 258 34 23
346 258 34 23
347 258 34 23
347 258 33 22
347 259 34 22
347 259 34 22
348 259 33 22
348 259 33 22
348 259 33 22
347 259 33 22
348 258 33 22
347 259 33 22
347 259 33 22
348 259 32 22
348 259 32 22
347 259 32 22
348 259 32 22
349 259 32 22
348 259 32 22
349 258 32 22
347 259 32 22
348 258 33 23
346 258 32 22
349 258 33 23
348 258 32 22
349 259 32 22
348 259 31 21
347 258 32 22
348 258 33 22
347 259 32 21
348 258 33 22
346 259 32 21
348 259 32 21
346 259 32 21
347 259 33 22
346 258 33 22
346 259 34 23
347 259 33 22
347 258 33 22
346 259 33 22
347 258 33 22
346 259 33 22
346 259 33 22
346 259 33 22
346 259 33 22
346 259 32 21
347 259 32 21
346 259 31 21
346 259 31 21
346 259 31 21
346 259 31 21
346 258 31 21
345 259 31 21
345 258 31 21
344 258 32 22
344 259 33 23
344 259 32 22
344 259 33 22
342 259 34 22
343 259 35 23
341 259 34 22
343 260 34 22
342 260 34 22
341 260 36 23
341 260 36 23
341 259 36 23
339 258 37 24
339 259 37 24
338 259 38 25
339 258 39 25
340 257 38 24
337 258 38 25
337 257 39 25
336 256 39 25
335 255 40 26
333 255 42 27
334 255 42 27
333 254 42 27
333 255 43 27
332 255 43 27
333 255 44 27
333 254 44 27
332 255 43 26
332 255 43 26
333 255 44 26
332 256 43 26
333 257 44 26
332 257 43 25
332 257 44 25
335 256 37 25
336 257 37 25
337 257 37 25
336 258 39 26
335 257 40 26
335 257 40 26
335 256 40 26
333 255 41 27
332 254 41 27
332 254 42 28
332 254 43 28
331 255 44 29
333 255 43 28
331 256 42 28
332 256 43 29
333 256 42 28
333 256 42 28
334 257 41 27
333 256 42 27
333 256 42 27
332 256 43 27
331 256 43 27
331 256 43 27
331 256 43 27
331 255 43 27
331 254 44 27
330 255 45 27
328 255 46 27
328 254 48 28
326 255 48 28
327 255 49 28
332 256 40 28
332 256 41 29
332 256 42 30
331 256 43 30
331 256 43 30
330 256 43 30
331 256 44 31
330 256 42 30
330 255 44 31
330 254 44 31
330 254 43 30
329 255 42 29
330 255 44 30
329 255 43 29
329 255 45 30
328 256 44 30
329 256 46 31
330 256 44 30
331 256 45 30
329 257 44 29
329 256 45 30
328 256 46 30
328 256 47 31
327 256 45 30
328 256 46 31
329 255 46 31
330 256 45 30
328 256 45 30
327 255 47 31
327 254 47 31
327 254 48 31
326 254 48 31
326 254 49 31
326 255 48 31
327 255 49 31
326 256 47 30
327 255 48 31
327 255 48 31
326 255 48 31
326 255 48 31
327 255 48 31
326 255 47 30
326 254 49 31
325 254 49 31
326 254 49 31
325 254 48 31
325 254 50 32
326 255 49 31
326 256 48 30
325 256 48 30
326 256 49 30
325 256 48 29
326 255 49 30
325 255 48 30
326 255 49 30
325 256 47 29
325 255 48 29
325 256 49 29
324 255 49 29
324 255 49 29
325 255 49 29
324 255 48 29
326 255 49 29
325 255 48 28
325 255 49 29
324 255 49 29
324 255 49 29
325 255 49 29
325 255 48 29
325 255 48 29
326 255 49 30
325 256 47 29
326 255 47 29
325 255 47 29
326 254 47 29
325 254 46 29
326 254 47 30
325 254 46 29
326 254 46 29
326 254 47 29
325 254 46 29
326 254 48 30
325 255 47 29
326 254 47 29
326 254 46 29
327 254 47 29
324 254 47 29
326 254 48 29
326 254 47 28
325 255 47 28
326 255 47 28
326 256 46 27
326 255 47 28
325 256 46 27
326 255 48 28
326 255 46 27
326 254 47 27
329 254 38 26
330 255 38 26
329 255 38 26
329 255 38 26
329 255 38 26
330 256 38 26
330 255 38 26
330 255 38 26
329 255 38 26
330 255 38 26
330 255 38 26
329 255 38 26
330 255 38 26
329 255 38 26
329 255 38 26
330 255 38 26
329 256 38 26
330 256 38 26
331 256 38 26
