1308 664 127 196
1307 665 126 194
1306 665 126 194
1306 665 126 194
1306 666 125 193
1306 666 125 193
1305 666 125 192
1305 665 126 193
1305 665 125 191
1304 665 124 190
1305 664 124 191
1304 663 125 192
1304 664 124 190
1303 664 123 189
1304 663 123 189
1303 662 123 189
1303 662 122 188
1304 662 121 187
1303 661 122 188
1302 660 122 189
1302 660 121 188
1300 658 123 191
1301 658 122 190
1300 657 123 191
1300 656 123 191
1300 656 122 190
1301 656 122 190
1300 656 122 190
1300 657 121 188
1299 656 122 189
1301 656 121 187
1300 656 122 188
1300 657 121 186
1300 657 121 186
1299 657 121 186
1301 657 119 183
1301 658 118 181
1301 658 118 181
1301 657 117 180
1300 657 117 180
1299 658 116 179
1300 657 115 178
1299 657 115 178
1299 656 116 179
1299 656 116 179
1298 656 116 178
1298 655 117 179
1297 656 116 178
1297 656 116 178
1297 656 116 177
1297 656 115 176
1296 656 115 176
1296 656 114 175
1297 655 114 175
1295 654 115 177
1295 654 114 175
1296 654 113 174
1296 654 113 173
1295 653 113 174
1294 652 114 175
1293 652 114 176
1294 653 112 173
1293 651 113 175
1292 650 113 176
1291 650 113 176
1292 650 112 174
1292 650 112 174
1291 650 112 174
1291 650 111 173
1290 650 111 174
1290 651 110 173
1291 646 111 174
1289 644 114 178
1288 645 114 177
1289 645 112 174
1287 644 113 175
1287 645 112 174
1288 645 111 173
1287 644 111 174
1286 644 111 174
1287 644 110 173
1287 643 110 173
1286 642 110 174
1285 642 110 175
1285 639 110 175
1284 639 110 176
1284 639 110 176
1284 638 110 176
1283 638 110 176
1282 638 110 176
1281 636 111 177
1280 635 111 177
1280 636 110 176
1279 636 109 175
1279 636 108 173
1279 638 106 170
1278 638 106 170
1277 637 107 171
1276 637 107 170
1275 636 107 170
1275 635 107 170
1274 634 108 172
1274 633 108 172
1274 633 107 170
1272 632 108 172
1272 632 108 172
1273 632 107 170
1272 632 107 170
1272 633 106 168
1272 634 105 166
1272 634 105 166
1272 634 104 165
1272 634 104 164
1272 633 104 163
1272 633 104 163
1272 634 103 162
1272 635 101 159
1272 634 102 160
1271 634 102 160
1271 634 101 158
1270 633 101 158
1270 633 100 157
1269 631 101 158
1269 632 100 156
1268 632 100 156
1267 631 101 157
1266 632 100 156
1266 630 100 156
1265 630 100 156
1265 631 99 155
1265 629 100 156
1265 630 99 155
1264 630 99 154
1263 629 100 155
1263 630 99 154
1262 628 100 155
1263 629 99 153
1262 628 99 154
1261 628 99 154
1261 628 98 153
1261 624 100 156
1261 626 98 153
1260 625 98 153
1260 624 98 154
1260 624 98 153
1259 624 98 153
1260 624 97 152
1259 624 97 152
1260 625 96 150
1259 624 96 150
1258 624 96 150
1259 624 95 149
1259 622 95 150
1259 623 94 148
1259 622 95 149
1259 623 94 147
1258 622 94 147
1257 622 95 148
1257 623 94 147
1256 620 96 150
1256 621 95 148
1255 622 94 147
1254 620 96 149
1254 621 95 148
1254 622 94 146
1253 621 94 147
1252 620 95 148
1252 621 94 147
1251 619 94 148
1251 619 93 147
1250 619 94 148
1250 619 93 147
1249 618 93 148
1249 617 94 149
1249 618 93 148
1248 618 93 148
1247 617 94 149
1246 616 94 149
1245 614 94 150
1244 613 95 151
1244 613 94 150
1243 613 94 150
1243 612 94 150
1242 612 94 150
1242 612 94 150
1242 610 95 151
1241 611 95 150
1240 612 95 149
1239 611 95 149
1238 610 96 150
1239 610 95 149
1238 610 96 150
1238 611 94 147
1239 611 94 147
1238 611 94 147
1238 610 94 147
1237 610 94 147
1237 610 94 146
1236 610 94 146
1236 610 94 145
1236 610 93 144
1236 611 92 143
1236 609 93 144
1234 610 93 144
1235 609 92 143
1234 609 92 143
1235 609 91 142
1234 610 91 141
1234 611 90 140
1234 610 91 141
1233 611 90 139
1234 610 90 139
1233 609 90 139
1233 607 91 140
1231 609 90 139
1232 606 90 139
1231 604 91 141
1230 605 90 140
1232 604 90 140
1232 605 90 140
1235 603 91 142
1238 601 92 144
1246 602 92 144
1259 605 91 143
1271 607 89 140
1283 607 91 143
1294 605 90 141
1297 604 92 144
1299 603 93 145
1298 601 93 145
1297 600 95 148
1296 600 94 147
1298 598 94 147
1298 600 92 144
1299 603 90 141
1298 603 90 141
1300 603 89 139
1300 607 86 134
1300 608 87 136
1300 608 85 134
1302 610 83 131
1304 609 82 129
1303 613 81 128
1304 612 80 127
1303 614 79 126
1304 614 78 125
1304 615 78 125
1304 617 77 124
1303 618 77 124
1304 619 76 123
1304 620 76 122
1303 623 75 120
1303 621 74 119
1304 619 75 120
1301 624 74 119
1304 620 74 118
1303 627 73 117
1302 622 73 117
1301 621 72 116
1302 632 70 114
1304 622 71 114
1302 627 70 112
1302 625 71 114
1303 627 71 114
1302 629 69 111
1301 628 67 108
1299 630 67 108
1297 629 67 107
1299 630 65 104
1299 632 64 103
1297 646 63 102
1299 637 64 102
1317 596 113 175
1317 596 113 175
1317 596 113 175
1317 596 113 175
1317 596 113 175
1317 596 113 175
1317 596 113 175
1317 596 113 175
1317 596 113 175
1317 596 113 175
1317 596 113 175
1317 596 113 175
1317 596 113 175
1317 596 113 175
1317 596 113 175
1317 596 113 175
1317 596 113 175
1317 596 113 175
1317 596 113 175
1317 596 113 175
1317 596 113 175
1317 596 113 175
1317 596 113 175
1317 596 113 175
1317 596 113 175
1286 573 112 174
1261 517 112 174
1263 515 113 175
1266 513 110 170
1271 515 106 163
1273 510 104 160
1273 513 101 156
1275 519 99 153
1276 520 98 151
1278 525 97 149
1278 534 94 145
1280 547 91 140
1278 544 88 136
1282 557 87 134
1281 558 84 129
1283 563 82 126
1284 564 80 124
1286 566 79 123
1282 567 79 123
1286 570 79 123
1285 567 81 126
1284 568 82 127
1285 567 82 128
1284 570 82 128
1285 571 81 127
1283 573 80 126
1287 572 78 123
1285 573 78 124
1286 572 78 124
1287 573 78 124
1285 575 76 121
1287 573 76 120
1287 577 76 120
1288 576 75 118
1287 579 75 118
1287 581 74 116
1288 581 74 117
1289 578 74 116
1288 581 73 115
1289 578 74 116
1289 580 74 116
1289 579 74 116
1289 579 74 116
1289 577 74 116
1289 577 74 116
1289 578 73 114
1289 577 73 114
1289 577 72 113
1289 576 72 113
1290 575 72 113
1289 575 72 113
1290 573 73 114
1287 574 72 113
1289 572 72 114
1289 570 73 115
1288 570 72 114
1289 569 72 114
1289 568 73 115
1289 569 72 114
1290 568 71 113
1290 568 71 114
1290 568 70 113
1291 568 70 112
1290 569 71 113
1290 568 70 112
1291 568 70 111
1291 569 70 111
1292 569 69 110
1291 571 69 110
1293 571 68 108
1291 571 69 110
1293 571 68 109
1291 569 70 112
1293 567 69 111
1290 563 71 114
1292 564 70 112
1292 564 70 113
1292 562 70 113
1292 561 70 113
1292 561 70 112
1292 562 70 112
1292 560 71 113
1290 561 70 111
1292 560 70 110
1291 560 70 111
1291 558 70 110
1291 561 69 109
1290 558 70 111
1292 558 69 110
1290 559 69 110
1293 558 69 109
1294 558 68 108
1297 558 69 110
1302 557 68 109
1307 557 69 110
1314 558 69 109
1320 557 69 109
1325 557 68 108
1326 557 67 107
1325 556 68 109
1327 557 66 106
1325 556 68 109
1327 556 67 107
1324 556 68 109
1327 555 67 108
1324 555 67 109
1326 554 67 109
1324 554 67 109
1326 554 66 107
1325 554 67 108
1324 553 67 108
1324 553 66 107
1325 552 67 108
1323 552 67 107
1324 552 66 106
1325 552 65 105
1324 552 65 105
1323 551 66 106
1324 550 66 107
1324 550 66 106
1323 550 66 106
1323 550 65 105
1323 549 66 106
1324 549 65 105
1323 549 65 105
1323 548 65 105
1323 548 65 105
1323 548 65 105
1323 547 65 105
1323 547 65 105
1323 547 65 104
1323 548 64 103
1324 546 65 104
1322 547 65 104
1322 545 65 105
1322 544 65 105
1322 544 65 105
1322 543 65 105
1322 543 65 105
1322 543 65 104
1322 543 65 103
1321 542 65 103
1321 541 66 104
1322 541 65 103
1321 542 65 102
1321 541 66 103
1321 540 66 103
1321 540 66 103
1321 539 66 103
1321 538 66 103
1321 538 66 103
1320 538 66 103
1321 536 66 103
1320 536 66 103
