1229 614 47 123
1230 612 48 126
1232 611 47 125
1233 611 46 124
1234 610 47 126
1235 611 47 127
1236 609 48 130
1238 612 48 129
1239 612 48 128
1240 614 48 128
1243 609 47 126
1242 617 48 129
1247 612 47 127
1247 612 48 129
1248 611 49 131
1249 610 50 133
1251 608 49 131
1252 611 49 130
1253 613 48 127
1252 615 49 130
1253 602 49 131
1254 606 50 131
1254 611 49 129
1255 608 49 129
1256 605 48 128
1254 603 48 128
1252 606 49 131
1255 601 50 133
1254 597 50 132
1253 605 51 136
1254 598 51 137
1250 597 51 137
1247 607 52 141
1251 603 53 144
1253 599 53 144
1253 596 52 141
1250 601 52 141
1251 600 52 141
1253 602 51 139
1252 604 51 138
1249 605 51 138
1251 601 51 139
1247 600 51 139
1246 600 52 141
1244 599 53 144
1243 601 55 149
1240 599 57 155
1237 606 57 155
1235 605 57 155
1231 600 60 162
1229 605 60 162
1225 604 63 170
1224 610 66 177
1225 622 69 184
1226 612 71 188
1229 605 69 184
1227 617 70 185
1226 618 72 191
1223 626 75 198
1218 623 77 202
1218 621 78 204
1220 619 79 205
1220 621 80 208
1221 614 80 208
1221 622 82 213
1219 613 82 213
1231 593 83 216
1230 612 83 216
1224 610 85 220
1218 609 86 223
1218 609 86 223
1213 592 80 208
1213 592 80 208
1213 592 80 208
1183 606 46 121
1196 603 46 120
1196 607 46 120
1196 612 45 116
1197 611 44 113
1196 613 44 114
1197 612 46 118
1196 609 47 122
1195 611 49 127
1194 612 51 131
1195 613 53 135
1193 616 55 141
1190 612 57 145
1188 607 59 149
1185 605 61 154
1185 599 62 158
1185 597 63 160
1186 599 63 161
1187 598 62 159
1189 601 61 157
1188 611 61 156
1186 611 61 156
1187 614 60 155
1189 611 60 154
1191 614 61 156
1187 614 62 160
1186 612 63 163
1185 608 64 166
1183 609 64 165
1183 604 64 166
1181 603 65 168
1179 602 65 169
1178 600 66 172
1178 598 67 174
1175 595 68 177
1176 591 69 179
1179 591 68 178
1184 594 66 174
1189 597 64 170
1192 601 63 166
1182 600 64 168
1187 598 64 169
1191 599 63 165
1193 606 63 164
1198 610 63 163
1204 606 63 163
1207 616 62 161
1211 610 60 156
1211 613 60 156
1210 614 60 155
1211 609 59 154
1210 608 59 153
1211 606 58 151
1211 610 58 150
1214 613 57 147
1218 608 56 145
1223 602 56 144
1225 603 55 143
1225 601 55 142
1227 599 54 140
1232 600 52 136
1218 605 52 138
1223 605 53 139
1226 599 53 140
1234 599 52 137
1240 595 51 135
1218 605 52 137
1217 606 52 138
1214 603 52 139
1209 604 53 142
1206 607 55 146
1205 598 57 151
1204 607 57 152
1206 597 59 156
1203 607 59 156
1206 601 61 160
1205 600 60 156
1206 599 59 153
1207 599 58 150
1207 600 59 152
1208 600 58 150
1221 610 58 152
1219 605 59 152
1219 602 59 151
1219 599 59 150
1220 595 59 149
1219 596 58 148
1218 601 57 146
1216 597 58 148
1219 598 58 147
1220 599 57 146
1220 599 57 146
1221 596 57 146
1225 593 58 147
1225 597 59 150
1226 594 57 146
1227 599 57 146
1229 597 56 143
1232 601 55 141
1233 607 54 139
1231 603 53 137
1233 606 52 134
1235 605 51 130
1237 608 50 128
1230 617 50 129
1227 611 51 130
1222 608 51 130
1217 611 52 132
1231 609 52 133
1226 604 53 134
1217 604 53 135
1229 604 53 136
1221 602 54 137
1228 607 53 136
1219 608 54 136
1217 609 55 139
1223 600 56 142
1220 605 57 143
1217 612 59 148
1218 617 59 147
1220 617 58 144
1222 610 57 141
1217 584 58 144
1224 589 58 144
1224 588 57 143
1230 583 58 143
1237 588 55 137
1227 583 55 138
1233 585 56 139
1239 581 54 134
1242 584 53 132
1243 587 53 132
1242 583 54 135
1245 580 55 137
1245 575 55 138
1245 573 55 138
1246 569 56 142
1246 569 58 147
1243 571 60 151
1244 573 62 155
1244 569 64 159
1242 570 66 165
1242 573 68 169
1246 574 67 168
1247 574 68 169
1249 576 68 168
1252 576 70 172
1256 583 70 171
1260 583 71 175
1261 586 72 178
1264 586 72 179
1267 584 73 182
1266 585 72 180
1268 588 72 181
1268 590 71 179
1268 594 70 176
1273 596 69 173
1273 600 69 172
1275 601 68 171
1279 599 67 169
1279 598 67 170
1281 603 66 169
1284 598 66 168
1285 603 66 169
1287 599 66 168
1289 599 67 170
1291 603 67 170
1292 601 67 170
1293 601 69 174
1294 598 70 177
1297 594 70 178
1300 592 70 177
1301 595 70 178
1302 593 70 179
1304 599 70 180
1304 596 71 183
1307 597 72 185
1306 595 73 188
1309 599 73 189
1309 592 74 191
1313 600 73 190
1315 591 73 190
1316 595 74 192
1319 599 74 193
1320 586 75 195
1318 589 77 199
1319 589 77 199
1318 594 77 200
1321 595 76 198
1323 593 75 196
1321 596 75 197
1327 593 74 194
1332 583 73 191
1330 595 73 192
1331 602 73 193
1329 602 75 197
1332 596 74 196
1335 606 74 195
1337 595 75 197
1336 605 76 201
1339 599 77 202
1340 600 78 205
1341 600 79 207
1341 597 80 210
1344 602 81 213
1344 602 81 214
1345 604 82 216
1347 606 83 218
1333 575 84 221
1341 584 84 222
1348 595 84 222
1352 600 84 223
1346 577 83 221
1351 592 84 222
1357 598 85 223
1364 606 85 223
1371 605 84 221
1378 604 84 222
1380 602 85 225
1381 601 86 228
1379 601 87 230
1381 603 87 231
1384 609 87 232
1385 609 88 235
1386 613 89 238
1390 613 90 240
1389 611 91 243
1391 609 91 244
1393 616 92 246
1398 620 93 247
1395 620 94 248
1400 625 94 248
1397 628 95 251
1398 628 96 253
1399 629 96 254
1402 625 96 254
1400 620 96 255
1402 623 96 254
1401 622 97 255
1401 620 97 255
1404 621 97 256
1404 617 97 257
1403 617 98 258
1408 621 98 257
1406 623 98 258
1403 626 99 260
1405 629 100 262
1406 626 100 263
1406 631 101 265
1406 633 102 268
1405 636 104 274
1407 637 106 280
1406 638 108 286
1399 608 107 284
1408 633 107 285
1413 639 109 290
1407 658 112 297
1410 672 115 304
1401 615 116 308
1408 644 117 308
1405 673 122 320
1407 615 124 325
1405 665 124 325
1408 612 126 331
1408 667 127 332
1411 614 130 340
1412 667 130 340
1414 607 132 346
1415 661 132 346
1415 611 133 350
1433 624 64 169
1434 628 65 170
1433 625 65 171
1434 627 66 174
1435 629 67 176
1435 625 68 177
1436 622 68 178
1437 623 69 181
1437 624 70 182
1438 623 70 182
1439 619 70 181
1438 615 70 180
1435 613 70 181
1433 607 70 182
1431 599 70 183
1433 603 69 180
1432 604 68 178
