654 356 29 36
654 356 29 36
654 357 29 35
654 357 29 35
654 358 29 35
653 358 30 36
654 358 31 37
653 359 31 37
653 360 30 35
654 362 30 35
653 361 30 35
654 362 30 35
655 362 29 34
654 362 29 34
654 362 29 34
655 363 28 33
655 362 29 34
654 363 29 34
654 363 29 33
654 363 29 33
655 363 29 33
654 363 29 33
654 364 29 33
656 364 28 32
656 365 28 33
654 363 29 35
654 364 28 34
655 364 28 34
655 365 28 34
655 365 28 34
655 365 28 34
655 365 28 34
655 365 28 34
655 366 27 33
654 365 28 34
654 365 28 35
655 365 27 34
655 366 27 34
654 365 28 36
655 365 28 36
654 366 28 36
654 365 28 36
654 364 29 37
654 365 29 37
654 364 29 37
654 365 28 36
654 364 28 36
654 364 28 36
655 364 28 36
655 364 28 36
655 364 28 36
655 363 28 36
655 363 28 36
655 363 28 36
655 362 28 36
657 362 27 34
657 363 27 33
657 364 27 33
657 364 26 32
658 365 26 32
658 365 26 32
658 364 27 33
658 365 26 32
658 365 26 33
659 365 26 33
658 365 26 33
657 364 26 34
656 364 27 35
655 363 27 35
655 363 27 35
655 363 27 35
655 364 26 34
655 364 26 34
655 364 25 33
656 364 25 33
655 363 26 34
655 363 26 34
654 362 27 35
653 361 27 35
654 364 26 34
655 363 25 33
654 364 25 34
655 365 24 33
656 365 23 32
656 366 23 32
655 367 23 32
656 366 23 33
657 366 23 33
656 366 23 33
657 367 23 33
656 366 24 34
657 367 24 34
657 365 25 35
657 366 25 35
657 366 24 34
658 367 23 32
657 368 23 32
657 368 23 32
656 367 23 32
657 368 22 31
657 368 22 31
658 367 22 31
657 367 22 31
657 367 22 31
657 367 22 32
657 366 23 33
657 367 23 33
657 367 23 33
656 366 24 34
656 368 23 33
657 367 23 33
657 367 23 33
657 368 23 33
657 367 23 33
657 368 23 34
657 367 23 35
657 370 23 29
656 370 24 30
656 370 24 30
656 371 24 30
656 370 24 30
656 370 24 30
656 370 23 29
657 370 23 28
657 372 23 27
657 371 22 26
657 372 23 27
657 371 23 27
656 370 24 28
656 371 23 27
656 370 23 27
657 371 23 27
656 369 24 28
657 370 23 27
656 369 23 27
655 369 23 27
656 369 23 27
655 369 24 28
655 369 24 28
656 369 24 27
655 368 24 27
655 368 24 27
655 367 24 27
656 368 24 27
655 368 24 27
654 368 25 28
655 369 25 28
653 367 26 29
655 368 26 29
654 366 27 30
655 367 27 29
655 367 27 29
656 367 27 28
655 369 26 27
656 369 26 27
655 369 27 28
654 371 26 27
655 371 26 27
654 369 25 26
655 372 26 27
656 372 26 27
656 373 26 27
655 373 26 27
656 373 26 27
653 373 27 28
654 374 26 27
655 373 27 28
655 374 26 27
655 374 26 27
654 373 26 27
657 374 25 26
655 375 25 26
655 374 26 27
655 374 26 27
654 374 26 27
655 374 26 28
653 374 26 28
655 374 26 28
656 375 26 28
654 375 25 27
656 376 25 27
654 375 26 28
654 375 26 28
655 375 26 28
654 375 27 29
654 375 27 29
653 374 28 30
654 376 27 29
652 375 28 30
653 376 28 30
653 375 29 31
651 375 30 32
652 376 29 31
651 375 30 32
652 378 29 31
650 376 30 32
651 377 30 32
648 376 30 32
648 376 30 32
649 376 30 32
650 377 30 32
649 376 29 31
650 376 28 30
650 377 29 31
649 375 29 31
651 377 28 30
651 375 28 30
652 377 27 29
652 376 26 28
653 378 25 27
653 377 25 27
653 377 25 27
653 378 25 27
653 377 25 27
652 377 25 27
652 378 25 27
651 378 26 28
651 377 27 29
650 376 27 29
650 377 27 29
650 376 27 29
650 377 27 29
651 376 27 29
650 377 27 29
650 376 27 29
651 376 27 29
650 376 27 29
648 379 26 28
648 378 27 29
645 377 28 30
646 375 27 29
648 376 26 28
650 377 25 27
649 377 26 28
648 376 26 28
648 376 26 28
646 379 25 27
646 379 25 27
646 379 25 27
646 379 25 27
646 379 25 27
646 379 25 27
646 379 25 27
646 379 25 27
646 379 25 27
646 379 25 27
646 379 25 27
646 379 25 27
646 379 25 27
646 379 25 27
646 379 25 27
646 379 25 27
646 379 25 27
652 382 26 28
654 381 25 27
653 382 25 27
656 380 25 27
657 382 26 28
657 382 26 28
664 372 26 28
663 375 26 28
664 376 26 29
666 372 26 29
666 375 26 29
669 373 25 28
667 372 25 28
669 375 26 29
671 377 26 29
671 379 26 29
670 381 26 29
667 381 26 29
666 381 26 29
667 383 25 28
666 383 25 28
667 383 25 28
668 381 25 28
669 379 25 28
672 380 24 27
674 381 24 27
676 381 24 27
677 382 24 27
676 380 24 27
677 382 24 26
678 381 24 27
678 382 25 28
677 381 26 29
677 382 27 30
676 381 28 31
677 382 28 30
677 383 27 29
677 383 26 28
678 384 26 28
677 384 27 29
675 383 28 30
677 386 27 29
675 385 28 30
675 386 28 30
675 387 28 30
675 387 28 30
674 388 28 30
673 388 29 31
672 388 29 31
673 389 29 30
672 390 30 31
674 391 25 31
674 391 25 31
674 391 25 31
673 392 25 31
673 392 25 31
672 394 25 31
672 394 25 31
672 394 25 31
672 395 25 31
671 396 25 31
671 397 25 31
670 396 26 32
670 397 27 33
670 396 28 35
669 397 29 36
668 397 29 36
669 398 29 35
668 397 30 36
668 399 29 35
667 398 30 36
668 400 30 36
667 400 31 37
666 400 31 37
666 401 30 36
666 403 30 36
666 404 31 37
664 403 32 38
665 405 31 37
665 405 31 37
665 406 31 37
664 406 32 38
665 407 32 38
665 408 32 39
665 408 31 38
665 409 32 40
665 408 33 42
664 408 34 44
664 408 34 45
664 408 34 45
665 408 34 45
665 409 34 45
665 409 34 45
665 411 34 44
665 414 34 44
664 413 35 46
664 414 36 47
665 415 36 47
664 414 36 47
664 413 37 48
664 415 36 47
664 414 37 48
664 415 37 48
664 416 37 48
665 417 37 48
664 417 38 49
664 416 39 50
664 417 39 50
664 418 39 50
664 417 40 51
665 417 40 51
665 419 40 51
663 420 41 53
663 419 42 54
663 420 43 55
661 418 44 56
664 420 42 54
664 419 41 53
664 418 42 54
664 418 41 53
665 417 41 52
665 421 40 51
665 420 41 52
665 423 41 52
666 421 40 51
666 422 40 51
665 422 41 52
664 426 40 51
664 425 40 51
663 425 41 52
662 424 41 52
663 425 40 51
663 428 40 51
662 429 40 51
661 434 39 50
660 438 39 50
659 439 39 50
658 440 39 50
658 439 40 51
657 441 41 52
657 443 42 53
657 444 43 54
656 446 42 53
654 438 42 53
654 442 42 53
654 442 41 52
652 441 41 52
655 443 40 51
658 442 40 51
658 438 39 50
657 433 40 51
657 430 41 52
657 425 42 53
658 422 42 53
658 419 42 52
657 416 41 51
658 413 40 50
658 411 40 49
658 408 41 50
658 405 41 50
659 402 40 49
661 401 39 48
661 400 38 47
659 398 38 47
662 398 38 47
662 397 37 46
662 395 37 46
667 371 36 45
669 368 37 46
667 364 38 47
666 360 39 49
666 356 40 50
666 351 41 51
665 348 41 51
665 344 42 52
666 341 42 51
666 336 43 52
667 333 43 52
667 331 43 52
667 329 42 51
668 326 42 51
668 321 43 52
668 318 43 51
668 315 43 51
667 313 43 51
667 310 43 51
667 308 43 51
665 305 44 52
667 302 44 52
665 299 44 53
666 295 44 53
665 292 44 53
666 288 45 54
663 285 45 54
664 280 44 53
662 277 44 54
662 273 44 54
662 269 43 53
660 266 44 54
660 262 43 53
657 259 44 54
657 255 43 53
654 251 45 55
652 246 46 56
651 242 47 57
646 237 48 58
645 233 48 57
643 228 48 57
641 224 48 57
638 219 50 59
635 214 50 59
632 208 50 59
631 204 50 58
628 198 51 59
625 192 51 60
622 188 51 61
619 181 53 63
615 179 53 63
614 176 53 63
617 176 52 61
619 174 51 60
619 172 50 59
620 170 49 58
617 168 49 58
618 168 48 56
616 165 48 56
617 163 47 55
616 161 47 55
616 158 47 55
617 156 46 54
618 156 45 53
615 154 45 53
617 152 45 53
615 151 44 52
619 149 42 49
619 145 43 50
618 147 42 49
619 144 43 50
619 143 43 49
620 141 42 48
619 140 42 49
622 137 42 48
619 136 43 49
619 134 43 49
620 132 43 49
619 130 44 50
619 130 43 49
618 127 43 49
619 126 43 48
619 124 43 48
619 125 43 48
618 123 43 48
619 124 43 48
619 121 42 47
620 120 43 48
619 118 42 47
619 116 42 47
620 113 42 48
620 112 41 47
619 110 42 48
619 108 42 48
619 108 43 49
619 105 43 49
620 102 42 48
620 101 42 48
622 99 41 47
621 97 42 48
621 96 42 47
621 93 43 48
620 93 42 47
621 91 43 48
620 89 42 47
621 87 43 48
620 85 43 48
620 83 43 48
620 82 43 48
620 80 44 49
621 78 44 49
620 76 44 49
621 75 44 49
620 73 44 49
621 71 44 49
619 70 44 49
620 67 45 50
619 67 45 50
619 64 45 50
618 63 45 50
618 61 45 50
618 60 46 51
619 57 45 50
618 58 45 50
619 55 45 50
620 55 44 49
621 53 43 48
621 53 43 48
621 50 42 47
622 49 42 47
623 47 42 47
623 47 41 46
623 44 41 46
624 45 40 44
624 42 41 45
623 41 40 44
625 39 41 45
625 38 39 43
626 37 38 42
626 35 38 42
627 35 37 41
627 34 37 40
626 33 37 40
625 31 38 42
626 29 38 42
626 28 37 41
627 26 37 41
628 25 36 40
628 24 36 40
628 23 36 40
628 21 37 41
628 20 36 40
628 19 36 40
627 17 37 41
627 16 36 40
627 14 37 41
627 14 36 40
628 12 36 40
628 10 36 40
628 9 36 40
628 8 36 40
628 6 36 40
628 5 36 40
628 4 36 40
628 3 36 40
628 3 36 40
628 2 36 40
628 1 36 40
627 0 36 40
628 -2 36 40
628 -2 36 40
628 -3 36 40
628 -4 36 40
627 -4 36 40
628 -7 36 40
627 -4 36 40
627 -7 36 40
627 -5 36 40
627 -10 34 39
