1155 290 36 68
1156 293 36 68
1156 295 35 66
1154 295 36 68
1153 296 35 67
1148 294 36 69
1141 295 36 69
1132 293 38 72
1119 292 37 70
1112 293 37 71
1096 291 36 69
1089 295 36 70
1073 293 35 68
1067 296 36 69
1051 296 35 68
1045 297 36 69
1040 297 35 68
1039 299 34 66
1043 301 33 65
1046 301 32 64
1050 302 31 62
1051 302 31 62
1054 303 31 62
1055 305 31 62
1058 307 32 63
1060 306 32 64
1061 307 33 65
1063 309 33 64
1065 311 34 66
1068 311 33 65
1071 312 34 66
1074 314 34 66
1077 316 32 63
1079 318 31 61
1081 320 30 59
1083 321 30 59
1083 321 30 59
1084 322 30 59
1084 322 30 60
1085 324 30 59
1085 324 31 62
1084 324 32 64
1085 326 32 63
1086 326 32 63
1086 328 32 63
1086 330 31 61
1087 331 31 60
1088 332 31 60
1088 334 31 60
1089 335 31 60
1090 336 31 60
1091 337 31 60
1092 338 31 60
1094 339 31 60
1096 341 31 60
1098 342 31 60
1099 340 33 63
1100 340 35 66
1102 340 35 67
1104 338 36 68
1105 339 37 70
1108 341 37 69
1109 338 37 70
1110 340 36 69
1112 341 36 68
1112 341 36 68
1112 342 36 67
1110 342 36 66
1109 344 36 65
1107 344 36 65
1105 346 36 65
1104 346 37 67
1104 349 36 65
1104 350 36 65
1104 349 37 67
1104 350 37 68
1105 350 38 70
1106 350 39 72
1108 350 39 72
1110 350 39 71
1111 350 39 71
1112 352 39 71
1114 351 39 71
1116 352 39 71
1118 352 39 71
1120 353 38 69
1122 351 39 70
1123 351 39 69
1125 351 38 68
1128 351 37 66
1131 352 36 64
1133 352 35 62
1135 353 35 62
1136 352 36 64
1138 353 36 64
1140 355 35 63
1144 356 34 61
1146 356 34 61
1147 356 34 62
1150 357 34 61
1151 356 35 63
1152 355 35 64
1154 356 35 64
1156 355 36 66
1159 355 36 65
1160 356 35 63
1162 355 36 64
1164 355 36 64
1167 357 35 63
1169 357 35 62
1170 357 36 63
1173 358 36 64
1175 359 37 65
1178 360 37 64
1180 362 36 62
1182 363 36 63
1184 363 36 63
1187 363 36 64
1190 365 36 65
1193 367 37 66
1195 361 36 64
1198 363 36 64
1201 365 35 62
1202 366 34 60
1205 368 33 58
1207 368 32 57
1209 369 31 56
1213 370 31 55
1216 372 31 55
1219 375 30 54
1222 377 30 53
1222 377 30 53
1222 380 30 53
1221 380 31 54
1220 379 31 54
1221 380 31 54
1221 380 31 54
1221 380 31 54
1221 380 31 54
1221 380 31 54
1221 380 31 54
1221 380 31 54
1221 380 31 54
1221 380 31 54
1221 380 31 54
