10 496 74 127
16 484 74 127
46 479 74 127
53 467 74 127
81 465 73 126
86 454 73 126
118 450 73 126
119 443 73 126
160 437 72 125
158 437 72 125
227 433 72 125
224 426 73 125
228 414 73 125
276 443 72 124
304 399 73 126
312 405 74 127
332 419 74 127
357 380 75 130
365 381 76 130
373 384 78 133
411 362 76 131
417 355 77 131
426 350 80 135
433 340 83 139
441 331 85 143
447 323 88 148
466 336 87 147
476 322 88 148
483 306 89 150
491 303 89 149
494 327 89 150
501 312 90 150
511 306 88 147
522 299 85 142
532 297 83 139
540 289 83 139
544 286 83 138
552 289 81 135
577 299 80 134
578 288 81 134
578 287 81 134
603 286 81 134
604 285 81 135
608 281 83 138
611 280 83 138
639 275 82 137
637 277 83 138
637 280 82 136
656 275 83 137
660 277 83 138
663 284 82 136
679 266 81 135
684 279 81 135
687 283 80 134
707 259 80 134
711 277 80 134
709 280 80 133
711 287 81 134
709 293 81 133
716 255 81 133
712 269 81 134
705 276 85 140
700 282 88 145
692 251 89 147
697 270 90 148
683 247 90 149
691 266 91 149
676 244 91 149
674 242 91 149
675 243 91 149
660 243 91 149
656 240 91 150
662 236 92 151
646 238 91 150
656 225 92 151
634 236 92 151
644 221 92 152
633 233 91 151
627 231 91 151
633 219 92 152
626 232 90 149
627 224 90 150
631 217 91 150
624 230 89 147
633 225 89 148
635 217 87 144
635 224 85 140
634 214 83 138
637 222 81 134
636 225 79 130
628 233 79 131
630 229 80 131
629 230 76 125
629 233 73 120
627 236 70 115
625 235 70 115
624 233 67 109
617 238 64 104
612 242 64 104
605 240 63 102
599 242 61 99
595 248 59 96
585 245 58 94
580 251 57 92
572 251 56 90
569 255 55 89
564 257 54 87
561 254 54 88
556 250 53 87
549 247 52 86
545 252 51 84
537 249 51 84
532 250 50 83
526 249 49 82
521 251 48 81
516 252 48 81
510 249 48 82
503 252 48 82
497 251 48 81
491 252 49 82
483 252 51 85
477 247 52 86
470 253 53 87
461 253 54 88
453 254 53 87
444 262 53 88
435 269 53 88
428 273 52 86
427 282 51 84
429 285 50 83
428 286 51 84
400 270 50 83
399 262 51 84
384 276 51 84
381 274 51 85
378 273 51 85
375 273 49 82
376 273 47 79
374 266 46 77
377 262 45 75
377 257 46 76
378 254 46 76
381 254 47 78
384 255 47 77
385 256 48 78
388 253 49 79
395 254 48 77
388 244 64 108
395 234 64 108
401 235 63 106
404 232 64 108
410 228 65 110
415 234 65 109
418 238 67 112
426 241 68 114
433 235 69 115
441 237 70 117
447 225 71 119
452 220 74 123
462 220 76 127
471 214 78 131
478 206 80 135
485 196 82 138
507 206 82 138
513 198 82 138
521 186 84 141
527 174 86 144
537 193 85 143
543 177 86 144
556 189 85 142
564 171 85 143
566 194 85 143
572 175 85 143
562 195 84 142
564 176 85 142
558 187 84 140
553 197 83 139
555 179 83 139
552 192 81 136
549 177 81 136
556 194 79 132
551 179 79 133
550 187 79 133
549 175 79 134
548 171 77 131
552 177 75 127
549 170 75 127
552 174 76 129
549 170 79 135
545 165 83 142
540 163 83 142
549 162 84 143
548 167 80 137
537 163 80 138
551 175 81 138
552 173 79 134
555 169 80 135
557 171 79 134
558 173 79 134
559 169 81 137
563 171 82 139
568 171 82 138
570 166 83 139
568 161 85 143
563 164 88 147
556 160 91 153
573 149 89 151
572 161 90 151
564 163 92 154
583 144 92 154
581 158 92 155
593 137 91 154
591 152 92 154
585 170 92 154
608 143 91 152
610 148 91 153
608 159 95 159
600 164 97 163
614 141 97 164
610 152 98 164
610 168 99 166
624 137 98 165
623 152 99 166
639 132 98 165
643 140 98 165
639 144 101 170
636 150 105 177
652 125 105 178
652 128 106 178
650 123 110 185
663 118 107 181
659 120 108 182
665 112 106 179
666 107 107 180
667 101 109 183
672 98 106 177
684 113 105 175
685 102 105 176
690 88 102 171
700 112 103 173
699 102 104 174
713 111 102 172
725 116 100 167
724 98 100 167
734 115 99 165
733 97 99 166
745 110 97 164
756 115 95 159
758 109 96 161
770 117 92 155
763 98 93 156
780 110 92 155
776 96 92 155
789 107 92 156
787 93 93 157
797 109 93 157
794 97 93 157
797 81 97 164
807 108 98 165
804 96 98 166
824 107 99 167
819 89 99 168
831 108 100 171
827 94 101 171
843 108 99 169
841 93 100 169
851 111 100 169
850 97 100 170
858 118 100 170
857 105 101 171
867 123 100 169
865 105 100 170
867 131 100 171
864 117 101 171
858 118 101 172
858 105 102 172
864 100 100 168
866 130 99 167
865 117 100 167
869 106 97 161
871 132 97 161
870 120 97 162
874 109 94 157
880 97 91 152
871 137 90 151
874 129 90 151
879 121 88 148
885 109 86 145
886 137 85 143
891 126 85 144
896 111 83 140
897 140 82 138
900 127 82 139
897 139 81 138
904 125 82 139
905 133 82 139
909 116 82 139
911 137 82 140
914 120 83 140
921 108 82 138
922 134 81 136
926 115 81 137
928 138 80 136
932 120 81 137
932 139 80 136
943 120 81 137
945 145 80 136
952 125 81 136
962 136 80 134
967 121 80 135
968 143 80 135
977 128 80 135
982 144 80 135
989 126 80 136
991 148 80 137
999 131 81 138
1003 142 80 137
1013 126 81 138
1015 147 82 140
1024 131 83 141
1022 145 83 142
1031 128 84 142
1030 148 85 144
1040 134 85 144
1050 146 84 142
1052 144 84 143
1052 145 85 145
1067 146 86 145
1073 152 86 146
1069 150 87 147
1065 158 85 145
1076 138 86 145
