664 345 34 36
665 346 34 36
665 348 33 35
665 349 33 35
665 349 33 35
664 351 33 35
664 353 32 34
664 353 33 35
665 355 32 34
665 356 32 34
665 357 31 33
665 357 31 33
664 358 32 34
664 359 32 34
662 360 31 33
664 360 32 34
664 360 32 34
664 361 32 34
664 362 31 33
664 363 31 33
664 364 30 32
664 365 30 33
664 366 29 32
664 366 29 32
664 366 28 31
664 366 29 32
664 367 29 31
664 367 29 31
663 367 30 32
663 367 30 32
663 368 30 32
663 368 30 32
663 368 31 33
663 368 31 33
663 368 30 32
663 369 30 32
663 370 30 32
663 369 31 33
663 369 30 32
663 370 30 32
663 370 30 32
663 371 30 32
663 371 31 33
663 371 30 32
663 372 29 31
663 373 29 31
664 373 29 31
664 373 30 32
664 374 30 32
665 374 30 32
664 374 30 32
667 375 29 30
666 375 29 30
666 376 29 30
666 377 29 30
666 376 30 31
666 376 30 31
666 376 31 32
666 377 31 32
665 377 31 32
667 377 30 31
667 377 30 31
667 377 31 32
666 378 31 32
666 378 31 32
666 379 30 31
666 379 30 31
666 379 30 31
667 379 30 31
667 379 30 31
666 380 31 32
666 380 31 32
666 380 31 32
666 381 30 31
665 381 31 32
664 381 31 32
664 382 30 31
665 381 31 32
664 382 31 32
662 381 32 33
663 381 31 32
663 382 30 31
663 382 30 31
663 383 30 31
662 383 30 31
661 383 30 31
660 383 30 31
659 383 31 32
659 384 30 31
659 384 31 32
658 384 31 32
658 385 30 31
658 384 30 31
658 384 31 32
658 385 30 31
658 385 30 31
658 385 30 31
658 385 30 31
656 385 31 32
656 385 31 32
655 386 31 32
655 386 31 32
655 386 31 32
656 386 30 31
656 385 30 31
656 385 30 31
656 385 31 32
654 385 31 32
654 385 31 32
654 385 31 32
654 385 31 32
654 385 31 32
654 386 31 32
654 386 31 32
654 386 31 32
653 386 31 32
653 386 31 32
654 387 30 31
654 387 30 31
656 387 29 30
655 387 30 31
655 387 30 31
655 387 30 31
655 386 31 32
656 387 30 30
656 387 30 30
656 387 31 31
656 387 31 31
656 387 31 31
656 387 31 31
656 387 31 31
657 387 32 32
657 387 32 32
657 387 32 32
658 387 33 33
657 385 32 32
658 386 33 33
657 386 33 33
657 386 32 32
658 385 32 32
658 385 33 33
658 385 33 33
657 384 33 33
659 384 32 32
659 384 33 33
659 384 33 33
659 384 33 33
659 384 33 33
658 383 34 34
659 383 33 33
659 383 33 33
659 383 33 33
659 383 33 33
659 383 33 33
659 382 33 33
659 382 33 33
659 382 33 33
659 382 33 33
659 381 33 33
659 381 33 33
659 381 33 33
659 380 33 33
658 380 33 33
658 380 33 33
658 380 33 33
658 380 33 33
657 380 33 33
657 380 33 33
657 380 34 34
657 380 33 33
657 380 33 33
655 380 33 33
654 379 34 34
654 380 34 34
654 380 34 34
654 380 34 34
654 380 35 35
654 380 34 34
654 380 34 34
653 380 35 35
653 380 35 35
652 380 35 35
652 380 34 34
652 380 34 34
652 380 35 35
652 380 35 35
652 380 35 35
652 380 35 35
652 380 35 35
652 380 35 35
652 380 35 35
652 380 35 35
651 380 36 36
652 380 36 36
652 381 36 36
652 381 36 36
652 382 35 35
653 381 36 36
653 381 36 36
653 381 37 37
653 381 36 36
653 382 36 36
654 382 37 37
654 382 36 36
655 381 37 37
655 381 37 37
654 381 37 37
654 381 37 37
654 381 38 38
654 381 37 37
654 381 38 38
656 382 37 37
655 382 38 38
656 383 37 37
655 382 37 37
655 382 37 37
655 382 37 37
655 382 38 38
655 382 37 37
654 381 38 38
656 381 37 37
655 380 39 39
655 381 38 38
655 381 39 39
654 381 39 39
654 381 38 38
654 381 38 38
655 381 38 38
654 380 39 39
655 380 38 38
655 380 38 38
656 380 38 38
656 380 38 38
656 380 38 38
656 380 38 38
655 379 39 39
654 378 40 40
654 378 41 41
653 378 41 41
653 378 40 40
654 378 40 40
654 378 41 41
654 378 40 40
654 377 41 41
653 377 41 41
653 377 41 41
652 377 41 41
653 377 41 41
653 378 41 41
653 378 41 41
653 378 41 41
652 377 42 42
651 378 41 41
653 379 42 42
652 379 42 42
652 379 42 42
652 379 42 42
652 379 41 41
652 379 42 42
651 379 42 42
651 379 42 42
651 380 43 43
652 381 41 41
652 381 41 41
652 381 41 41
651 381 42 42
651 381 42 42
651 381 42 42
651 381 42 42
651 381 41 41
650 380 42 42
650 380 43 43
650 381 42 42
649 381 43 43
649 381 43 43
648 381 44 44
648 381 43 43
647 381 44 44
647 381 44 44
647 381 43 43
647 381 44 44
647 381 43 43
647 381 44 44
647 381 43 43
646 380 44 44
648 380 43 43
648 380 42 42
648 380 43 43
648 380 43 43
647 380 43 43
646 379 45 45
646 379 44 44
646 380 45 45
646 380 45 45
647 381 44 44
647 381 46 46
647 382 45 45
647 381 46 46
647 381 46 46
647 381 45 45
649 381 45 45
649 381 45 45
649 381 45 45
649 381 46 46
649 381 46 46
649 380 47 47
649 380 47 47
649 380 46 46
650 382 46 46
649 381 47 47
649 381 47 47
649 381 47 47
649 382 47 47
648 381 49 49
648 382 49 49
648 382 48 48
648 382 49 49
648 382 48 48
648 382 49 49
648 382 49 49
648 382 48 48
647 381 50 50
647 381 49 49
647 381 49 49
648 382 48 48
648 382 48 48
648 382 48 48
647 381 50 50
647 381 50 50
647 381 50 50
647 381 50 50
647 382 50 50
647 382 49 49
646 382 49 49
646 383 49 49
645 384 49 49
645 384 50 50
645 385 50 50
645 386 49 49
645 386 49 49
644 385 50 50
644 385 50 50
644 385 50 50
643 384 52 52
643 384 52 52
644 384 52 52
645 384 51 51
646 383 52 52
646 383 53 53
646 383 53 53
647 383 53 53
649 382 53 53
648 381 55 55
649 381 55 55
648 381 57 57
647 383 57 57
648 385 55 55
648 384 54 54
649 384 53 53
649 384 54 54
648 384 55 55
648 384 55 55
648 385 54 54
649 386 53 53
648 386 53 53
648 386 53 53
648 385 53 53
647 385 54 54
648 385 54 54
648 385 55 55
648 386 55 55
648 387 55 55
648 385 56 56
649 385 56 56
647 385 58 58
647 385 59 59
646 383 59 59
647 384 57 57
646 384 58 58
646 384 58 58
646 383 59 59
647 383 59 59
646 384 58 58
648 384 57 57
647 382 58 58
648 382 57 57
648 382 57 57
648 382 56 56
647 380 59 59
646 379 60 60
646 378 62 62
645 378 62 62
644 379 63 63
643 380 63 63
644 382 62 62
645 383 60 60
646 383 60 60
647 383 58 58
646 381 60 60
645 378 62 62
645 379 60 60
645 379 59 59
644 380 60 60
645 381 58 58
645 382 59 59
645 382 59 59
645 381 60 60
645 381 60 60
644 380 63 63
643 379 63 63
642 378 64 64
643 380 64 64
642 380 65 65
643 380 64 64
643 379 65 65
643 379 64 64
643 378 66 66
644 379 64 64
643 378 66 66
644 380 63 63
644 380 63 63
644 380 63 63
644 380 64 64
644 380 64 64
644 380 63 63
644 380 64 64
644 379 65 65
643 378 66 66
642 377 67 67
641 376 68 68
640 375 70 70
640 375 70 70
638 376 69 69
637 374 70 70
639 375 70 70
638 375 69 69
637 375 69 69
638 375 69 69
638 376 67 67
639 375 67 67
639 375 66 66
639 374 67 67
639 373 67 67
638 373 68 68
637 372 69 69
636 373 69 69
635 372 70 70
636 374 69 69
635 374 69 69
634 374 69 69
634 375 67 67
634 375 67 67
635 373 67 67
635 373 69 69
634 373 67 67
636 374 67 67
636 373 67 67
635 372 68 68
634 371 69 69
634 370 70 70
635 371 69 69
636 371 70 70
636 372 68 68
637 372 69 69
636 371 68 68
638 372 67 67
637 371 68 68
638 371 68 68
637 371 69 69
637 370 69 69
637 371 70 70
637 372 70 70
636 373 70 70
637 373 70 70
636 373 69 69
637 372 70 70
637 372 71 71
636 372 71 71
636 373 71 71
636 374 70 70
636 374 71 71
636 374 71 71
636 375 70 70
637 375 71 71
636 376 70 70
637 376 70 70
637 376 70 70
636 376 72 72
635 376 71 71
635 375 71 71
634 374 73 73
634 375 73 73
633 374 74 74
635 375 73 73
634 375 73 73
635 375 74 74
636 376 73 73
638 377 70 70
638 376 72 72
639 378 71 71
638 375 72 72
638 374 74 74
638 374 74 74
638 374 75 75
638 373 75 75
639 373 75 75
639 373 74 74
639 373 75 75
639 372 74 74
638 371 76 76
638 371 75 75
637 370 76 76
638 369 76 76
639 370 73 73
639 370 76 76
638 371 76 76
638 371 76 76
639 371 75 75
638 372 74 74
640 370 75 75
639 371 74 74
639 369 76 76
639 369 75 75
638 368 76 76
639 368 77 77
639 369 75 75
638 369 75 75
637 368 76 76
638 368 76 76
638 368 75 75
638 369 75 75
638 370 74 74
637 370 75 75
637 370 75 75
637 370 75 75
637 370 75 75
636 370 75 75
636 370 75 75
635 370 76 76
635 370 76 76
635 371 76 76
634 372 75 75
633 372 77 77
633 373 76 76
633 373 76 76
633 373 76 76
634 375 74 74
633 375 76 76
633 375 76 76
632 375 77 77
632 376 77 77
631 376 78 78
631 376 79 79
630 376 80 80
631 377 79 79
631 377 79 79
631 377 79 79
632 378 80 80
633 379 79 79
632 379 80 80
632 380 80 80
632 380 80 80
632 381 81 81
632 382 80 80
633 383 80 80
633 384 80 80
633 385 80 80
632 386 79 79
631 387 81 81
631 387 80 80
630 387 82 82
630 389 80 80
632 389 80 80
630 387 82 82
630 387 82 82
630 388 81 81
629 389 82 82
630 390 82 82
629 389 82 82
629 389 83 83
629 389 82 82
627 390 84 84
628 390 84 84
627 390 83 83
626 391 83 83
628 391 84 84
627 391 82 82
628 391 84 84
627 391 84 84
626 390 84 84
626 391 86 86
625 390 86 86
626 390 87 87
622 388 88 88
625 386 88 88
621 386 90 90
624 385 87 87
622 386 88 88
624 385 87 87
622 386 87 87
623 385 87 87
622 386 86 86
626 387 84 84
627 388 84 84
625 388 84 84
627 389 84 84
626 390 84 84
627 387 84 84
626 387 81 81
629 388 83 83
629 388 81 81
631 387 83 83
630 388 83 83
629 387 82 82
633 395 82 82
634 389 83 83
636 384 81 81
635 384 83 83
633 384 86 86
630 384 89 89
628 383 88 88
627 386 85 85
629 384 84 84
628 384 85 85
629 382 85 85
628 381 86 86
628 377 89 89
626 376 91 91
624 375 91 91
624 370 94 94
623 366 95 95
623 368 95 95
625 368 93 93
627 365 93 93
625 367 92 92
627 362 94 94
627 365 94 94
629 363 94 94
630 363 93 93
632 363 91 91
631 362 91 91
630 361 90 90
631 364 88 88
632 367 88 88
631 369 89 89
629 366 89 89
629 362 91 91
627 362 91 91
626 359 93 93
623 358 95 95
624 353 98 98
624 358 94 94
626 353 97 97
626 358 93 93
625 358 95 95
624 359 94 94
626 358 96 96
625 363 94 94
627 365 91 91
627 366 90 90
631 367 87 87
630 367 86 86
634 369 86 86
633 371 83 83
635 372 83 83
637 375 80 80
639 377 78 78
641 377 76 76
643 375 77 77
643 374 77 77
643 375 78 78
643 376 77 77
644 377 75 75
642 374 78 78
643 375 77 77
642 372 79 79
641 371 80 80
640 370 82 82
639 369 83 83
638 369 82 82
638 367 80 80
637 369 84 84
632 366 85 85
630 364 85 85
630 364 86 86
628 361 86 86
627 357 88 88
630 360 86 86
631 359 83 83
630 362 83 83
631 360 87 87
631 359 85 85
630 361 85 85
632 362 83 83
632 362 82 82
634 364 81 81
635 364 78 78
635 365 78 78
636 366 76 76
637 366 74 74
636 365 75 75
636 365 77 77
635 364 79 79
633 362 81 81
630 361 84 84
627 360 86 86
626 355 89 89
624 352 90 90
625 352 91 91
621 352 92 92
625 351 92 92
626 354 92 92
625 358 90 90
625 356 89 89
627 355 86 86
629 358 86 86
628 357 85 85
629 359 84 84
629 358 81 81
633 359 81 81
631 360 79 79
633 359 82 82
633 357 79 79
634 358 79 79
636 358 76 76
639 357 76 76
641 355 74 74
641 354 73 73
641 352 73 73
643 351 71 71
645 350 70 70
645 348 69 69
645 345 70 70
644 342 72 72
643 337 74 74
641 334 74 74
642 333 75 75
641 330 75 75
642 327 75 75
642 326 74 74
644 325 73 73
644 322 73 73
643 319 74 74
644 318 72 72
646 317 70 70
647 318 69 69
646 318 68 68
648 317 70 70
647 316 67 67
646 315 67 67
645 314 65 65
649 313 66 66
647 313 65 65
647 313 64 64
647 314 63 63
646 314 61 61
647 314 62 62
647 314 61 61
647 314 61 61
646 315 60 60
647 317 59 59
647 316 58 58
648 318 57 57
648 319 56 56
648 320 55 55
648 320 54 54
648 322 54 54
647 323 53 53
647 324 53 53
646 324 54 54
647 326 53 53
646 327 53 53
646 328 52 52
647 330 51 51
647 331 51 51
647 332 51 51
646 332 52 52
647 333 52 52
647 334 51 51
648 336 50 50
648 337 50 50
648 338 50 50
648 339 50 50
649 341 50 50
649 343 48 48
649 344 49 49
648 344 49 49
648 346 49 49
648 347 48 48
649 349 47 47
649 350 47 47
650 352 46 46
651 354 46 46
651 355 47 47
651 356 46 46
651 357 46 46
651 358 46 46
651 359 46 46
651 360 46 46
651 361 45 45
651 362 46 46
651 362 46 46
651 363 46 46
651 363 46 46
652 364 45 45
652 365 45 45
652 366 45 45
651 366 46 46
652 367 46 46
652 368 45 45
652 369 46 46
652 370 45 45
652 371 45 45
653 372 44 44
653 372 45 45
652 372 44 44
654 373 45 45
653 373 45 45
652 373 45 45
653 374 44 44
654 375 45 45
654 376 45 45
654 376 45 45
653 376 45 45
652 376 46 46
653 376 44 44
654 377 44 44
655 378 45 45
654 377 46 46
654 379 45 45
653 379 45 45
653 380 44 44
654 381 43 43
654 382 43 43
653 382 44 44
653 383 43 43
653 383 43 43
653 383 44 44
654 384 43 43
653 385 43 43
652 385 43 43
654 386 42 42
654 388 41 41
654 389 40 40
655 390 41 41
654 388 42 42
653 389 43 43
652 389 42 42
653 389 42 42
652 388 43 43
652 388 43 43
652 389 44 44
651 389 45 45
651 389 44 44
651 389 44 44
649 388 45 45
648 388 44 44
650 390 43 43
649 390 44 44
649 390 45 45
649 390 43 43
648 390 44 44
648 390 44 44
647 391 45 45
645 389 45 45
645 390 44 44
646 391 43 43
646 392 44 44
645 393 45 45
643 392 46 46
644 394 45 45
642 393 46 46
642 394 45 45
643 395 45 45
643 394 45 45
643 393 46 46
642 393 47 47
641 393 47 47
640 393 48 48
641 393 47 47
640 393 47 47
640 395 45 45
641 395 44 44
641 395 45 45
641 395 46 46
641 396 45 45
642 397 43 43
643 397 44 44
643 397 43 43
644 398 43 43
645 397 43 43
645 396 43 43
644 395 43 43
644 397 43 43
645 398 44 44
644 398 45 45
644 398 45 45
643 398 45 45
644 396 47 47
643 396 46 46
644 396 47 47
644 395 46 46
644 395 47 47
644 394 46 46
645 394 47 47
645 392 47 47
645 390 48 48
647 388 49 49
647 388 47 47
648 387 47 47
648 387 45 45
649 385 46 46
648 384 45 45
648 383 45 45
650 381 45 45
650 381 45 45
649 380 46 46
649 378 46 46
649 376 45 45
650 374 45 45
649 371 46 46
648 369 47 47
648 368 45 45
649 368 45 45
650 368 44 44
649 366 46 46
648 365 45 45
647 364 44 44
647 362 45 45
647 361 44 44
647 363 43 43
648 362 42 42
650 362 42 42
650 361 42 42
650 361 41 41
650 360 41 41
651 359 41 41
650 358 42 42
649 357 43 43
649 356 43 43
648 356 44 44
648 357 43 43
647 358 42 42
646 358 44 44
646 357 44 44
646 358 44 44
646 359 43 43
646 358 43 43
647 357 44 44
646 357 45 45
645 356 45 45
646 357 45 45
646 357 44 44
647 358 44 44
647 359 44 44
647 360 43 43
646 359 42 42
647 360 42 42
647 360 43 43
647 360 42 42
646 362 42 42
648 363 41 41
648 363 42 42
648 364 42 42
648 365 43 43
647 365 43 43
647 366 43 43
647 366 43 43
648 366 43 43
648 367 43 43
648 368 43 43
648 369 43 43
649 370 42 42
650 372 41 41
651 371 41 41
650 369 43 43
649 369 45 45
647 367 46 46
647 369 46 46
646 369 46 46
647 371 44 44
648 373 43 43
647 373 44 44
648 373 45 45
647 373 44 44
646 375 44 44
647 374 45 45
646 375 44 44
647 377 42 42
650 378 40 40
652 380 38 38
653 380 38 38
652 381 39 39
652 380 39 39
652 381 39 39
652 380 39 39
652 380 39 39
651 382 41 41
650 379 42 42
650 381 41 41
651 381 40 40
651 381 41 41
650 380 42 42
650 380 43 43
650 380 44 44
650 380 45 45
650 379 45 45
651 378 45 45
650 378 46 46
650 378 46 46
649 378 46 46
649 379 46 46
650 378 46 46
650 379 46 46
651 380 45 45
650 379 47 47
650 379 47 47
651 379 46 46
651 379 46 46
650 378 47 47
651 379 47 47
651 380 46 46
652 380 45 45
653 380 44 44
653 379 45 45
652 378 45 45
650 378 46 46
649 379 47 47
648 380 47 47
649 378 47 47
650 378 48 48
652 378 48 48
651 378 48 48
652 378 48 48
652 379 47 47
652 378 47 47
652 376 48 48
652 376 48 48
653 376 47 47
653 377 47 47
653 378 47 47
653 378 47 47
654 379 47 47
654 379 47 47
653 379 47 47
651 379 47 47
651 380 47 47
650 379 48 48
650 378 49 49
649 377 49 49
650 377 48 48
650 378 47 47
650 378 47 47
651 379 46 46
652 379 47 47
653 379 45 45
653 381 45 45
652 382 47 47
652 381 48 48
651 379 48 48
650 378 48 48
650 379 48 48
650 379 48 48
650 379 48 48
650 380 47 47
649 381 48 48
648 380 49 49
647 378 51 51
648 375 52 52
647 375 51 51
647 375 51 51
647 375 51 51
648 377 50 50
650 378 49 49
651 379 49 49
650 377 51 51
648 376 50 50
648 377 49 49
649 377 48 48
649 379 46 46
650 380 46 46
650 381 47 47
650 380 46 46
651 381 47 47
650 382 47 47
649 383 46 46
650 383 46 46
651 382 46 46
651 382 46 46
650 381 48 48
649 380 49 49
648 377 51 51
647 376 52 52
647 377 52 52
647 378 50 50
648 377 50 50
648 379 50 50
648 379 48 48
648 379 48 48
647 379 48 48
648 379 48 48
647 380 48 48
647 380 48 48
647 379 49 49
646 378 50 50
647 377 51 51
646 376 52 52
645 375 53 53
645 376 53 53
645 377 53 53
646 376 52 52
645 378 52 52
646 378 50 50
646 378 51 51
646 378 50 50
645 379 52 52
644 379 50 50
646 380 50 50
646 379 49 49
646 378 49 49
646 376 51 51
645 377 52 52
646 378 52 52
646 377 53 53
645 377 52 52
647 378 53 53
648 377 53 53
649 378 53 53
649 378 51 51
648 377 52 52
648 379 51 51
647 379 51 51
647 380 50 50
647 382 49 49
647 383 47 47
648 381 47 47
649 381 46 46
650 381 48 48
649 379 50 50
649 378 50 50
648 377 51 51
647 374 53 53
648 373 53 53
650 373 51 51
651 374 51 51
652 375 51 51
652 374 52 52
654 375 51 51
651 376 52 52
652 377 53 53
653 376 52 52
655 375 51 51
652 375 50 50
654 377 48 48
654 378 47 47
653 379 46 46
653 380 45 45
653 381 45 45
653 380 45 45
652 381 47 47
652 380 47 47
651 379 49 49
650 377 50 50
650 377 51 51
650 377 51 51
650 376 51 51
650 375 52 52
650 375 52 52
650 377 51 51
649 378 53 53
650 378 52 52
650 378 52 52
648 377 54 54
647 376 55 55
646 376 54 54
646 377 52 52
647 376 52 52
647 379 51 51
650 381 50 50
651 383 49 49
651 383 49 49
651 383 49 49
650 382 50 50
651 382 50 50
650 382 52 52
650 382 54 54
650 380 53 53
650 379 54 54
651 380 55 55
649 379 56 56
651 378 54 54
651 379 54 54
650 379 54 54
650 379 53 53
649 379 53 53
650 380 52 52
651 382 50 50
651 383 49 49
652 384 47 47
652 384 47 47
