882 569 29 78
883 570 29 78
883 570 29 77
883 570 29 77
884 572 29 78
885 572 29 79
886 573 29 79
887 574 29 79
886 575 30 81
888 576 30 80
888 575 30 81
887 573 30 82
888 571 31 84
887 571 31 84
886 571 32 86
887 568 33 89
886 569 34 92
886 568 35 94
885 574 34 91
885 570 35 93
884 576 34 91
884 576 33 89
878 574 33 89
877 578 33 90
875 578 32 88
873 577 31 86
872 577 30 83
871 581 29 80
871 583 28 78
871 586 27 75
869 586 27 76
868 589 26 73
868 590 26 73
868 591 26 73
868 593 26 73
868 595 26 73
869 596 25 70
869 596 25 71
869 596 25 72
869 597 25 73
870 597 25 73
871 597 25 74
872 599 25 75
872 598 25 75
872 600 25 75
874 604 25 74
873 606 25 73
874 605 25 73
875 604 25 73
876 606 26 75
879 609 26 75
881 608 27 78
883 607 28 81
885 607 28 82
887 607 29 86
888 606 29 87
889 604 29 88
890 605 29 88
892 606 29 89
888 600 29 89
891 605 29 89
894 612 28 87
890 598 28 88
893 607 28 88
891 616 27 86
888 605 27 86
889 613 27 87
888 609 27 87
889 615 27 88
889 611 27 88
891 626 27 73
891 621 27 73
893 624 27 74
893 620 27 74
894 624 27 74
895 630 27 74
908 650 27 74
909 657 27 74
903 654 26 73
903 642 26 73
908 641 26 73
907 644 27 74
906 642 27 74
905 639 27 75
911 645 27 75
909 647 27 76
908 648 27 77
906 651 28 79
910 668 28 80
909 677 28 80
908 680 27 78
907 683 27 77
907 683 26 75
907 684 26 74
907 679 26 75
906 676 27 77
905 681 27 77
905 684 28 79
906 682 28 80
907 693 27 79
907 696 28 80
908 704 28 79
910 710 28 78
911 712 29 80
910 717 29 81
911 721 29 81
912 726 29 81
913 733 29 80
913 737 28 77
915 742 27 75
915 744 26 73
916 743 27 74
916 748 26 72
917 752 26 72
917 749 27 74
918 755 27 73
917 753 27 74
918 755 27 73
917 750 27 73
919 753 27 74
918 757 26 72
