937 402 63 60
937 402 63 60
938 400 63 60
938 399 62 59
940 397 61 59
939 396 62 60
942 395 60 58
941 395 61 59
943 392 60 58
942 392 61 59
945 389 60 58
944 389 61 59
945 387 60 58
946 386 61 59
948 385 59 57
948 384 60 58
949 383 60 58
950 382 60 58
951 381 59 57
951 379 59 57
952 378 60 57
953 376 60 57
954 377 59 56
955 374 59 56
955 374 58 56
958 371 59 57
958 370 59 57
959 369 58 56
960 369 57 55
960 366 58 56
962 366 57 55
962 364 57 55
963 363 57 55
963 362 57 55
966 361 56 54
966 360 57 55
965 357 57 55
965 356 56 54
964 355 56 54
963 354 56 54
963 354 55 53
963 352 55 53
964 351 55 53
964 349 55 53
965 348 55 53
966 348 54 52
967 347 55 53
967 345 54 52
967 345 54 52
968 343 54 52
968 343 54 52
970 342 53 51
970 340 53 51
970 339 53 51
970 338 53 51
970 339 52 50
972 337 51 49
972 336 51 49
972 336 51 49
973 335 51 49
973 333 51 49
973 333 51 49
973 333 51 49
973 332 50 48
974 331 50 48
974 330 50 48
975 330 50 48
975 329 50 48
975 328 49 47
976 326 49 47
976 325 50 48
976 325 50 48
977 325 48 46
977 324 49 47
977 323 48 46
977 322 49 47
978 321 48 46
978 320 48 46
978 319 48 46
978 318 48 46
978 317 48 46
978 317 48 46
979 316 47 45
979 316 47 45
980 315 46 44
980 315 46 44
981 314 46 44
981 314 46 44
981 312 46 44
981 311 46 44
981 311 46 44
981 309 46 44
981 309 45 43
981 307 45 43
981 307 46 44
982 307 44 42
982 305 45 43
982 304 45 43
982 303 46 44
982 302 45 43
981 301 46 44
981 301 46 44
981 300 45 44
981 298 46 45
981 297 46 45
982 296 45 44
981 295 46 45
981 294 45 44
980 293 47 46
980 293 46 45
981 293 45 44
981 291 46 44
980 290 46 44
980 290 45 43
979 289 45 43
979 288 45 43
979 288 44 42
979 287 45 43
979 286 43 42
978 284 43 42
977 283 45 43
977 282 44 42
976 282 45 43
976 281 43 42
976 280 43 42
976 279 43 42
975 278 42 41
975 278 42 41
975 277 42 41
975 276 41 40
974 275 41 40
973 274 41 40
973 274 41 40
973 273 41 40
972 271 41 40
971 270 41 40
971 270 41 40
971 269 40 39
970 267 41 40
970 267 41 40
970 266 40 39
970 265 40 39
970 264 40 39
970 264 39 38
969 263 39 38
969 263 39 38
969 261 39 38
969 260 39 38
969 259 39 38
969 259 38 37
968 256 39 38
968 256 39 38
968 255 39 38
968 254 39 38
968 253 39 38
968 251 39 38
968 251 39 38
968 250 39 38
968 249 38 37
968 248 38 37
968 247 39 38
968 247 38 37
968 245 38 37
968 244 39 38
968 244 39 38
968 243 37 36
967 242 38 37
967 241 38 37
967 240 38 37
967 239 38 37
967 238 39 38
967 238 39 38
967 237 38 37
967 235 38 37
967 234 39 38
967 234 39 38
967 233 38 37
968 231 38 37
968 230 38 37
968 230 38 37
968 229 37 36
968 228 38 37
968 227 37 36
968 227 37 36
968 225 37 36
968 225 37 36
968 224 37 36
968 223 37 36
968 222 37 36
968 221 37 36
968 221 37 36
968 220 37 36
968 219 37 36
968 219 36 35
968 217 36 35
969 216 36 35
968 215 36 35
968 215 36 35
968 214 37 36
968 214 36 35
968 213 35 34
968 212 35 34
967 211 36 35
967 210 36 35
968 210 36 35
968 209 36 35
968 208 35 34
967 207 36 35
967 207 35 34
967 207 35 34
967 206 35 34
967 205 35 34
967 204 35 34
966 203 35 34
966 203 35 34
966 203 34 33
966 201 35 34
966 201 35 34
966 200 35 34
966 200 35 34
966 199 34 33
966 198 34 33
966 197 34 33
966 196 34 33
966 196 34 33
966 195 34 33
965 194 34 33
965 194 34 33
965 194 33 32
964 194 34 33
965 193 34 33
965 192 34 33
965 192 33 32
964 191 33 32
963 190 33 32
963 190 33 32
963 189 33 32
963 189 33 32
962 187 33 32
962 187 33 32
962 187 33 32
962 186 33 32
961 185 33 32
961 185 33 32
961 184 33 32
961 183 33 32
961 182 33 32
961 182 33 32
961 181 33 32
961 180 34 33
961 180 33 32
961 179 33 32
961 179 33 32
961 178 33 32
961 177 33 32
961 177 32 31
961 176 33 32
961 175 32 31
961 174 33 32
961 174 32 31
961 173 33 32
961 172 32 31
961 172 32 31
961 172 32 31
961 171 31 30
960 171 31 30
959 170 32 31
960 169 32 31
960 169 32 31
960 168 31 30
959 168 31 30
959 168 31 30
959 168 31 30
959 167 31 30
959 166 31 30
959 166 31 30
959 165 30 29
959 164 31 30
958 163 31 30
958 163 31 30
957 162 32 31
957 160 32 31
957 160 32 31
957 160 31 31
957 159 31 31
957 158 31 31
957 157 30 30
957 157 30 30
957 157 30 30
957 156 30 30
957 156 29 29
957 156 29 29
956 155 29 29
955 154 30 30
955 153 31 31
955 152 30 30
955 152 30 30
955 152 30 30
955 151 30 30
955 151 30 30
955 150 29 29
954 149 30 30
954 149 30 30
954 149 29 29
953 148 30 30
953 147 30 30
953 147 30 30
952 146 30 30
952 146 30 30
952 145 30 30
952 144 29 29
951 143 30 30
951 143 30 30
951 142 29 29
950 141 29 29
950 140 30 30
950 139 30 30
950 139 30 30
950 138 30 30
949 138 29 29
949 137 29 29
949 137 29 29
949 136 28 28
949 136 28 28
949 135 29 29
948 134 29 29
948 135 28 28
948 134 29 29
947 133 29 29
947 133 28 28
947 133 28 28
947 132 28 28
946 132 28 28
946 131 28 28
946 131 28 28
945 131 28 28
945 130 28 28
945 130 27 27
944 129 28 28
944 129 27 27
943 129 27 27
943 128 27 27
943 128 28 28
943 129 27 27
942 128 26 26
942 127 27 27
941 127 27 27
941 127 27 27
941 127 27 27
940 126 27 27
940 126 26 26
940 126 27 27
940 126 26 26
940 126 27 27
940 125 26 26
940 125 27 27
939 124 27 27
939 124 27 27
939 124 27 27
938 123 27 27
938 123 27 27
937 122 27 27
937 122 27 27
937 122 27 27
937 122 26 26
937 122 27 27
937 122 26 26
937 122 26 26
937 122 26 26
937 122 26 26
937 122 26 26
936 121 26 26
936 121 26 26
936 121 25 25
936 121 25 25
935 121 25 25
935 120 26 26
935 120 26 26
935 120 26 26
935 120 26 26
935 119 25 25
934 119 25 25
934 119 25 25
933 118 25 25
933 118 26 26
933 118 26 26
933 117 26 26
932 116 27 27
931 115 27 27
931 115 27 27
931 115 27 27
931 115 27 27
931 115 26 26
931 115 27 27
931 115 26 26
932 114 27 27
931 113 27 27
931 114 27 27
930 113 27 27
931 113 28 28
931 113 27 27
930 113 27 27
931 113 27 27
930 112 27 27
930 112 27 27
930 112 26 26
929 113 26 26
930 113 26 26
930 113 25 25
929 113 25 25
929 112 25 25
929 112 25 25
929 112 25 25
929 112 24 24
929 112 24 24
928 112 24 24
928 112 24 24
928 112 24 24
928 112 23 23
927 112 23 23
927 112 23 23
927 111 23 23
927 111 24 24
927 111 24 24
927 111 23 23
926 110 23 23
926 110 24 24
925 109 24 24
924 108 25 25
924 108 24 24
924 108 25 25
924 108 24 24
924 108 25 25
924 107 25 25
923 107 24 24
923 107 25 25
923 106 25 25
923 106 24 24
923 106 25 25
922 105 24 24
923 105 25 25
922 104 24 24
922 104 25 25
921 103 25 25
921 103 26 26
921 103 26 26
921 103 26 26
921 102 27 27
921 101 26 26
921 102 26 26
921 101 26 26
921 100 27 27
920 99 27 27
919 99 28 28
920 99 28 28
920 98 28 28
920 98 28 28
920 97 28 28
920 97 27 27
919 97 27 27
919 97 27 27
919 97 27 27
919 96 27 27
919 95 27 27
919 96 27 27
919 96 26 26
920 95 26 26
920 96 26 26
920 96 26 26
920 95 26 26
920 94 26 26
920 95 25 25
920 94 25 25
920 94 25 25
920 94 25 25
921 93 25 25
921 93 25 25
921 92 25 25
921 93 24 24
922 93 24 24
922 93 23 23
922 93 23 23
921 93 23 23
922 93 23 23
921 93 23 23
921 93 23 23
921 93 23 23
921 93 23 23
921 93 23 23
921 92 23 23
921 91 23 23
921 90 23 23
921 89 23 23
921 88 23 23
922 89 23 23
922 87 23 23
922 86 22 22
922 86 22 22
922 86 22 22
922 86 22 22
923 87 22 22
922 88 22 22
923 89 22 22
922 89 22 22
922 90 22 22
922 90 21 21
922 90 21 21
923 90 20 20
923 91 20 20
923 90 20 20
924 90 20 20
924 89 20 20
924 89 20 20
924 89 20 20
924 88 20 20
924 88 20 20
924 88 20 20
924 88 20 20
924 87 20 20
924 88 20 20
925 87 20 20
925 88 20 20
925 87 20 20
925 87 20 20
925 87 20 20
926 86 20 20
926 86 20 20
926 85 20 20
926 86 20 20
926 85 20 20
926 85 20 20
926 84 20 20
926 84 20 20
925 84 20 20
925 84 19 19
925 83 19 19
925 84 19 19
926 84 19 19
926 83 19 19
926 83 19 19
925 83 19 19
925 83 19 19
926 83 19 19
925 82 20 20
925 82 20 20
926 82 19 19
926 82 19 19
926 82 19 19
926 81 19 19
926 82 19 19
926 81 19 19
925 81 19 19
926 81 19 19
925 80 19 19
925 81 19 19
925 81 19 19
926 80 19 19
925 80 19 19
925 80 19 19
925 80 19 19
925 80 19 19
925 80 19 19
925 80 19 19
925 79 19 19
925 79 19 19
925 79 19 19
925 78 19 19
925 79 19 19
925 79 19 19
925 78 19 19
925 78 19 19
925 78 19 19
925 78 19 19
926 78 19 19
926 77 19 19
926 77 19 19
926 77 19 19
926 76 19 19
926 76 19 19
926 76 19 19
926 76 19 19
926 75 19 19
926 75 19 19
926 75 19 19
926 75 19 19
926 75 19 19
926 75 19 19
926 75 19 19
926 74 19 19
926 74 19 19
926 74 19 19
926 74 19 19
927 74 19 19
926 73 19 19
926 74 19 19
926 73 19 19
927 73 19 19
927 72 19 19
927 72 19 19
