1265 541 125 163
1235 546 123 160
1176 543 124 161
1145 548 124 161
1118 551 120 156
1091 556 117 152
1065 562 113 147
1051 565 111 144
1039 563 114 148
1031 559 118 153
1026 556 122 158
1025 551 126 163
1022 550 130 168
1022 551 132 171
1024 554 131 169
1023 556 132 171
1024 556 134 173
1026 557 134 173
1029 558 135 175
1029 557 138 179
1030 557 142 184
1031 559 146 189
1034 558 147 190
1035 557 149 193
1038 557 153 198
1042 558 155 200
1046 559 156 201
1049 561 158 203
1053 562 159 204
1055 565 158 202
1057 569 157 201
1060 574 155 198
1062 577 153 196
1062 579 153 196
1063 583 153 196
1066 587 151 194
1068 588 149 192
1065 592 146 188
1065 597 144 185
1060 603 144 185
1060 598 146 188
1054 603 146 188
1047 604 147 189
1050 604 147 189
1044 613 146 187
1040 607 148 189
1037 618 148 189
1031 615 148 189
1032 617 147 188
1033 625 146 186
1027 626 145 184
1025 628 145 184
1024 633 144 183
1022 636 144 183
1023 637 144 183
1022 639 144 183
1024 641 143 181
1021 646 142 180
1019 650 142 179
1020 652 140 177
1019 658 139 175
1020 660 137 172
1022 664 136 171
1021 668 134 169
1019 672 133 168
1019 673 133 168
1018 675 134 169
1019 677 135 171
1019 679 135 171
1019 682 135 171
1021 685 135 171
1025 688 134 170
1043 689 135 171
1036 697 135 172
1034 705 132 169
1035 709 130 166
1036 713 129 165
1036 717 128 164
1038 722 128 164
1039 717 128 164
1040 722 130 166
1040 720 131 167
1039 718 131 167
1044 722 132 169
1039 719 133 171
1045 721 134 172
1042 727 135 174
1042 726 136 175
1044 724 137 176
1051 729 138 178
1054 726 139 180
1054 726 140 182
1053 723 140 183
1059 728 141 184
1059 726 141 184
1063 732 142 185
1067 735 142 185
1072 737 143 186
1075 739 143 185
1077 736 144 186
1081 736 145 187
1085 738 146 189
1089 743 147 190
1092 746 147 190
1097 752 146 189
1105 747 144 186
1105 755 146 188
1111 752 144 185
1113 755 144 185
1117 753 143 184
1119 756 144 186
1125 762 144 186
1129 762 142 183
1139 765 141 181
1142 771 140 180
1148 776 138 177
1157 777 135 174
1160 787 134 172
1166 790 130 167
1173 795 128 164
1180 798 125 160
1185 805 121 155
1190 805 117 150
1199 802 117 150
1201 811 118 151
1203 815 115 148
1205 822 113 145
1204 821 111 143
1206 827 109 141
1209 827 106 137
1213 840 104 134
1218 838 101 130
1220 846 99 128
1223 851 97 125
1223 847 94 121
1224 856 93 119
1225 857 91 116
1228 868 89 114
1229 868 86 110
1230 875 84 107
1232 878 81 103
1231 884 79 100
1229 887 77 97
1226 888 75 94
1222 892 73 92
1221 896 71 90
1220 899 69 88
1219 902 68 87
1219 906 67 85
1216 907 65 82
1213 911 64 81
1214 913 61 78
1213 916 59 76
1214 919 57 74
1215 920 58 75
1213 920 57 74
1207 921 56 73
1200 918 56 73
1206 888 83 108
1249 879 83 108
1239 885 83 108
1227 891 84 109
1219 896 85 110
1215 902 86 111
1217 904 86 111
1216 905 85 110
1214 909 85 110
1216 913 84 108
1213 915 82 106
1214 921 79 102
1215 923 77 99
1215 927 77 99
1220 928 76 97
1226 932 75 95
1231 936 73 92
1238 939 72 90
1242 941 71 89
1247 942 68 85
1253 942 66 82
1259 942 65 81
1268 942 63 79
1274 945 62 78
1280 948 61 76
1286 950 60 75
1293 952 59 73
1300 953 58 71
1308 954 57 70
1313 957 56 69
1322 958 55 68
1327 960 54 67
1335 962 54 67
1342 962 54 67
1347 963 54 67
1351 964 54 67
1355 964 54 67
1360 965 53 66
1364 965 52 65
1366 965 52 65
1370 966 52 65
1373 966 51 64
1376 966 51 64
1380 967 51 64
1383 967 51 64
1386 967 51 64
1389 967 51 64
1392 967 51 64
1394 966 51 64
1396 966 51 64
1397 965 51 64
1399 966 51 64
1400 964 51 64
1399 964 51 64
1401 963 51 64
1402 962 51 64
1401 961 50 63
1403 960 50 63
1403 960 50 62
1402 960 50 62
1403 959 49 61
1400 957 50 62
1403 957 50 62
1402 955 50 62
1403 955 50 62
1404 954 49 61
1404 952 49 61
1406 950 49 61
1406 949 50 62
1407 949 49 61
1405 947 49 61
1406 945 49 61
1408 943 49 61
1407 941 50 62
1409 940 49 61
1408 938 49 61
1409 935 49 61
1410 934 49 61
1411 932 49 61
1412 931 48 60
1412 929 48 60
1414 927 48 60
1414 925 48 60
1415 923 47 59
1413 920 46 58
1414 919 46 58
1416 918 46 58
1415 915 46 58
1416 913 46 57
1414 912 45 56
1415 910 44 55
1415 907 44 55
1416 903 44 54
1415 903 44 54
1415 900 43 53
1414 897 43 53
1413 894 43 53
1414 892 42 52
1412 889 42 52
1413 887 41 51
1410 884 42 52
1411 882 41 51
1408 878 41 51
1408 874 41 50
1407 872 41 50
1407 868 41 50
1405 865 41 50
1404 863 41 49
1403 860 40 48
1401 857 40 48
1400 854 39 47
1397 851 39 47
1396 848 39 47
1393 845 39 47
1391 841 39 47
1389 838 39 47
1387 835 38 46
1385 832 38 46
1383 829 38 45
1380 826 38 45
1377 822 39 46
1373 818 40 47
1370 815 40 47
1366 812 40 47
1363 808 40 46
1359 805 40 46
1357 802 40 46
1352 799 40 46
1349 795 40 46
1344 791 41 47
1339 788 41 47
1334 784 41 47
1331 780 41 47
1325 777 41 47
1322 773 41 47
1316 770 41 47
1312 767 40 46
1307 764 40 46
1303 760 40 46
1297 757 41 47
1292 754 41 47
1287 750 41 47
1282 747 41 47
1277 743 41 47
1271 739 41 48
1266 735 41 48
1259 732 41 48
1254 728 41 48
1247 724 41 48
1242 719 41 49
1235 715 41 49
1228 711 42 50
1220 708 42 50
1215 704 42 50
1208 701 42 50
1201 698 42 50
1194 695 42 50
1186 692 42 50
1179 688 42 50
1171 685 42 50
1164 682 42 50
1156 679 42 50
1149 675 42 50
1142 672 42 50
1135 669 42 50
1128 666 42 50
1120 663 42 50
1114 660 42 50
1108 657 42 50
1103 654 42 50
1099 651 42 50
1097 650 41 49
1095 647 40 48
1093 645 39 47
1091 642 38 46
1089 640 38 45
1087 638 38 45
1086 636 37 44
1082 634 37 44
1081 632 37 44
1077 629 37 44
1075 626 37 44
1070 623 37 44
1069 620 37 44
1062 613 37 44
1061 612 37 44
1050 616 37 44
1050 616 37 44
1050 616 37 44
1050 616 37 44
1050 616 37 44
1050 616 37 44
1050 616 37 44
1050 616 37 44
1030 588 37 44
1028 589 37 44
1026 588 36 43
1024 586 35 42
1022 584 34 41
1021 582 34 40
1023 583 33 38
1025 583 32 37
1028 582 31 35
1038 576 30 34
1041 577 31 35
1052 565 30 34
1056 569 31 35
1068 563 30 34
1071 566 31 35
1083 558 30 34
1086 561 31 35
1097 558 31 35
1101 559 31 35
1111 554 30 34
1114 555 31 35
1127 548 30 34
1130 548 31 35
1138 543 31 35
1147 540 31 35
1149 541 31 35
1160 537 30 34
1161 541 31 35
1173 539 30 34
1172 539 31 35
1186 535 30 34
1188 535 31 35
1198 531 30 34
1200 533 31 35
1210 529 30 34
1211 532 31 35
1224 527 30 34
1227 528 31 35
1228 528 31 34
1239 521 31 34
1238 522 31 34
1251 516 30 33
1253 517 31 34
1255 517 31 34
1269 514 30 33
1270 516 31 34
1280 512 30 33
1281 514 31 34
1291 510 30 33
1291 512 31 34
1302 506 30 33
1301 509 31 34
1312 503 30 33
1312 505 31 34
1320 502 31 34
1328 499 31 34
1327 502 31 34
1338 496 30 33
1338 499 31 34
1344 497 31 34
1344 498 31 34
1355 493 30 33
1355 495 31 34
1363 493 31 34
1367 490 30 33
1370 493 31 34
1379 488 30 33
1379 491 31 34
1388 487 30 33
1393 485 30 33
1398 483 30 33
1398 486 31 33
1408 482 30 32
1412 480 30 32
1416 479 29 31
1422 478 29 31
1426 477 29 31
1430 476 29 31
1435 474 29 31
1439 474 30 31
1441 475 25 32
1449 472 24 31
1451 473 25 32
1459 469 25 32
1459 470 25 32
1467 466 24 31
1468 468 25 32
1476 464 25 32
1477 465 25 32
1485 462 24 31
1485 463 25 32
1486 462 25 32
1497 458 24 31
1499 460 25 32
1500 458 25 32
1508 455 24 31
1509 457 25 32
1517 454 24 31
1518 455 25 32
1523 450 25 32
1524 452 25 32
1525 452 25 32
1534 448 25 32
1536 450 25 32
1537 449 25 32
1545 446 24 31
1546 448 25 32
1546 446 25 32
1558 443 24 31
1558 445 25 32
1556 443 25 32
1568 440 24 31
1568 441 25 32
1568 439 25 32
1580 437 24 31
1580 438 25 32
1579 437 25 32
1589 435 25 32
1588 435 25 32
1593 433 25 32
1593 433 25 32
1594 434 25 32
1604 431 24 31
1604 431 25 32
1604 431 25 32
1614 428 24 31
1614 429 25 32
1615 428 25 32
1623 427 24 31
1623 428 25 32
1624 428 25 32
1627 428 25 32
1630 428 25 31
1633 428 24 30
1644 425 23 29
1643 425 24 30
1645 427 24 30
1647 428 24 30
1657 423 23 29
1657 425 24 30
1658 424 24 30
1660 426 24 30
1663 426 24 29
1670 424 23 28
1671 424 24 29
1673 424 24 29
1675 425 24 29
1678 425 24 29
1680 425 24 29
1682 425 24 29
1684 425 24 29
1692 422 23 28
1694 422 24 29
1696 421 24 29
1698 422 24 29
1701 422 24 29
1703 422 24 29
1705 422 24 29
1706 422 24 29
1716 420 23 28
1718 419 24 29
1720 418 24 29
1721 418 24 30
1723 418 24 30
1725 419 24 30
1728 419 24 30
1731 419 24 30
1734 419 24 30
1737 418 24 30
1739 418 24 30
1742 418 24 30
1744 418 24 30
1746 418 24 30
1749 418 24 30
1751 418 24 30
1753 418 24 30
1756 418 24 30
1759 417 24 30
1761 416 24 30
1763 415 24 30
1765 415 24 30
1767 415 24 30
1769 416 24 30
1772 416 24 30
1775 416 24 30
1777 415 24 30
1779 415 24 30
1781 415 24 30
1784 415 24 30
1786 415 24 30
1788 415 24 30
1790 415 24 30
1792 415 24 30
1794 415 24 30
1796 415 24 30
1798 415 24 30
1800 415 24 30
1803 415 24 30
1805 415 24 30
1807 415 24 30
1809 415 24 30
1811 415 24 30
1813 415 24 30
1815 415 24 30
1817 414 24 30
1819 414 24 30
1821 413 24 30
1823 413 24 30
1825 413 24 30
1827 413 24 30
1828 412 24 30
1830 411 24 30
1832 411 24 31
1834 411 24 31
1836 411 24 31
1837 411 24 31
1841 410 24 31
1841 410 24 31
1842 409 24 31
1843 408 24 31
1844 408 24 31
1845 408 24 31
1846 408 24 31
1847 408 24 31
1847 409 24 31
1848 409 24 31
1849 409 24 31
1850 410 23 30
1850 410 23 30
1862 408 23 30
1864 408 23 30
1865 408 23 30
1866 408 23 30
1868 408 23 30
1869 408 23 30
1870 408 23 30
1871 408 23 30
1872 408 23 30
1873 408 23 30
1874 408 23 30
1876 408 23 30
1878 408 23 30
1879 407 23 30
1880 407 23 30
1881 407 23 30
1883 407 23 30
1885 407 23 30
1887 407 23 30
1889 407 23 30
1890 407 23 30
1891 407 23 30
1893 406 23 30
1894 406 23 30
1895 405 23 30
1896 405 23 30
1897 405 23 30
1899 405 23 30
1900 405 23 29
1901 405 23 29
1901 404 23 28
1902 405 23 28
1903 405 23 28
1904 404 23 27
1903 404 23 27
1902 404 22 26
1901 404 22 26
1900 404 21 25
1899 404 20 24
1898 404 20 24
1896 404 19 23
1894 404 18 22
1893 404 17 21
1891 404 17 20
1884 402 17 20
1882 402 17 20
1880 402 17 20
1870 400 17 20
1868 400 17 20
1858 398 17 20
1856 398 17 20
1847 397 17 20
1845 398 17 20
1834 394 17 20
1832 395 17 20
1822 393 17 20
1820 394 17 20
1811 391 17 20
1808 393 17 20
1801 390 16 19
1799 391 17 20
1797 391 17 20
1795 391 17 20
1793 391 17 20
1792 391 17 20
1791 391 17 20
1790 391 17 20
1794 389 17 20
1794 389 17 20
1794 390 17 20
1794 390 17 20
1795 390 17 20
1796 390 17 20
1797 391 17 20
1798 391 17 20
1799 391 17 20
1800 391 17 20
1801 391 17 20
1802 391 17 20
1803 391 17 20
1804 392 17 20
1805 393 17 20
1806 393 17 20
1807 393 17 20
1808 393 17 20
1810 393 17 20
1811 394 17 20
1812 394 17 20
1813 394 17 20
1814 394 17 20
1815 394 17 20
1815 394 17 20
1814 393 17 20
1813 393 17 20
1811 393 17 20
1809 393 17 20
1808 392 17 20
1799 391 16 19
1798 391 17 20
1796 391 17 20
1785 389 17 20
1783 389 17 20
1774 390 17 20
1764 389 17 20
1762 388 17 20
1751 387 17 20
1741 387 17 20
1730 387 17 20
1720 385 17 20
1710 385 17 20
1700 384 17 20
1690 384 17 20
1679 383 17 20
1670 384 17 20
1668 384 17 20
1666 385 17 20
1664 385 17 20
1662 384 17 20
1660 384 17 20
1658 384 17 20
1657 385 17 20
1655 386 17 20
1654 387 17 20
1654 388 17 20
1653 388 17 20
1653 388 17 20
1654 388 17 20
1654 388 17 20
1654 389 17 20
1655 390 17 20
1655 390 17 20
1656 391 17 20
1657 392 17 20
1658 393 17 20
1659 394 17 20
1660 394 17 20
1664 394 17 20
1665 395 18 21
1665 396 18 21
1665 396 18 21
1666 397 18 21
1667 397 18 21
1668 398 18 21
1669 398 18 21
1670 398 18 21
1671 399 18 21
1672 399 18 21
1673 400 18 21
1673 400 18 21
1673 400 18 21
1673 400 18 21
1673 401 18 21
1672 402 18 21
1672 402 18 21
1672 403 18 21
1671 403 18 21
1671 404 18 21
1671 405 18 21
1670 406 18 21
1669 407 18 21
1669 408 18 21
1669 408 18 21
1668 409 18 21
1667 410 18 21
1660 410 18 21
1661 411 18 21
1662 413 18 21
1662 414 18 21
1656 412 18 21
1657 414 18 21
1657 414 18 21
1656 414 18 21
1654 414 18 21
1653 415 18 21
1652 415 18 21
1650 415 18 21
1648 416 18 21
1646 417 18 21
1644 418 18 21
1643 419 18 21
1640 419 18 21
1638 420 18 21
1637 421 18 21
1635 421 18 21
1634 422 18 21
1633 422 18 21
1631 422 18 21
1629 422 18 21
1628 423 18 21
1628 424 18 21
1627 425 18 21
1625 426 18 21
1623 427 18 21
1622 427 18 21
1621 427 18 21
1620 428 18 21
1618 428 18 21
1616 428 18 21
1614 428 18 21
1613 428 18 21
1608 427 18 21
1607 428 18 21
1606 428 18 21
1605 427 18 21
1603 428 18 21
1602 428 18 21
1600 429 18 21
1599 429 18 21
1598 429 18 21
1596 429 18 21
1595 430 18 21
1594 430 18 21
1592 429 18 21
1590 429 18 21
1588 429 18 21
1587 429 18 21
1585 430 18 21
1585 430 18 21
1584 430 18 21
1584 431 18 21
1583 429 18 21
1582 429 18 21
1582 428 18 21
1580 427 18 21
1579 427 18 21
1579 426 18 21
1579 425 18 21
1578 423 18 21
1586 427 17 20
1586 429 18 21
1585 428 18 21
1584 427 18 21
1583 425 18 21
1591 427 18 21
1590 428 18 21
1589 428 18 21
1588 426 18 21
1594 428 17 20
1593 428 18 21
1592 428 18 21
1591 427 18 21
1589 426 18 21
1600 428 18 21
1599 429 18 21
1598 428 18 21
1596 427 18 21
1594 426 18 21
1602 428 18 21
1601 429 18 21
1600 428 18 21
1599 427 18 21
1599 426 17 20
1598 426 18 21
1597 426 18 21
1602 428 18 21
1601 428 18 21
1601 428 18 21
1605 429 18 21
1604 429 18 21
1603 428 18 21
1602 427 18 21
1601 428 18 22
1600 428 18 22
1598 428 18 23
1596 427 18 24
1594 427 18 25
1592 427 18 26
1592 426 18 26
1597 428 18 26
1595 427 18 26
1595 427 18 26
1596 428 18 27
1599 429 18 27
1598 428 18 27
1598 428 18 27
1598 427 18 27
1599 428 18 27
1600 429 18 27
1601 429 18 27
1603 430 18 27
1604 431 18 27
1605 431 18 27
1607 431 18 27
1607 431 18 28
1605 430 18 29
1603 433 18 24
1601 435 18 24
1591 435 17 23
1579 433 17 23
1568 433 17 23
1557 434 17 23
1545 433 17 23
1536 435 17 23
1535 435 17 23
1535 435 17 23
1535 435 17 23
1537 436 17 24
1538 436 17 25
1539 435 17 25
1541 436 17 25
1541 436 17 25
1542 437 17 26
1543 437 17 27
1544 439 17 23
1545 440 17 23
1546 440 17 24
1547 441 17 25
1548 440 17 25
1549 441 17 26
1550 442 17 27
1549 443 17 23
1548 443 18 24
1546 444 18 24
1533 444 18 24
1521 442 18 24
1521 442 18 24
1521 442 18 24
1521 442 18 24
1521 442 18 24
1521 442 18 24
