869 321 20 43
867 320 20 43
863 320 21 44
860 324 22 45
856 325 22 46
854 327 21 45
851 328 20 44
848 330 19 43
845 329 19 43
842 328 19 43
840 332 19 43
833 333 19 42
830 334 19 42
826 332 19 43
822 331 18 42
820 332 18 42
818 334 18 41
809 338 19 42
807 336 19 43
804 338 18 42
801 339 18 43
798 337 18 43
795 336 18 44
790 341 18 44
786 340 18 45
781 344 18 45
777 343 18 46
771 343 18 46
769 343 18 47
766 347 18 40
764 350 18 39
760 352 18 40
757 354 18 39
753 355 18 38
750 356 18 39
747 357 18 39
743 358 18 39
739 361 18 39
734 362 18 39
731 362 18 40
719 363 17 39
717 365 18 40
714 366 18 40
703 367 18 40
699 371 18 40
695 373 17 39
693 375 16 38
678 371 16 38
675 373 16 38
672 376 16 37
662 380 16 38
654 379 16 37
652 382 16 38
639 379 16 38
637 381 16 38
628 385 16 38
625 387 16 38
616 390 16 38
613 391 16 38
610 393 16 37
604 391 16 37
597 391 16 37
595 396 16 37
583 396 16 37
579 398 16 38
576 401 16 38
565 397 16 38
562 399 16 39
559 401 15 38
549 402 15 39
546 405 15 39
536 407 15 39
529 407 15 40
518 410 15 41
507 412 15 41
495 414 15 41
495 414 15 41
495 414 15 41
495 414 15 41
495 414 15 41
495 414 15 41
495 414 15 41
495 414 15 41
495 414 15 41
495 414 15 41
495 414 15 41
495 414 15 41
495 414 15 41
495 414 15 41
495 414 15 41
495 414 15 41
495 414 15 41
495 414 15 41
495 414 15 41
495 414 15 41
495 414 15 41
495 414 15 41
495 414 15 41
495 414 15 41
495 414 15 41
495 414 15 41
495 414 15 41
495 414 15 41
495 414 15 41
495 414 15 41
495 414 15 41
495 414 15 41
495 414 15 41
495 414 15 41
495 414 15 41
495 414 15 41
495 414 15 41
495 414 15 41
495 414 15 41
495 414 15 41
495 414 15 41
495 414 15 41
495 414 15 41
495 414 15 41
495 414 15 41
495 414 15 41
495 414 15 41
495 414 15 41
495 414 15 41
495 414 15 41
495 414 15 41
495 414 15 41
495 414 15 41
495 414 15 41
495 414 15 41
495 414 15 41
495 414 15 41
495 414 15 41
495 414 15 41
495 414 15 41
495 414 15 41
495 414 15 41
495 414 15 41
495 414 15 41
495 414 15 41
495 414 15 41
495 414 15 41
495 414 15 41
495 414 15 41
495 414 15 41
495 414 15 41
495 414 15 41
495 414 15 41
495 414 15 41
495 414 15 41
495 414 15 41
495 414 15 41
495 414 15 41
495 414 15 41
495 414 15 41
495 414 15 41
495 414 15 41
495 414 15 41
495 414 15 41
495 414 15 41
495 414 15 41
495 414 15 41
495 414 15 41
495 414 15 41
495 414 15 41
495 414 15 41
495 414 15 41
495 414 15 41
495 414 15 41
495 414 15 41
495 414 15 41
495 414 15 41
495 414 15 41
495 414 15 41
495 414 15 41
495 414 15 41
495 414 15 41
495 414 15 41
495 414 15 41
495 414 15 41
495 414 15 41
495 414 15 41
495 414 15 41
495 414 15 41
495 414 15 41
495 414 15 41
495 414 15 41
495 414 15 41
495 414 15 41
495 414 15 41
495 414 15 41
495 414 15 41
495 414 15 41
495 414 15 41
495 414 15 41
495 414 15 41
495 414 15 41
495 414 15 41
495 414 15 41
495 414 15 41
495 414 15 41
495 414 15 41
495 414 15 41
495 414 15 41
495 414 15 41
495 414 15 41
495 414 15 41
495 414 15 41
495 414 15 41
495 414 15 41
495 414 15 41
495 414 15 41
495 414 15 41
495 414 15 41
495 414 15 41
495 414 15 41
495 414 15 41
495 414 15 41
495 414 15 41
495 414 15 41
495 414 15 41
495 414 15 41
495 414 15 41
495 414 15 41
495 414 15 41
495 414 15 41
495 414 15 41
495 414 15 41
495 414 15 41
495 414 15 41
495 414 15 41
495 414 15 41
495 414 15 41
495 414 15 41
495 414 15 41
495 414 15 41
495 414 15 41
495 414 15 41
495 414 15 41
495 414 15 41
495 414 15 41
495 414 15 41
495 414 15 41
495 414 15 41
495 414 15 41
495 414 15 41
495 414 15 41
495 414 15 41
495 414 15 41
495 414 15 41
495 414 15 41
495 414 15 41
495 414 15 41
495 414 15 41
495 414 15 41
495 414 15 41
495 414 15 41
495 414 15 41
495 414 15 41
495 414 15 41
495 414 15 41
495 414 15 41
495 414 15 41
495 414 15 41
495 414 15 41
495 414 15 41
495 414 15 41
495 414 15 41
495 414 15 41
495 414 15 41
495 414 15 41
495 414 15 41
495 414 15 41
495 414 15 41
495 414 15 41
495 414 15 41
495 414 15 41
495 414 15 41
495 414 15 41
495 414 15 41
495 414 15 41
495 414 15 41
495 414 15 41
495 414 15 41
495 414 15 41
495 414 15 41
495 414 15 41
495 414 15 41
495 414 15 41
495 414 15 41
495 414 15 41
495 414 15 41
495 414 15 41
495 414 15 41
495 414 15 41
495 414 15 41
495 414 15 41
495 414 15 41
495 414 15 41
495 414 15 41
495 414 15 41
495 414 15 41
495 414 15 41
495 414 15 41
495 414 15 41
495 414 15 41
495 414 15 41
495 414 15 41
495 414 15 41
495 414 15 41
495 414 15 41
495 414 15 41
495 414 15 41
495 414 15 41
495 414 15 41
495 414 15 41
495 414 15 41
495 414 15 41
495 414 15 41
495 414 15 41
495 414 15 41
495 414 15 41
495 414 15 41
495 414 15 41
495 414 15 41
495 414 15 41
495 414 15 41
495 414 15 41
495 414 15 41
495 414 15 41
495 414 15 41
495 414 15 41
495 414 15 41
495 414 15 41
495 414 15 41
495 414 15 41
495 414 15 41
495 414 15 41
495 414 15 41
495 414 15 41
495 414 15 41
495 414 15 41
495 414 15 41
495 414 15 41
495 414 15 41
495 414 15 41
495 414 15 41
495 414 15 41
495 414 15 41
495 414 15 41
495 414 15 41
495 414 15 41
495 414 15 41
495 414 15 41
495 414 15 41
495 414 15 41
495 414 15 41
495 414 15 41
495 414 15 41
495 414 15 41
495 414 15 41
495 414 15 41
495 414 15 41
495 414 15 41
495 414 15 41
495 414 15 41
495 414 15 41
495 414 15 41
495 414 15 41
495 414 15 41
495 414 15 41
495 414 15 41
495 414 15 41
495 414 15 41
495 414 15 41
495 414 15 41
495 414 15 41
495 414 15 41
495 414 15 41
495 414 15 41
495 414 15 41
495 414 15 41
495 414 15 41
495 414 15 41
495 414 15 41
495 414 15 41
495 414 15 41
495 414 15 41
495 414 15 41
495 414 15 41
495 414 15 41
495 414 15 41
495 414 15 41
495 414 15 41
495 414 15 41
495 414 15 41
495 414 15 41
495 414 15 41
495 414 15 41
495 414 15 41
495 414 15 41
495 414 15 41
495 414 15 41
495 414 15 41
495 414 15 41
495 414 15 41
495 414 15 41
495 414 15 41
495 414 15 41
495 414 15 41
495 414 15 41
495 414 15 41
495 414 15 41
495 414 15 41
495 414 15 41
495 414 15 41
495 414 15 41
495 414 15 41
495 414 15 41
495 414 15 41
495 414 15 41
495 414 15 41
495 414 15 41
495 414 15 41
495 414 15 41
495 414 15 41
495 414 15 41
495 414 15 41
495 414 15 41
495 414 15 41
495 414 15 41
495 414 15 41
495 414 15 41
495 414 15 41
501 395 15 41
503 398 16 34
504 396 16 33
504 397 16 33
503 397 16 33
503 397 16 33
503 399 16 33
502 400 16 34
502 403 15 33
502 402 16 33
501 404 16 33
502 404 16 33
501 405 16 33
500 405 16 33
500 407 16 33
500 408 16 33
499 409 16 33
500 410 16 33
499 411 16 33
499 411 16 34
498 413 16 34
498 414 16 35
498 413 16 35
497 415 16 36
497 416 16 35
497 416 15 34
497 418 15 34
497 419 15 34
496 420 15 35
497 419 15 35
496 420 15 36
496 422 15 37
496 422 15 37
496 423 15 37
497 424 15 37
498 424 15 37
500 425 15 37
503 427 15 37
505 427 15 37
507 427 15 37
510 427 15 37
513 428 15 37
516 428 15 37
518 428 15 37
521 428 15 37
523 429 15 37
525 431 15 37
532 429 15 37
534 430 15 37
537 430 15 36
540 431 15 36
542 433 15 36
548 432 15 36
550 434 15 36
557 432 15 36
560 433 15 36
567 434 15 36
570 434 15 36
577 433 15 36
580 434 15 37
587 434 15 37
590 433 15 37
597 434 15 37
600 434 15 37
607 435 15 37
610 434 15 37
618 436 14 36
620 435 15 37
629 436 15 37
636 435 15 37
642 436 15 37
649 435 15 37
655 436 15 37
662 438 15 37
670 436 15 37
676 437 15 37
684 437 15 37
692 437 15 37
699 438 15 38
707 437 15 37
714 440 15 37
722 438 15 37
729 441 15 37
737 439 15 37
744 441 15 38
752 439 15 37
759 442 15 38
766 441 15 37
774 442 15 38
780 443 15 38
788 442 15 37
795 444 15 37
803 443 15 37
810 445 15 37
818 445 15 37
826 447 15 37
831 447 15 38
839 447 15 38
846 449 15 38
853 448 15 38
861 450 15 39
868 451 16 39
875 452 16 39
882 453 16 40
890 454 16 40
896 455 16 40
904 455 16 40
911 457 16 39
917 458 16 40
919 457 16 40
926 459 16 40
929 458 16 40
931 459 16 39
931 460 16 39
932 460 16 39
931 461 16 39
931 462 16 39
931 462 16 39
931 463 16 38
930 465 16 38
931 466 16 38
930 468 16 38
930 468 16 38
929 470 16 38
929 470 16 39
930 470 16 39
930 471 16 39
930 472 16 40
929 473 16 40
929 474 16 40
929 475 16 40
929 476 16 40
929 477 16 40
929 478 16 40
930 479 16 39
931 480 16 39
932 481 16 38
934 483 16 38
936 484 16 37
938 485 16 37
940 486 16 37
942 488 16 37
944 489 16 38
947 491 16 38
950 493 16 38
953 494 16 38
955 494 16 38
958 495 16 38
961 497 16 37
963 498 16 37
966 499 16 37
969 499 16 37
972 501 16 37
975 503 16 37
977 503 16 37
980 505 16 37
982 506 16 38
985 507 16 38
988 508 16 38
991 510 16 38
993 511 16 38
995 513 16 38
997 516 16 37
999 518 16 37
1000 519 16 37
1008 520 16 37
1010 523 16 38
1018 521 16 38
1021 525 16 38
1023 524 17 39
1025 524 17 39
1034 526 16 38
1036 528 17 39
1037 528 17 39
1048 529 17 39
1050 532 17 39
1059 534 16 38
1062 536 17 39
1071 537 16 38
1073 540 17 39
1082 539 16 38
1084 542 17 39
1093 544 16 38
1096 545 17 39
1105 547 16 38
1107 551 17 39
1109 550 17 39
1118 552 17 39
1120 553 17 40
1129 555 16 39
1130 556 17 40
1139 558 16 39
1140 561 17 40
1142 562 17 40
1144 563 17 40
1146 564 18 41
1149 561 18 41
1142 566 18 41
1145 567 18 41
1147 566 18 42
1150 567 18 42
1143 570 18 42
1146 572 18 42
1149 571 18 42
1143 575 18 42
1146 577 18 42
1149 575 18 42
1145 579 17 41
1147 579 18 42
1149 579 18 42
1152 579 18 42
