1757 909 86 133
1749 910 89 137
1741 907 91 140
1737 910 89 137
1734 918 87 134
1730 915 87 134
1724 915 87 134
1717 913 90 138
1712 908 90 137
1709 909 88 134
1704 906 88 134
1700 912 86 130
1695 921 86 129
1688 912 89 134
1680 918 91 136
1679 912 92 138
1671 921 92 139
1664 914 92 139
1653 920 94 141
1650 915 95 143
1644 918 92 138
1645 924 89 133
1637 921 91 135
1629 916 92 136
1626 922 90 134
1617 921 90 134
1613 927 89 132
1607 920 89 132
1604 930 86 127
1599 929 86 127
1592 929 89 132
1584 919 91 134
1582 925 88 129
1576 921 86 126
1571 923 84 124
1566 924 86 127
1560 920 89 131
1550 925 91 133
1544 917 94 138
1539 923 91 134
1531 926 92 135
1523 919 95 139
1514 925 93 137
1509 919 94 138
1506 929 90 133
1503 926 86 127
1499 924 84 124
1494 925 86 127
1484 924 89 132
1475 927 89 132
1469 923 88 130
1469 923 88 130
1469 923 88 130
1469 923 88 130
1449 920 86 132
1446 932 86 132
1441 923 84 129
1436 923 81 124
1428 928 80 122
1424 928 84 128
1416 925 85 129
1406 931 88 133
1402 920 86 131
1395 938 86 131
1390 930 87 132
1383 933 89 135
1377 926 91 139
1373 930 88 134
1370 931 85 130
1365 936 82 126
1360 928 85 130
1352 932 88 134
1352 928 85 129
1344 936 84 127
1340 936 84 127
1338 941 84 126
1331 946 84 127
1327 936 81 122
1322 945 84 126
1320 938 82 124
1315 929 81 123
1307 931 83 127
1301 927 84 129
1295 928 85 131
1285 929 87 135
1277 927 87 135
1271 932 88 137
1264 932 87 135
1255 932 87 135
1247 931 88 137
1240 927 86 135
1235 928 87 137
1228 922 85 133
1220 927 84 131
1213 925 85 133
1203 924 87 137
1196 923 86 136
1192 922 85 134
1183 931 87 137
1173 924 87 137
1165 931 90 141
1159 919 88 137
1153 927 91 142
1147 909 89 138
1133 923 87 135
1135 918 87 135
1123 918 88 137
1113 918 90 141
1107 917 88 139
1102 920 90 142
1097 916 89 141
1091 918 91 145
1088 912 91 145
1074 926 86 134
1081 923 86 134
1077 933 86 134
1068 924 82 128
1065 931 80 125
1056 930 80 125
1049 934 82 128
1043 927 82 128
1036 928 85 133
1030 917 88 137
1022 910 92 143
1020 896 94 146
1019 901 95 148
1008 903 93 145
1000 903 93 144
987 917 86 133
989 918 86 133
978 912 87 135
971 905 90 140
965 899 93 145
948 907 87 136
954 909 88 136
950 898 92 142
946 896 93 144
940 893 95 147
937 893 94 145
930 892 95 146
922 889 96 148
918 896 95 147
908 891 96 149
899 893 100 154
891 887 105 161
884 883 110 169
882 873 114 174
877 871 117 178
860 885 85 131
849 887 84 130
843 890 83 129
853 892 84 130
846 886 86 134
839 884 89 139
832 877 92 144
827 870 96 150
820 865 99 155
813 862 102 160
806 860 104 164
793 883 85 132
798 874 85 132
787 879 84 130
781 874 84 130
770 874 84 130
764 870 84 131
772 865 84 131
757 867 84 131
764 858 84 131
758 853 88 137
754 843 92 143
738 851 93 145
745 838 94 145
722 847 95 146
728 834 95 147
728 829 92 142
726 829 93 144
719 827 95 147
710 823 98 152
705 816 101 157
699 821 103 160
690 814 104 161
694 818 103 160
686 812 99 154
687 823 100 156
681 816 97 152
679 816 94 147
671 809 92 144
664 808 93 145
657 810 94 147
657 817 97 152
646 809 99 156
646 807 104 164
644 802 106 168
642 794 107 170
636 796 106 168
610 806 104 166
621 800 105 166
620 788 104 164
616 780 102 161
610 790 103 162
608 787 101 158
601 789 101 157
595 784 99 153
588 782 102 158
587 779 103 159
582 783 101 156
580 779 99 152
578 777 97 149
569 777 95 145
567 766 94 143
562 762 93 141
558 764 91 138
550 764 92 140
547 760 94 144
543 754 98 150
537 756 101 155
536 752 104 159
534 745 107 164
524 735 110 169
526 736 107 164
516 736 107 165
512 732 108 167
505 736 111 172
495 726 114 177
485 731 117 182
482 726 116 180
473 715 120 186
465 718 121 188
464 713 119 185
457 699 119 186
456 696 117 183
451 699 118 185
443 701 120 188
439 711 119 187
435 689 120 188
426 692 120 189
428 694 123 194
417 687 127 200
414 682 131 207
411 671 130 206
413 670 132 210
407 655 135 215
410 661 138 220
397 652 140 224
396 652 142 227
396 656 143 228
392 656 141 225
387 659 142 227
384 661 142 227
384 651 141 225
381 655 143 228
376 644 145 231
375 643 146 232
373 645 148 235
362 668 123 194
374 663 123 195
376 662 125 199
384 650 126 201
388 638 125 199
400 638 121 193
415 641 119 190
419 632 120 192
424 626 118 189
427 627 113 182
429 637 108 175
440 644 104 168
442 641 104 168
438 635 105 169
420 636 106 171
433 645 106 171
447 642 101 163
445 636 100 162
440 642 99 160
444 637 98 158
439 641 99 160
453 649 100 161
454 637 100 161
460 642 100 161
463 645 96 154
465 651 92 147
464 651 88 141
464 657 84 135
465 653 80 129
467 665 77 125
467 658 75 122
468 667 75 123
467 660 74 122
467 665 73 120
467 660 73 120
468 666 73 120
467 660 72 119
469 668 72 119
469 661 72 119
467 665 73 121
469 662 72 119
462 658 72 120
466 667 73 120
469 664 72 118
468 666 73 120
468 664 74 122
469 668 74 122
469 664 72 119
470 670 73 121
467 666 74 122
471 672 74 122
469 669 73 120
470 673 75 123
467 672 74 122
469 677 73 120
465 674 74 121
467 681 74 121
465 676 72 118
465 685 73 120
463 683 72 118
463 684 74 121
462 685 75 123
463 687 75 123
461 687 75 123
462 689 75 123
460 692 76 125
461 691 75 124
459 695 77 127
459 692 75 124
459 700 76 125
458 696 76 125
459 705 76 126
457 699 75 125
459 708 75 125
456 705 74 124
455 711 75 125
453 706 74 123
453 714 75 125
453 713 74 123
453 716 75 124
452 719 76 125
454 718 75 124
452 722 76 126
452 721 74 122
452 724 75 123
452 724 73 119
452 728 74 120
451 729 72 117
453 729 72 117
452 731 70 114
451 733 70 113
452 730 72 116
450 730 70 113
451 732 72 116
448 730 72 115
450 728 74 118
449 728 72 115
449 728 73 116
449 727 72 115
448 727 72 115
449 727 72 115
446 726 72 115
448 727 73 117
445 724 72 115
449 728 72 116
445 727 71 115
445 725 73 118
443 721 74 120
445 723 72 118
445 722 73 119
442 720 72 118
445 721 73 120
443 721 72 119
444 721 73 121
440 719 71 118
442 720 73 121
440 718 74 123
443 718 75 125
445 717 75 124
445 714 75 124
448 715 76 125
448 712 77 126
447 713 77 126
446 709 78 127
451 711 76 124
449 713 77 126
447 714 79 129
446 707 78 128
450 710 77 126
450 714 78 128
450 712 77 126
450 711 78 128
453 711 78 127
452 709 77 125
450 706 78 127
453 709 77 125
452 705 78 126
454 708 78 127
455 706 77 125
456 709 77 125
454 709 78 126
454 705 79 128
454 707 78 127
454 706 79 128
453 705 79 127
455 708 80 128
452 705 79 126
453 708 79 125
454 709 78 123
456 712 78 123
456 706 80 126
455 710 81 127
455 705 80 125
457 710 80 126
457 705 81 127
453 706 82 128
456 707 81 126
455 709 81 126
456 708 80 124
456 710 80 124
456 707 80 124
454 709 82 126
454 708 81 124
453 709 81 124
452 710 80 123
451 708 79 121
451 714 79 120
452 714 77 117
453 716 77 118
457 718 76 117
457 721 77 118
457 719 77 118
454 716 77 118
454 713 78 119
454 714 78 119
453 714 79 120
452 713 81 123
450 709 81 124
438 706 82 125
449 715 82 126
452 710 79 122
459 720 77 119
458 717 77 119
460 717 79 121
458 716 79 121
459 717 79 121
459 718 79 121
461 720 79 120
463 722 77 118
466 724 75 115
465 728 76 117
466 728 76 117
465 728 76 118
464 728 77 120
463 728 78 122
460 734 79 124
459 740 80 125
461 740 79 123
461 745 79 123
463 744 78 122
464 746 78 123
463 744 78 123
465 745 79 124
464 749 80 125
464 752 81 127
463 752 82 128
462 748 83 129
462 745 83 129
458 744 82 128
462 747 84 130
463 747 84 129
463 752 85 130
465 749 85 130
465 751 85 130
464 749 84 129
465 754 84 128
465 757 84 128
465 757 83 126
463 755 82 124
467 757 81 123
468 758 81 123
470 761 80 121
473 760 79 120
472 770 77 117
474 764 77 117
475 772 77 117
478 770 76 116
479 773 74 113
481 775 72 110
482 772 70 108
483 775 69 106
483 775 68 104
485 779 67 103
487 779 66 102
490 782 65 101
493 781 63 98
497 786 61 95
500 787 59 92
504 790 57 88
505 793 55 84
506 797 54 83
506 797 53 81
508 798 53 81
507 800 52 79
510 802 52 79
508 804 51 78
508 804 51 78
509 804 50 77
509 806 49 76
476 766 87 136
469 761 88 136
