473 291 38 90
475 289 38 90
477 289 38 89
479 287 38 88
482 286 37 87
484 284 37 87
486 282 37 87
487 281 37 88
488 279 38 90
490 277 38 90
492 277 38 91
494 276 38 91
496 274 38 91
497 273 38 91
499 272 38 90
501 274 37 88
502 272 37 88
503 272 37 87
504 271 36 86
506 268 37 87
507 269 36 85
509 268 35 83
509 266 36 85
510 265 36 85
511 265 35 83
512 265 34 81
513 263 34 82
515 265 34 81
516 262 33 80
517 262 33 80
519 261 32 79
521 260 32 78
522 260 32 77
524 260 31 75
524 257 32 76
526 258 31 73
527 257 31 72
528 257 30 70
529 256 30 71
531 255 30 71
532 254 30 72
532 253 31 74
532 253 31 74
533 254 31 73
534 251 32 74
536 251 31 72
536 249 31 73
538 250 31 72
539 249 31 72
540 248 31 72
541 247 31 73
542 245 32 75
544 246 31 73
544 244 32 75
546 243 32 74
546 242 33 75
547 241 33 75
548 241 33 74
549 242 33 73
550 240 34 75
552 240 33 73
553 241 32 70
555 239 32 71
556 241 31 69
556 240 31 70
558 239 31 70
559 240 30 68
561 239 29 66
562 240 28 64
564 238 28 64
564 239 27 62
565 238 27 62
565 238 27 62
565 237 27 62
566 237 27 62
566 236 28 63
567 236 28 63
567 236 28 63
568 236 28 63
568 236 28 62
568 235 28 62
568 234 28 62
569 236 27 61
570 234 28 62
571 236 27 60
571 235 27 60
572 235 27 60
573 236 26 59
573 235 27 60
573 237 27 60
573 237 27 60
574 238 27 59
574 235 28 61
575 237 27 59
575 237 27 58
575 236 27 58
575 235 27 59
576 236 27 58
577 236 26 57
578 234 26 57
578 236 25 55
579 234 25 54
580 235 24 52
581 235 23 51
582 234 23 51
583 235 23 51
583 237 23 51
583 236 23 52
583 237 23 52
583 237 23 52
583 238 23 52
583 238 23 52
582 236 22 51
582 238 23 52
581 239 22 51
581 238 22 51
580 239 22 50
579 238 21 49
579 238 21 48
579 239 20 46
580 239 19 44
581 240 18 42
582 240 17 40
582 240 17 40
583 241 17 40
583 241 17 41
586 239 16 40
586 243 17 41
585 242 18 43
586 242 18 43
587 243 18 43
587 243 18 44
588 244 19 46
588 245 19 46
588 244 20 48
589 245 21 50
589 245 22 52
590 245 23 54
590 247 24 57
590 246 25 60
590 247 26 61
591 247 26 62
592 248 26 62
593 249 26 62
594 250 26 61
595 250 25 60
595 251 24 58
596 249 24 59
597 251 24 59
597 251 24 60
598 252 25 61
599 254 25 60
600 254 24 59
600 253 24 59
601 255 24 59
602 254 24 59
603 256 24 58
603 255 24 58
604 257 24 57
604 255 24 57
605 257 24 57
606 257 24 57
606 258 24 57
607 259 24 56
608 258 24 56
608 260 23 55
608 258 23 55
608 260 23 56
608 257 24 58
609 259 25 60
609 260 25 61
609 258 26 63
609 260 27 64
609 262 27 65
609 263 27 66
609 263 28 68
610 264 28 69
610 264 29 71
609 265 29 71
609 263 29 72
609 265 29 72
609 264 29 72
609 266 29 72
609 264 29 73
609 264 29 73
610 264 29 72
610 266 29 73
609 264 29 74
610 265 29 74
610 266 29 74
610 266 29 73
610 266 29 73
610 265 29 73
611 265 29 72
611 267 29 71
611 266 29 71
611 266 29 70
612 266 29 70
612 268 29 69
611 267 29 70
612 266 29 71
612 266 29 71
612 266 30 72
612 266 30 71
612 265 30 71
613 264 30 70
613 265 30 69
614 264 29 68
614 264 29 68
614 262 29 68
615 264 29 67
614 263 29 66
615 261 29 66
615 263 28 64
616 260 28 65
616 263 27 63
615 262 28 65
616 262 28 65
616 262 28 65
616 262 28 66
616 262 28 67
617 262 28 67
617 262 28 66
617 263 28 65
617 262 28 65
618 262 28 64
618 262 28 63
618 261 28 64
618 262 28 63
619 260 28 63
619 260 28 62
620 259 27 60
620 258 27 59
621 257 26 58
621 257 26 59
622 257 26 58
622 257 26 58
622 256 26 58
622 256 26 58
623 256 26 58
623 255 26 58
623 255 27 59
623 255 27 58
623 255 27 58
623 254 27 58
623 253 28 59
623 253 28 58
624 253 28 58
624 253 28 58
624 252 28 59
624 252 28 59
624 252 28 59
624 252 28 59
625 252 28 59
625 252 28 58
625 252 28 57
625 252 28 57
625 252 28 57
625 252 28 57
625 252 28 56
625 252 28 56
624 251 28 55
626 251 23 54
626 250 24 56
625 248 25 59
624 250 26 60
624 251 27 61
623 251 27 61
622 251 27 62
622 251 28 64
622 253 28 64
621 253 29 65
619 254 30 66
618 252 31 68
618 252 31 67
617 253 31 66
617 253 30 65
617 253 30 64
617 254 29 62
616 253 29 63
616 250 30 65
616 251 29 63
615 250 30 64
615 249 31 65
614 250 31 65
613 250 32 66
612 249 33 69
611 249 33 69
611 248 33 69
611 248 33 69
611 249 33 68
610 249 33 69
610 250 33 69
609 251 33 68
609 252 33 67
608 252 33 67
607 254 32 66
608 252 33 68
607 253 33 68
607 253 33 68
607 253 32 67
607 250 33 69
606 250 33 70
606 249 34 71
606 249 34 71
606 249 34 71
605 248 34 72
605 249 34 73
605 250 34 72
605 251 33 70
605 251 33 70
604 251 34 72
604 251 34 72
603 251 34 72
603 251 35 73
603 253 33 70
603 254 33 69
602 254 33 68
601 254 33 69
601 254 33 69
600 255 32 68
600 254 33 69
598 254 33 70
598 256 33 70
597 257 33 71
596 258 33 72
596 260 32 70
595 262 31 68
594 262 31 69
593 261 31 70
593 262 31 69
593 261 32 71
593 261 33 72
593 263 33 72
593 262 33 72
592 260 34 74
591 259 35 76
590 259 35 76
590 260 34 74
590 259 34 73
589 261 33 71
588 261 34 72
589 261 33 70
587 262 34 71
587 262 34 70
588 263 33 68
586 266 33 68
586 266 33 68
585 266 33 67
585 268 33 66
584 271 33 65
585 269 27 65
585 269 28 67
584 272 29 69
582 274 30 70
580 275 31 72
577 276 32 75
576 277 33 78
575 279 34 81
575 274 35 84
575 278 34 82
576 274 35 84
576 277 34 81
578 276 34 80
578 277 33 78
579 277 32 77
580 275 32 77
580 276 32 77
580 275 32 78
581 276 32 78
583 276 32 78
585 276 32 78
589 279 32 77
593 278 32 78
598 281 32 78
604 282 32 78
609 282 32 78
614 282 32 78
619 282 32 77
623 282 32 78
627 283 33 80
632 284 33 80
635 284 34 82
639 285 35 84
640 286 36 87
642 284 37 88
643 285 36 86
645 285 35 83
645 283 35 83
645 286 34 80
645 289 34 79
642 285 35 82
640 289 35 82
636 286 36 84
633 288 36 84
628 288 37 87
622 287 38 90
618 290 38 90
614 291 37 89
608 289 38 91
603 290 38 90
598 290 38 91
591 288 39 93
584 288 39 93
577 287 39 93
572 288 39 92
565 286 40 94
559 286 40 94
553 284 41 95
546 283 41 95
539 284 40 93
533 282 39 90
525 284 37 86
519 285 35 82
513 285 34 80
508 284 33 79
502 284 33 79
497 283 34 80
492 283 34 81
489 280 34 82
486 280 34 82
483 277 34 83
481 278 34 84
480 280 35 86
479 283 36 88
478 279 37 91
478 275 38 94
479 275 38 95
480 272 38 94
481 273 38 95
481 272 37 94
481 272 38 96
482 269 38 95
483 271 38 95
482 269 38 95
481 269 38 96
480 265 39 98
477 263 40 100
475 263 40 100
471 263 40 99
467 262 40 99
460 259 41 100
452 257 42 102
440 255 41 101
432 255 42 102
416 256 42 102
409 255 42 102
400 255 43 104
391 254 43 104
375 255 43 104
368 256 43 104
361 257 42 101
355 257 42 101
348 255 42 101
341 257 42 101
335 256 42 102
329 256 42 101
323 255 42 101
317 254 42 101
313 255 41 99
308 253 42 101
304 255 41 98
301 258 40 95
299 254 41 97
298 253 41 96
300 253 40 94
303 251 40 93
307 251 40 93
312 247 40 93
317 247 40 94
322 245 39 93
327 243 39 93
331 242 39 92
335 241 39 93
340 238 39 93
346 235 39 94
351 234 39 95
357 232 39 95
363 231 39 95
369 229 39 95
374 227 39 94
379 227 39 94
390 225 39 95
393 221 40 95
398 221 40 95
403 220 39 93
408 220 39 93
413 218 39 93
419 217 39 93
424 216 38 92
430 216 38 93
435 215 37 91
440 214 36 89
445 213 36 89
450 212 36 89
455 211 36 88
459 211 36 87
464 210 36 86
468 210 35 84
472 211 34 83
476 209 33 82
480 210 33 82
484 207 33 81
487 206 33 81
491 204 33 81
494 204 33 81
497 202 33 80
502 205 32 78
505 205 31 77
509 204 31 77
512 203 31 77
516 202 31 77
520 202 31 76
524 201 31 75
528 201 31 75
532 200 30 74
536 200 30 74
541 199 30 73
545 199 30 72
549 198 30 71
552 194 30 71
555 197 30 71
559 194 30 72
563 192 30 73
564 191 30 74
566 189 30 75
568 189 30 74
571 191 29 72
573 191 28 69
574 192 27 66
572 194 26 64
572 195 25 63
569 195 25 62
566 195 25 63
563 194 25 63
559 192 25 64
555 189 26 66
547 183 26 66
543 185 26 66
532 185 26 67
529 185 26 67
525 184 26 68
520 183 27 69
515 183 28 71
510 183 29 73
505 182 29 74
493 182 29 75
492 181 30 75
489 181 30 74
485 181 31 76
480 178 32 78
477 178 33 80
475 176 33 81
472 175 33 80
470 178 32 78
471 178 31 75
471 179 30 74
472 180 29 72
472 182 28 71
473 181 28 71
473 182 27 68
472 184 26 65
473 184 25 63
473 187 24 61
474 187 24 60
473 189 24 60
474 187 24 59
474 189 24 58
474 190 24 57
475 188 24 56
475 190 23 55
475 189 23 56
475 188 23 56
475 188 23 55
476 190 23 55
475 185 23 54
474 185 22 52
473 183 21 51
472 182 20 50
471 181 20 49
468 181 20 48
466 182 20 47
464 182 19 46
462 181 19 45
460 181 19 44
458 180 19 44
456 181 19 43
454 182 19 42
452 181 19 42
450 180 19 42
448 179 19 42
446 178 19 42
439 186 19 42
439 186 19 42
438 189 19 43
430 187 19 43
430 187 19 44
429 187 20 46
428 188 21 48
425 190 21 48
422 191 22 50
419 189 23 52
415 189 24 53
411 189 25 55
408 189 26 57
402 183 26 57
398 186 26 57
394 185 26 57
392 188 26 58
386 185 26 58
386 185 26 58
386 185 26 58
386 185 26 58
386 185 26 58
386 185 26 58
404 227 26 58
402 234 26 58
389 219 26 59
382 221 26 60
382 232 27 60
369 224 26 59
367 235 27 60
355 220 26 59
354 231 27 59
339 229 27 59
340 238 27 59
323 226 27 59
312 227 27 60
311 229 28 61
296 226 28 61
287 228 28 61
277 229 28 63
265 228 29 64
263 235 30 64
244 226 30 64
244 234 30 64
223 228 29 63
210 228 30 64
210 237 30 65
