706 278 37 72
701 271 36 71
697 262 36 71
693 255 36 70
687 249 37 71
683 242 37 71
679 237 37 71
676 235 36 69
673 232 35 68
669 230 34 67
667 226 35 68
664 226 35 68
661 225 35 68
659 226 35 68
657 227 35 68
656 230 35 68
655 233 35 67
653 236 36 68
652 241 37 70
652 246 36 68
651 251 35 67
650 253 35 67
650 257 35 67
650 261 35 68
650 265 34 66
649 269 34 66
648 271 35 68
648 275 35 68
648 277 35 67
648 280 34 65
648 282 35 66
647 286 34 64
647 288 34 65
648 289 34 65
648 292 33 63
647 294 34 64
648 295 34 64
648 299 33 63
648 297 34 64
648 301 34 63
648 304 33 61
648 306 33 61
648 307 33 60
647 311 34 61
648 313 33 60
647 314 34 62
648 316 33 61
648 316 34 62
648 319 34 62
648 321 33 61
648 322 32 60
647 322 33 62
647 323 33 63
647 324 32 62
647 326 32 62
647 326 32 62
647 328 32 62
647 329 32 61
647 330 32 61
647 331 32 61
647 330 32 61
647 332 32 61
647 333 32 61
647 333 32 61
647 335 31 59
646 334 32 61
646 336 32 61
646 335 32 62
646 336 32 63
646 335 32 63
646 337 32 62
646 337 32 61
646 339 32 60
646 339 32 61
647 339 32 61
647 339 31 59
647 340 31 59
647 340 31 59
647 341 31 59
647 340 31 59
647 341 31 58
647 342 31 58
647 342 31 58
647 342 31 58
647 342 31 58
647 342 31 58
647 341 31 58
646 340 32 59
646 340 33 61
647 341 31 58
647 342 32 60
647 341 31 59
647 339 32 60
647 341 32 60
647 340 32 59
647 340 32 59
647 339 32 59
648 341 32 59
648 339 32 59
649 340 31 58
648 339 31 58
648 341 31 57
648 339 31 57
648 341 31 57
648 339 31 57
648 341 31 57
649 339 31 57
649 340 30 56
649 340 30 57
649 338 31 59
649 338 30 57
649 340 30 57
649 338 30 57
649 340 30 58
650 339 30 57
650 340 29 55
650 341 30 56
650 342 29 55
650 340 30 57
650 339 30 56
650 341 30 55
651 341 29 54
651 341 29 54
651 341 29 54
651 341 29 54
651 340 29 54
651 340 29 53
651 341 29 53
651 340 29 53
650 340 29 53
650 339 29 53
650 339 29 54
651 340 29 53
650 339 30 54
650 341 29 53
650 339 29 53
650 339 29 53
650 340 29 53
649 338 30 54
649 340 29 53
649 337 30 54
649 340 30 54
649 339 29 53
649 339 29 54
650 340 29 54
649 339 29 54
649 340 29 55
649 338 29 55
649 340 29 54
649 340 29 53
649 339 29 53
648 340 29 53
649 340 29 54
649 341 29 53
649 340 29 53
649 341 29 53
649 341 29 53
649 341 29 53
649 341 29 53
649 342 29 53
649 340 30 55
650 341 29 54
650 342 29 54
649 342 29 55
649 339 30 57
650 341 30 56
650 344 29 54
650 343 29 55
650 342 29 56
650 343 30 57
650 342 30 58
650 344 30 58
650 343 30 57
650 341 30 58
651 344 29 56
650 342 29 57
651 342 29 57
651 343 29 56
651 344 29 56
651 343 29 56
651 342 30 57
651 343 29 55
651 343 29 55
651 344 29 55
651 342 30 56
652 345 29 54
651 344 29 55
651 344 29 55
652 345 29 55
652 344 29 55
652 346 28 53
653 345 28 53
653 344 29 55
653 346 28 53
653 344 29 55
653 346 28 54
654 344 29 56
653 347 28 54
654 343 29 56
654 346 28 54
654 344 29 56
654 346 28 54
655 343 29 57
655 346 28 55
655 343 29 57
655 344 28 56
655 343 28 56
656 344 29 57
654 344 28 56
655 342 29 57
655 345 28 56
655 342 29 58
655 345 28 56
655 342 29 58
654 345 28 56
655 343 28 57
655 343 28 57
655 343 28 56
655 345 28 55
655 344 28 55
655 345 28 54
655 346 28 54
654 345 29 56
653 348 28 55
653 345 29 57
653 345 29 57
653 346 28 56
653 345 28 57
653 345 28 56
654 348 27 55
653 344 28 57
653 345 28 58
653 345 28 57
653 345 28 56
654 347 28 56
654 346 28 55
654 348 27 53
654 347 28 54
654 348 28 53
654 347 28 53
654 349 28 53
654 347 29 54
654 349 28 52
654 348 29 54
654 349 29 54
653 347 30 56
654 348 29 54
654 349 29 54
653 348 30 55
653 348 30 54
654 349 30 53
654 349 30 53
654 350 29 52
653 350 29 52
653 349 29 52
653 351 28 51
654 348 29 53
653 351 28 51
654 350 29 52
653 352 28 50
653 350 29 52
653 353 28 50
653 350 29 52
653 352 28 51
653 349 29 53
653 351 28 52
654 351 28 52
654 351 28 52
654 351 28 52
654 351 28 52
654 352 28 52
654 350 29 53
654 351 29 53
653 350 29 54
653 350 29 55
654 349 29 55
654 349 29 56
654 349 29 56
654 349 29 57
654 348 29 57
654 349 29 57
654 348 29 57
654 349 29 56
654 349 29 56
654 350 29 56
654 350 29 55
654 350 28 54
655 350 28 54
655 351 27 53
655 349 28 54
655 351 28 54
655 350 28 53
655 350 28 53
655 352 27 52
654 351 27 52
654 351 27 51
654 352 27 50
654 353 27 49
654 352 28 50
654 355 27 49
653 352 28 50
654 353 28 49
654 353 28 49
654 353 28 49
654 354 27 48
653 354 27 49
653 352 28 50
654 353 27 49
653 353 27 49
653 355 26 48
654 352 27 50
654 354 26 49
654 352 27 51
654 353 27 51
654 353 27 51
654 353 27 51
654 352 27 51
654 352 27 51
654 352 27 50
654 353 27 49
654 354 27 49
654 354 27 49
654 353 28 50
655 354 27 49
655 354 27 50
655 353 27 51
655 352 27 51
656 353 27 51
656 351 28 52
656 353 28 51
656 353 28 51
656 353 28 51
656 353 28 51
656 353 28 51
656 353 28 50
656 353 28 49
656 354 28 48
656 354 28 48
656 354 28 49
656 353 28 50
656 353 28 50
656 353 28 51
656 352 28 51
656 354 28 50
656 355 27 49
656 355 27 49
656 356 27 49
655 355 28 50
655 356 28 49
655 355 28 50
655 355 28 49
655 355 28 48
655 357 27 47
655 355 28 49
655 356 27 48
655 355 28 49
655 356 27 48
655 354 28 50
655 356 27 49
655 354 28 51
655 354 27 50
656 354 27 50
655 356 27 49
655 353 28 51
655 355 27 50
655 354 27 51
655 354 27 51
655 353 27 52
656 354 27 51
656 354 27 51
655 354 27 51
655 353 27 51
655 353 27 51
655 352 27 51
655 353 27 51
655 352 27 52
655 352 27 52
656 352 27 51
655 353 27 51
655 353 27 51
655 352 27 51
655 352 27 51
655 352 27 51
655 352 27 51
655 352 27 51
655 352 27 51
655 352 27 51
655 352 27 51
655 351 27 51
654 352 27 51
655 351 27 51
654 352 27 52
654 351 27 52
654 352 27 52
654 353 26 51
654 351 27 52
654 353 26 51
654 351 27 52
653 351 27 53
653 352 26 52
654 352 26 52
654 353 26 53
654 352 26 54
654 353 26 54
654 352 26 54
653 353 26 54
653 352 26 55
654 351 26 55
653 352 26 55
654 351 26 55
654 353 26 54
654 352 26 55
654 351 26 55
654 352 26 55
654 352 26 55
654 352 26 55
654 352 26 55
654 351 26 55
654 352 26 55
654 352 26 55
654 352 26 55
654 351 26 56
654 351 26 57
654 351 26 57
654 351 26 57
654 351 26 57
654 351 26 58
654 351 26 58
654 352 26 57
654 351 26 56
654 353 26 55
654 351 26 55
655 352 26 55
654 353 26 55
655 351 26 56
655 351 26 57
655 351 26 57
655 351 26 57
655 351 26 56
655 351 26 57
655 351 26 57
655 351 26 57
655 350 26 58
655 350 26 58
656 350 26 58
656 351 26 57
656 350 26 57
656 350 26 58
656 350 26 58
656 350 26 58
656 351 26 57
656 351 26 57
655 350 26 58
655 349 26 58
656 351 25 57
656 349 25 58
656 351 25 58
656 350 25 58
655 349 25 58
655 348 25 58
656 348 25 58
655 349 25 59
656 352 25 49
655 352 26 51
655 351 27 52
654 352 27 52
654 353 26 51
655 353 26 51
655 352 26 51
655 352 26 52
655 352 26 53
655 351 26 54
655 350 26 54
655 351 26 55
655 350 26 55
656 350 26 55
656 350 26 55
656 350 26 54
656 352 26 54
656 350 26 54
656 352 26 54
656 350 26 53
656 351 26 53
656 351 26 53
656 350 26 54
656 351 26 55
656 350 26 55
656 349 26 56
656 352 26 56
656 350 26 57
656 350 26 57
656 350 26 57
656 350 26 57
656 349 26 57
656 350 26 58
656 350 26 57
656 350 26 57
656 349 26 57
656 350 26 57
656 350 26 56
656 351 26 56
656 351 26 55
656 351 26 54
656 352 26 54
656 352 26 54
656 352 26 54
656 350 26 55
656 350 26 55
657 351 25 53
656 352 26 55
656 351 25 54
656 351 25 55
657 350 25 55
656 351 26 56
656 350 26 56
657 350 26 55
657 350 26 54
656 351 26 55
657 350 26 55
656 351 26 55
656 351 26 55
657 351 26 54
656 353 26 54
657 352 25 53
656 351 26 55
656 352 26 55
656 351 25 54
656 352 25 55
656 350 25 55
657 351 24 54
656 351 25 56
657 351 25 55
656 353 25 55
656 351 25 55
656 351 25 55
656 351 25 55
657 352 24 53
657 352 24 54
657 352 24 54
657 352 24 55
657 351 24 55
657 351 24 54
657 352 24 55
658 352 24 56
657 351 25 58
657 352 25 58
657 352 25 57
657 352 25 58
657 351 25 59
657 356 25 49
657 357 25 49
657 356 25 50
658 355 26 51
658 356 26 52
658 356 27 53
657 355 27 54
658 355 27 54
658 355 27 55
658 355 26 54
659 355 27 56
659 355 27 56
659 354 27 56
659 354 27 55
659 355 26 53
660 356 26 53
660 356 26 53
661 356 26 53
661 356 26 53
661 357 25 52
661 357 25 53
661 355 26 54
661 355 26 55
662 355 26 54
662 355 26 55
662 356 25 53
662 355 25 53
661 355 26 54
662 355 26 54
662 354 26 55
662 354 26 55
662 354 26 54
662 355 25 53
662 355 25 53
662 355 25 54
662 355 25 55
662 354 25 56
662 354 25 57
662 353 25 58
662 353 25 58
662 352 25 58
662 351 25 58
662 351 25 59
662 355 25 49
662 355 26 50
662 356 26 51
662 356 26 51
662 356 26 51
662 356 26 51
662 356 26 51
662 357 25 50
662 357 25 49
662 358 25 49
661 356 25 49
662 356 26 50
662 356 26 50
661 356 26 50
661 356 26 50
661 357 26 50
661 358 26 49
661 356 26 49
661 357 25 48
661 357 25 48
660 356 26 49
660 357 26 49
660 356 26 49
660 356 26 49
660 356 26 49
660 356 26 49
660 355 26 49
659 355 26 49
659 356 26 48
659 357 26 48
659 356 27 49
659 355 26 48
659 357 26 48
659 355 27 50
659 356 26 48
659 357 26 47
659 356 26 47
659 356 26 47
659 357 26 47
659 356 26 47
659 356 26 48
659 356 26 48
659 356 26 48
659 356 27 49
659 356 26 48
659 356 26 49
659 355 26 49
660 356 26 49
660 356 26 49
660 355 26 50
660 356 25 49
660 355 25 50
660 354 25 50
660 356 25 50
660 355 25 51
660 354 25 51
661 355 25 50
660 355 25 51
660 353 26 52
660 355 26 51
660 354 26 51
660 354 26 51
660 354 26 51
660 355 26 51
659 354 27 52
659 354 26 51
659 356 26 51
658 353 27 52
658 354 27 52
657 353 27 53
658 354 27 53
657 352 27 54
657 355 27 54
657 353 27 55
657 352 26 54
657 355 26 55
657 353 26 55
657 352 26 55
657 352 26 56
657 352 26 56
657 351 26 56
657 351 26 57
657 348 27 59
657 349 27 58
657 350 26 57
657 349 26 58
657 349 26 59
657 348 26 60
657 348 27 61
656 350 27 61
655 352 26 59
656 351 25 58
656 350 25 59
656 354 25 49
656 355 26 50
656 354 27 52
655 353 27 53
654 352 27 54
654 354 27 54
654 353 28 55
654 352 28 55
654 352 28 55
654 352 28 55
654 353 28 55
654 352 28 55
655 354 28 54
654 353 28 53
655 354 28 52
655 355 28 51
654 353 28 52
655 355 28 51
655 354 29 52
655 356 28 51
655 355 28 51
656 355 28 50
656 356 28 49
656 357 28 49
656 356 28 50
656 356 28 50
656 356 28 50
656 356 28 50
656 357 28 49
655 357 28 48
655 359 28 48
655 358 28 49
655 357 28 50
655 356 28 51
655 356 28 51
655 356 28 50
655 358 28 50
654 357 28 51
654 356 29 52
653 357 28 51
654 358 28 51
654 356 29 52
653 357 28 51
654 358 28 50
654 358 28 51
654 357 28 51
654 358 28 51
654 357 28 50
654 358 27 49
654 358 27 50
654 357 27 50
654 359 27 50
654 357 28 51
655 357 27 50
655 358 27 49
655 358 27 49
655 357 27 49
655 359 27 48
655 359 27 48
656 359 27 48
656 358 28 49
656 358 27 48
656 359 27 47
656 358 28 48
656 359 27 47
656 358 27 48
656 359 26 47
656 358 27 49
656 357 26 48
656 359 26 48
657 358 26 49
657 357 26 49
657 359 26 48
656 358 27 49
655 358 27 49
655 359 27 50
654 357 28 51
655 359 28 51
655 357 28 50
655 357 27 48
655 358 27 47
655 358 27 47
655 357 27 47
655 357 27 46
655 358 27 46
655 359 27 46
655 358 27 47
655 357 27 47
656 357 27 46
656 358 26 44
656 359 26 45
656 357 27 46
656 357 26 44
657 358 26 44
657 357 26 44
657 357 25 43
657 357 24 42
658 357 25 43
657 356 25 44
657 355 25 43
657 356 24 42
658 356 24 43
658 356 24 43
658 356 24 43
658 356 24 43
658 356 24 43
658 356 24 43
658 356 24 43
658 355 24 43
658 356 24 43
658 356 24 43
658 355 24 43
658 355 24 43
658 355 24 43
658 355 24 42
658 354 25 43
657 353 25 44
657 354 25 44
657 355 25 43
658 356 25 42
657 356 25 42
658 357 25 42
657 357 25 43
657 356 25 43
658 357 25 43
656 356 26 44
657 358 26 43
657 355 26 44
657 356 26 43
657 356 26 42
656 358 26 42
659 357 22 42
658 357 23 44
657 355 24 45
657 355 24 45
658 355 24 45
657 354 24 46
657 354 24 47
657 353 24 48
657 352 24 49
657 352 24 49
657 350 24 50
657 353 24 50
657 351 24 51
657 351 24 51
657 351 24 51
657 351 24 52
657 352 24 53
657 350 24 54
657 350 24 55
657 348 24 56
657 349 24 56
657 349 24 56
657 350 24 56
656 350 24 57
657 354 24 46
657 356 24 46
656 356 25 47
655 355 26 48
656 355 27 49
655 356 26 47
656 357 26 48
657 356 26 48
656 355 26 49
657 354 27 50
656 355 26 49
657 355 26 49
657 355 26 49
657 354 26 49
657 355 26 49
657 354 26 49
657 355 26 49
657 355 26 49
657 354 26 50
657 355 26 50
657 355 26 50
657 354 26 50
657 354 26 50
657 355 26 50
656 354 26 50
656 354 26 50
656 355 26 49
655 354 26 49
656 354 26 50
656 354 26 49
656 353 26 49
656 355 26 49
655 354 26 49
656 355 26 49
655 355 26 48
655 356 26 48
656 356 26 49
656 355 25 48
655 355 25 48
656 355 26 50
656 353 26 51
656 351 26 51
656 354 26 50
656 353 26 51
656 351 26 52
656 352 26 51
656 351 26 52
657 352 26 51
657 353 26 51
657 352 26 51
657 351 26 51
657 352 26 50
657 352 26 49
657 352 26 48
657 353 26 47
657 353 25 46
657 355 25 45
656 354 26 46
656 354 26 47
656 354 26 47
656 355 26 47
656 356 26 47
656 356 26 47
655 355 27 48
655 354 27 48
655 354 26 47
656 354 26 47
656 354 26 47
656 354 26 47
656 353 26 47
656 353 26 47
656 353 26 46
656 356 26 47
655 354 27 48
656 356 26 47
656 357 27 49
656 356 27 49
656 356 27 49
657 355 27 50
656 354 27 50
656 354 27 49
656 354 26 48
657 355 27 50
656 354 27 50
656 354 27 49
656 354 27 49
656 354 26 48
656 355 26 49
657 355 26 49
657 354 26 50
657 354 26 50
656 353 26 51
656 352 26 51
657 353 26 51
656 352 26 51
656 353 26 50
656 353 26 50
656 354 26 50
656 353 26 50
656 353 26 50
656 353 26 50
656 354 25 49
656 353 25 49
656 353 25 49
656 353 25 49
656 352 25 49
656 354 25 49
656 353 26 50
657 354 26 50
656 354 26 50
656 353 27 52
656 354 26 51
657 352 27 52
656 353 26 51
657 351 26 52
657 352 26 52
657 352 26 52
657 352 26 52
657 352 26 52
657 353 26 51
657 352 26 51
657 353 26 51
657 353 26 50
657 354 26 49
657 353 26 49
657 355 25 48
656 354 25 49
656 353 26 50
656 353 26 50
656 354 26 49
656 356 26 48
656 356 26 48
656 356 26 48
656 356 26 48
656 355 26 48
656 356 26 48
656 356 26 48
656 356 26 48
656 355 26 49
656 354 26 49
656 356 26 48
656 356 26 49
656 356 26 49
656 355 26 50
656 354 27 52
656 354 26 51
657 353 27 52
656 354 26 51
657 354 26 52
657 353 26 52
657 353 26 52
657 354 26 52
657 352 26 52
657 353 26 52
657 353 26 52
657 353 26 52
657 352 26 52
657 355 26 51
656 355 26 51
657 355 26 51
656 355 26 51
656 355 26 50
656 356 26 50
656 357 26 50
656 356 26 50
656 356 26 50
656 356 26 50
655 356 26 50
656 356 26 50
655 358 26 50
656 358 26 49
655 357 26 50
656 357 26 49
655 357 26 50
655 357 26 49
656 358 25 48
655 359 26 49
656 358 26 49
656 358 25 48
655 357 26 49
656 358 26 48
656 359 26 47
656 359 26 46
656 361 26 45
656 358 27 46
655 362 26 44
656 358 27 46
655 361 26 44
656 359 27 45
655 361 26 44
656 358 27 46
655 361 26 45
655 357 27 46
655 359 26 45
655 359 26 46
655 360 27 47
655 360 26 46
655 359 26 46
655 359 26 46
655 361 26 46
655 359 26 46
655 359 26 46
655 358 26 46
655 359 26 46
655 358 26 46
655 358 26 46
655 357 26 46
655 358 25 45
655 358 25 45
655 359 25 45
655 360 26 46
655 360 27 48
655 360 27 48
655 359 27 49
655 359 27 49
655 359 27 50
654 359 27 51
655 361 27 50
655 360 27 50
655 361 27 50
654 360 28 52
656 361 27 50
655 359 27 49
655 362 27 49
655 360 28 51
655 359 28 50
655 362 27 49
654 360 28 51
655 361 28 50
655 361 27 49
655 360 27 49
655 360 27 49
655 361 27 49
655 358 28 50
655 361 27 49
655 358 28 51
655 360 27 50
655 358 27 50
655 359 27 49
655 359 27 50
655 357 28 51
656 359 28 50
656 357 28 51
656 358 27 50
655 357 27 51
656 356 27 51
656 356 27 50
657 356 27 50
657 357 26 49
658 354 27 51
659 353 27 51
658 353 26 49
659 354 26 50
659 353 26 50
660 352 26 50
660 352 26 49
660 353 26 49
661 351 26 49
661 350 25 48
662 353 25 47
661 351 25 48
662 351 25 47
662 350 25 47
662 349 25 48
662 348 25 48
662 346 26 49
662 344 26 48
662 347 26 47
662 346 26 46
662 349 25 45
662 348 25 46
662 347 25 46
662 348 25 45
662 347 25 45
662 349 24 44
663 348 24 44
663 349 24 44
662 349 25 45
662 348 25 45
661 347 25 45
662 347 25 45
662 347 24 44
662 349 24 44
662 347 25 46
661 347 25 46
661 346 25 46
661 350 25 46
660 347 26 47
660 346 27 48
659 348 26 47
659 346 27 48
658 345 26 47
659 345 26 47
658 343 26 47
658 345 27 48
657 344 26 47
658 346 26 48
658 347 26 48
658 346 26 48
658 346 26 47
657 345 26 46
657 348 27 47
656 349 26 46
657 349 26 46
657 350 26 46
656 351 26 46
657 351 27 47
655 351 26 46
656 349 27 48
655 350 27 47
654 349 27 47
654 348 27 48
654 347 27 48
654 347 27 48
654 347 27 48
654 347 27 48
653 349 27 48
653 350 27 47
653 352 26 46
654 353 26 46
654 353 25 45
654 354 24 44
655 355 24 45
654 353 24 44
654 355 25 45
654 353 25 45
654 354 24 44
654 353 25 46
653 353 25 45
654 353 25 46
653 353 25 46
653 352 26 47
652 352 26 46
652 354 26 47
652 353 26 48
652 354 26 49
