635 383 72 52
634 383 72 52
634 383 72 52
634 383 72 52
634 383 72 52
634 383 72 52
634 382 72 52
634 382 71 51
634 382 71 51
633 382 71 51
633 382 72 52
632 382 72 52
633 381 73 53
633 380 73 53
633 380 72 53
633 380 72 53
632 379 72 53
631 379 73 54
631 379 74 55
631 378 75 56
631 378 74 55
631 377 75 55
630 377 76 56
631 377 75 56
631 377 75 56
632 377 75 56
632 377 75 56
632 376 76 57
632 375 76 57
633 375 75 57
633 375 74 56
635 377 74 56
634 376 73 55
634 377 73 55
634 377 73 55
634 377 73 55
634 377 73 55
634 377 73 55
634 377 73 55
634 377 73 55
635 377 72 55
635 377 72 55
636 377 72 55
635 377 74 56
635 377 76 58
635 376 77 59
634 376 78 60
635 376 78 60
634 376 79 61
635 375 80 62
634 375 81 63
635 375 81 63
635 374 81 63
634 374 82 64
635 376 81 63
634 373 80 62
634 375 83 64
634 374 82 63
634 375 82 63
633 374 82 63
632 374 83 64
632 374 83 64
633 373 82 63
634 374 82 63
634 375 81 62
634 376 81 62
634 375 80 61
634 376 81 61
634 376 80 61
634 376 79 60
634 378 80 60
633 376 80 60
634 378 80 60
634 378 79 59
634 379 78 58
634 380 78 58
634 380 77 57
634 381 77 57
634 381 75 56
635 382 75 56
634 382 74 55
635 383 73 54
634 384 72 54
637 384 71 53
634 383 72 53
635 384 72 53
636 384 71 52
635 384 73 53
634 384 72 52
635 385 72 52
636 385 71 52
634 385 72 53
636 384 72 53
635 384 71 53
636 383 71 53
635 383 72 53
636 383 72 53
634 382 73 53
634 382 72 53
635 382 72 53
634 382 72 53
635 382 72 53
633 381 73 54
634 381 72 53
634 381 71 52
632 381 74 54
633 381 73 53
633 381 72 52
632 382 72 52
634 382 72 52
634 382 72 52
632 382 72 52
633 382 72 52
633 382 72 52
634 382 72 52
633 381 72 52
632 381 73 53
633 380 73 53
630 379 75 55
629 379 74 54
630 379 74 54
631 379 73 53
629 379 74 54
631 379 73 53
630 379 74 54
631 379 74 54
630 379 75 54
630 379 75 54
628 378 76 55
630 379 74 54
630 378 74 54
629 378 74 54
629 378 74 54
628 378 73 53
628 378 75 54
628 378 75 54
627 377 74 54
627 377 75 55
627 377 74 54
627 377 74 54
626 377 75 55
624 376 75 55
624 377 74 54
624 378 73 53
622 377 74 53
623 376 74 53
622 377 75 54
622 377 74 53
622 377 73 52
622 377 74 53
622 377 73 52
621 377 74 53
621 377 73 52
621 378 72 51
621 378 72 51
621 378 72 51
619 378 73 52
618 378 73 52
619 377 72 52
619 377 71 51
619 376 71 51
619 376 70 50
620 376 71 51
618 376 73 52
618 376 72 51
619 376 71 51
618 377 71 51
618 377 72 52
618 377 72 52
618 377 73 52
617 377 73 52
617 378 73 52
616 378 73 52
615 378 73 52
615 378 72 51
622 379 73 52
618 379 73 52
617 378 72 51
615 378 73 52
615 378 73 52
616 378 73 52
616 378 73 52
615 379 73 52
616 380 71 51
618 380 71 51
616 380 71 51
616 380 70 50
615 380 71 50
612 381 71 50
610 380 73 51
609 379 74 52
609 379 73 51
609 379 73 51
609 379 72 50
609 382 71 50
610 381 71 50
610 382 71 50
611 382 71 50
611 383 70 50
611 383 71 51
609 383 72 52
607 384 74 53
603 383 77 55
599 385 79 57
595 383 82 59
596 386 83 60
592 384 86 62
596 386 85 62
592 385 87 63
596 387 85 61
596 387 84 61
598 390 83 60
598 391 82 59
598 392 81 59
598 392 81 59
600 394 80 58
599 394 81 59
600 395 81 59
601 396 81 59
601 396 81 59
602 397 81 59
602 398 82 60
604 400 81 60
604 401 81 60
604 402 81 60
604 404 80 59
604 405 81 60
603 406 82 61
603 407 81 60
604 407 81 60
603 407 81 60
603 409 80 59
603 410 79 59
603 410 80 59
603 411 80 59
604 412 81 60
603 411 82 61
603 412 82 61
604 412 83 61
604 414 83 61
603 413 84 62
604 415 83 62
601 415 83 62
602 417 83 62
601 417 83 62
603 418 83 62
601 419 83 62
601 420 84 63
601 419 85 64
601 421 85 64
601 421 85 64
600 420 85 64
600 423 85 64
600 424 85 64
600 423 87 65
599 423 88 66
601 422 89 67
599 424 88 67
600 423 89 68
598 425 89 68
598 424 90 69
598 423 92 70
597 425 92 70
598 426 92 70
596 426 92 70
597 425 95 72
594 426 94 72
594 426 95 73
594 427 95 73
593 428 95 73
592 428 96 74
591 428 96 74
591 429 97 75
587 429 99 76
587 430 99 76
586 432 100 77
588 432 99 77
584 432 99 77
585 431 101 78
583 433 100 77
584 434 101 77
580 435 101 77
581 435 103 79
579 434 103 79
579 436 104 80
576 436 104 80
576 437 105 81
573 437 105 81
573 438 106 82
572 439 106 82
570 439 107 83
568 439 108 83
570 440 108 83
567 441 107 82
566 442 108 83
565 441 110 84
563 444 109 84
562 442 112 86
560 444 112 86
557 446 115 88
557 446 117 90
553 445 119 91
553 446 120 92
552 448 119 91
549 448 119 91
547 449 121 92
547 450 121 92
542 451 122 93
543 452 124 95
539 449 125 96
537 452 128 98
538 452 127 97
537 454 126 96
534 458 126 96
536 455 127 96
530 455 127 96
529 455 129 97
528 456 130 98
529 455 131 99
522 454 133 101
519 456 133 101
518 455 132 100
513 457 133 100
510 458 135 102
508 457 137 103
506 456 138 104
504 455 140 105
501 454 141 106
497 454 142 106
495 453 144 108
490 453 145 109
489 452 146 110
484 452 148 111
481 452 149 112
475 451 151 114
470 449 156 118
467 448 158 120
462 448 160 121
459 446 164 124
457 445 165 125
453 444 165 125
449 443 165 125
446 441 166 126
443 440 165 125
437 438 166 126
434 435 166 126
430 433 165 125
427 430 163 123
426 428 163 123
422 424 162 122
421 422 166 125
416 417 162 122
416 414 164 124
415 409 158 120
418 406 155 118
416 406 153 117
411 401 151 115
414 396 150 114
417 392 149 113
414 388 147 112
417 386 144 110
413 381 143 109
417 378 139 106
413 376 137 104
410 372 134 102
413 369 132 101
401 365 131 100
395 360 130 99
394 356 129 98
392 353 127 97
392 347 125 95
395 342 124 94
393 338 123 93
394 332 121 91
397 328 118 88
400 325 116 87
399 321 116 87
400 318 114 86
397 314 114 86
397 309 114 86
395 302 116 87
396 295 119 90
398 289 122 92
403 284 125 94
411 280 125 94
414 277 127 95
418 274 128 96
423 271 130 98
428 268 133 100
428 263 138 104
428 258 143 108
432 253 145 109
438 248 148 111
442 245 151 113
447 243 151 113
451 244 151 113
453 241 152 113
458 242 154 115
464 240 155 115
467 240 158 117
474 241 157 116
479 243 155 115
485 241 152 113
487 242 150 111
491 243 148 110
495 245 146 108
501 246 144 107
504 246 142 105
506 248 139 103
511 248 137 101
510 248 139 103
514 247 138 102
518 250 137 101
521 250 136 100
524 252 138 101
526 251 138 101
530 253 137 100
533 256 136 100
534 256 136 100
533 258 135 99
540 258 133 97
538 260 134 98
543 262 133 97
541 263 133 97
548 266 131 96
546 266 130 95
550 267 131 96
553 268 130 95
558 270 129 94
555 272 129 94
559 275 128 93
558 276 128 93
561 277 129 94
561 279 128 93
565 281 128 93
566 283 127 92
565 286 126 91
569 288 126 91
570 290 126 91
571 292 125 90
574 294 123 89
575 296 122 88
579 298 121 87
576 300 119 86
580 303 120 87
583 304 118 86
584 306 117 85
585 308 116 84
587 310 116 84
590 312 114 83
592 313 112 81
592 315 111 80
591 316 111 80
593 317 110 79
595 318 109 78
593 318 110 79
595 319 109 78
593 320 109 78
596 323 107 77
598 324 106 76
599 325 105 76
597 325 106 76
600 327 105 75
601 327 104 74
600 328 104 74
601 330 103 73
603 331 101 72
602 332 101 72
605 333 100 71
605 333 101 72
604 333 103 74
607 334 102 73
606 335 102 73
608 336 101 72
606 337 102 73
609 339 100 72
607 341 99 71
609 343 97 70
608 345 95 69
610 346 94 68
609 347 92 67
612 348 91 66
610 350 90 65
613 350 89 64
611 351 88 64
615 351 87 63
613 352 86 62
614 352 87 63
615 353 87 63
612 354 88 64
614 355 88 64
611 356 88 64
611 355 90 66
608 355 91 66
608 354 94 68
605 353 96 69
603 352 98 71
598 350 100 72
598 349 103 74
592 349 106 76
586 348 110 79
579 349 113 81
574 347 116 83
575 345 119 85
568 342 120 86
563 341 124 89
620 355 73 53
624 360 74 53
625 360 78 56
623 360 81 58
621 360 84 60
622 361 84 60
622 361 85 60
621 362 86 61
623 361 86 61
621 360 87 62
619 360 89 63
620 360 88 62
620 361 87 62
622 361 86 61
620 360 88 62
622 361 87 61
620 359 88 62
622 360 87 61
623 360 87 61
624 360 88 62
624 359 88 62
626 359 88 62
626 360 87 61
627 360 87 61
625 360 87 61
626 360 87 61
626 360 87 61
628 360 87 61
630 360 87 61
634 361 87 61
634 358 90 63
624 355 91 63
630 359 91 64
635 359 92 64
637 361 94 66
639 361 95 67
637 359 97 68
640 358 98 69
639 358 100 71
638 357 102 72
640 355 104 74
637 352 105 75
639 351 107 76
638 349 108 77
636 349 109 78
637 348 110 79
637 348 110 79
637 348 110 79
638 347 110 79
636 347 111 80
639 347 111 80
635 343 112 81
637 347 113 82
637 344 113 82
637 342 114 83
638 341 116 84
632 355 99 72
639 355 100 72
641 356 101 72
643 358 101 72
638 356 101 72
642 358 101 72
644 359 100 71
642 356 100 71
646 358 100 71
644 357 100 71
644 357 101 72
642 356 102 72
645 356 102 72
644 356 102 72
645 357 102 72
645 356 102 72
646 355 102 72
644 353 103 73
644 352 104 74
644 349 106 75
645 348 108 77
641 345 110 78
643 344 112 80
641 342 114 81
643 339 116 82
642 337 118 83
638 335 120 84
632 338 121 85
636 334 123 87
632 331 124 88
635 337 125 89
637 330 126 89
630 333 127 90
632 331 129 91
633 329 131 93
631 328 133 94
631 327 135 96
628 327 136 97
629 326 138 99
631 324 140 101
626 323 141 102
621 321 142 103
622 323 142 103
624 322 142 103
625 322 142 103
628 322 143 104
627 325 143 104
630 326 142 103
631 324 141 102
634 327 140 102
640 328 138 101
623 327 139 102
631 324 140 102
640 324 139 101
649 325 138 100
648 323 138 100
649 324 137 99
651 324 136 98
650 324 136 98
652 323 135 97
624 327 136 97
631 323 136 98
640 322 134 96
644 323 130 93
642 326 127 91
649 329 124 89
647 330 122 88
649 331 120 87
650 329 119 86
644 331 118 85
653 332 117 84
647 333 117 84
650 334 117 84
646 337 117 84
648 334 116 84
648 335 116 84
648 336 116 84
648 336 116 84
647 336 116 84
645 334 116 84
647 334 117 85
648 335 117 85
646 334 117 85
646 334 117 85
643 333 117 85
640 332 117 85
642 335 117 85
644 335 116 84
643 338 115 83
645 340 114 82
647 338 113 81
649 340 112 81
647 342 110 80
640 338 109 79
641 338 109 80
641 340 107 78
643 343 105 76
645 344 103 74
648 345 102 73
650 346 101 72
650 347 100 72
652 346 99 71
648 349 97 70
652 348 96 69
651 350 94 68
650 352 92 67
654 351 91 66
655 355 89 65
655 354 88 64
657 359 86 63
655 360 84 62
655 359 83 62
654 357 83 62
656 358 82 62
655 359 81 61
653 358 81 61
655 358 81 61
654 358 81 61
650 355 80 60
655 357 81 61
653 360 81 61
655 363 80 60
655 362 80 60
656 362 80 60
655 364 79 60
655 365 78 60
657 367 77 60
653 356 78 61
653 353 79 61
653 353 79 61
653 353 79 61
653 353 79 61
653 353 79 61
653 353 79 61
653 353 79 61
653 353 79 61
653 353 79 61
653 353 79 61
653 353 79 61
653 353 79 61
653 353 79 61
653 353 79 61
653 353 79 61
653 353 79 61
653 353 79 61
653 353 79 61
653 353 79 61
653 353 79 61
653 353 79 61
653 353 79 61
653 353 79 61
653 353 79 61
653 353 79 61
653 353 79 61
653 353 79 61
653 353 79 61
653 353 79 61
653 353 79 61
653 353 79 61
653 353 79 61
653 353 79 61
653 353 79 61
653 353 79 61
653 353 79 61
653 353 79 61
653 353 79 61
653 353 79 61
653 353 79 61
653 353 79 61
653 353 79 61
653 353 79 61
653 353 79 61
653 353 79 61
653 353 79 61
653 353 79 61
653 353 79 61
653 353 79 61
653 353 79 61
653 353 79 61
653 353 79 61
653 353 79 61
653 353 79 61
653 353 79 61
653 353 79 61
653 353 79 61
653 353 79 61
653 353 79 61
653 353 79 61
653 353 79 61
653 353 79 61
653 353 79 61
653 353 79 61
653 353 79 61
653 353 79 61
653 353 79 61
653 353 79 61
653 353 79 61
653 353 79 61
653 353 79 61
653 353 79 61
653 353 79 61
653 353 79 61
653 353 79 61
653 353 79 61
653 353 79 61
653 353 79 61
