539 656 245 144
538 657 247 145
537 656 248 146
536 656 250 147
535 656 251 148
533 656 254 150
532 655 255 151
531 655 257 152
529 654 260 153
528 654 261 154
527 654 262 154
527 655 261 154
525 654 262 155
526 654 262 155
527 654 261 154
526 655 262 155
525 654 263 155
525 655 263 155
524 654 263 155
523 653 266 157
523 653 267 157
521 653 268 157
520 653 269 158
518 653 271 159
514 653 271 159
512 651 272 160
515 652 270 159
515 652 271 159
512 652 273 160
511 653 271 159
514 652 268 157
515 652 271 159
511 652 273 160
509 653 273 160
512 653 271 159
509 652 273 160
508 652 275 161
507 652 277 162
505 651 279 163
503 651 283 165
498 649 288 168
492 648 297 173
486 646 303 177
478 641 312 182
480 644 314 183
470 643 320 187
471 642 326 190
468 644 325 189
471 644 328 191
471 645 324 188
473 646 323 188
471 646 321 187
475 645 325 189
469 645 321 187
471 645 328 191
473 646 326 190
472 646 324 189
473 646 327 190
469 645 325 189
470 646 332 193
472 644 330 192
469 645 327 190
470 646 332 193
475 644 327 190
470 642 324 188
468 644 335 194
474 644 328 190
473 643 326 189
471 644 329 191
474 643 329 191
475 641 324 188
475 645 324 188
474 643 326 189
473 642 326 189
474 644 324 188
474 644 325 188
474 642 324 188
475 644 324 188
474 642 325 189
475 641 323 188
479 645 319 186
479 643 317 185
479 645 317 185
480 644 317 185
481 646 316 184
482 647 314 183
482 646 315 184
483 648 313 183
483 647 314 183
482 647 315 183
482 647 315 183
483 647 315 183
483 648 315 183
484 647 313 182
482 649 316 184
484 648 316 184
485 649 314 183
485 649 313 182
485 650 314 182
485 650 313 181
484 649 316 183
485 650 314 182
485 650 316 183
485 649 314 182
485 651 315 182
486 650 313 181
485 651 314 181
486 650 315 181
486 650 315 181
485 650 315 181
486 651 317 182
487 650 314 180
486 654 317 181
488 649 313 179
485 652 319 182
487 651 315 179
486 654 318 181
487 649 314 179
485 653 320 182
487 650 314 179
485 654 319 182
486 649 315 180
484 653 320 183
488 648 315 180
487 652 319 182
489 652 314 179
488 653 316 180
489 652 313 178
489 654 315 179
490 650 310 176
490 654 311 176
487 652 315 178
488 653 316 178
488 653 316 178
487 654 317 179
487 650 315 178
485 653 319 180
487 652 316 178
484 655 323 182
483 650 323 182
482 653 326 183
482 651 326 183
481 652 328 184
481 652 329 184
481 652 332 186
479 650 335 188
483 651 335 188
482 650 334 188
482 650 334 188
483 651 334 188
482 650 336 189
482 650 336 189
481 649 336 189
483 650 335 188
484 653 335 188
483 650 335 188
484 652 335 188
484 651 335 188
485 653 333 187
484 651 333 187
486 652 331 186
487 654 330 185
486 652 330 185
488 653 329 184
489 655 329 184
488 652 330 185
489 653 327 183
490 653 325 182
491 655 323 181
490 652 322 181
489 651 325 182
488 653 328 184
490 649 322 180
488 652 327 183
489 650 323 181
485 649 329 184
489 650 326 182
489 652 325 182
491 652 320 179
489 650 323 181
486 649 327 183
487 649 326 182
488 651 325 181
487 649 325 181
486 650 326 182
488 648 323 181
487 649 324 181
486 649 325 181
486 650 325 181
486 649 325 181
485 650 326 181
486 650 326 181
486 650 325 181
485 650 325 181
485 650 326 181
486 650 325 181
486 651 324 180
486 651 323 179
485 651 324 179
485 651 323 178
483 652 326 180
485 649 323 178
483 652 327 180
485 650 325 179
484 652 327 180
484 650 326 180
484 651 325 180
485 650 324 179
484 652 325 180
486 650 320 177
486 653 320 177
485 649 320 177
483 652 323 179
485 649 319 177
484 652 320 178
486 650 317 176
484 651 319 177
485 650 319 177
483 650 321 178
485 650 319 177
484 650 319 177
485 649 320 177
486 652 319 176
486 651 318 175
485 651 319 175
484 651 320 176
483 650 321 176
480 651 325 178
478 651 327 179
474 650 333 182
471 648 340 186
468 648 346 189
471 645 347 189
467 647 350 191
464 646 356 194
459 646 362 197
456 643 368 200
467 633 360 195
463 644 361 196
457 643 368 200
451 644 374 203
452 639 378 205
452 643 381 207
449 638 381 207
451 641 383 208
448 637 387 210
452 642 387 210
451 637 386 209
458 642 384 208
454 638 383 207
459 644 384 208
455 639 384 208
464 642 382 207
463 639 384 208
458 643 386 209
455 643 394 213
453 646 393 213
458 647 393 213
454 648 396 215
452 650 395 215
458 648 391 213
457 648 392 214
456 650 390 213
456 649 392 214
457 649 390 213
461 650 387 212
464 651 383 210
464 651 380 208
471 648 375 205
473 644 368 201
482 643 361 197
483 645 350 191
490 647 346 189
490 644 345 189
487 644 352 193
489 642 350 192
485 643 353 193
487 643 348 190
489 645 346 189
493 646 343 187
493 645 342 187
492 643 343 187
488 641 348 190
489 641 352 192
488 641 351 191
491 641 351 191
488 642 347 189
494 643 352 192
489 642 349 190
494 644 351 191
494 643 350 191
492 643 350 191
494 646 347 189
497 646 345 188
496 646 346 189
500 645 346 189
497 645 346 189
496 643 344 188
493 643 350 191
493 646 349 190
496 647 346 189
496 646 343 187
498 649 343 187
496 645 340 185
501 647 346 188
501 648 343 186
501 647 344 187
498 646 343 186
497 648 342 185
500 651 342 185
509 656 338 183
521 662 332 180
534 673 315 171
530 680 315 171
529 682 315 171
526 685 315 171
531 685 315 171
526 686 315 171
536 686 315 171
530 686 315 171
539 685 315 171
538 685 315 171
543 685 315 171
545 684 315 171
549 683 315 171
552 681 315 171
560 681 315 171
562 683 315 171
561 681 315 171
571 681 315 171
566 682 315 171
573 681 315 171
574 681 315 171
577 680 315 171
579 680 315 171
584 679 315 171
587 677 315 171
588 676 315 171
592 676 315 171
594 676 315 171
601 675 315 171
613 670 315 171
621 649 315 171
625 630 315 171
630 614 315 171
637 598 301 164
624 595 289 157
632 594 289 157
633 592 289 157
637 590 289 157
638 587 289 157
637 584 289 157
640 588 289 157
643 585 289 157
645 588 289 157
647 586 289 157
650 589 289 157
653 588 289 157
655 588 289 157
658 587 289 157
663 591 289 157
665 591 289 157
668 591 289 157
671 592 289 157
672 594 289 157
676 593 289 157
675 591 289 157
686 589 289 157
681 586 289 157
695 580 289 157
685 578 289 157
697 578 289 157
691 576 289 157
699 576 289 157
696 577 289 157
701 577 289 157
698 576 289 157
702 576 289 157
700 575 289 157
707 575 289 157
715 575 289 157
710 569 289 157
723 564 289 157
716 558 289 157
729 553 289 157
716 551 289 157
734 551 289 157
719 549 289 157
726 549 289 157
711 546 289 157
716 541 289 157
703 530 289 157
691 520 289 157
699 507 289 157
696 496 289 157
708 496 289 157
709 491 289 157
699 485 289 157
709 485 289 157
701 484 289 157
706 484 289 157
689 484 289 157
682 485 289 157
673 486 289 157
672 488 289 157
676 489 289 157
674 490 289 157
681 491 289 157
678 490 289 157
688 490 289 157
677 490 289 157
687 491 289 157
674 491 289 157
673 492 289 157
659 492 289 157
662 493 289 157
662 495 289 157
666 496 289 157
673 495 289 157
670 494 289 157
679 498 276 150
678 497 266 145
669 499 256 140
653 500 252 138
635 502 252 138
636 504 246 135
630 504 247 136
628 502 247 136
626 499 258 142
629 494 264 146
627 491 267 148
616 484 279 155
617 480 279 155
611 476 284 158
611 479 295 164
555 497 291 162
562 482 292 162
571 468 300 167
593 479 294 164
601 481 292 163
604 476 288 161
599 483 289 162
598 477 280 157
590 482 288 161
598 478 280 157
598 488 283 159
599 480 275 154
591 490 276 154
595 482 270 151
597 492 272 152
607 486 265 148
610 494 264 147
614 487 268 149
619 494 262 146
626 493 256 143
620 492 254 142
630 498 253 142
630 497 245 138
638 500 245 138
640 499 239 135
641 497 245 138
638 499 241 136
648 496 239 135
651 499 242 137
662 502 236 134
658 503 233 132
668 505 232 131
668 505 230 130
674 507 230 130
669 503 234 133
675 503 235 134
666 502 235 134
678 498 239 136
674 501 235 134
679 496 239 136
676 498 235 134
683 498 238 136
683 497 235 134
686 498 237 135
682 495 239 136
685 492 243 138
680 489 245 139
687 485 250 142
681 488 250 142
688 483 254 144
686 485 252 143
682 482 255 145
692 484 252 144
685 482 259 148
685 479 264 151
677 476 269 154
679 470 278 159
675 462 289 165
678 457 293 167
677 453 291 166
675 451 292 167
674 450 295 169
674 452 299 171
682 452 298 170
683 454 295 168
678 453 297 169
686 454 294 167
680 456 294 167
693 455 288 164
682 453 294 168
685 449 295 169
677 449 293 168
681 450 296 170
681 444 300 172
677 447 307 176
689 441 302 173
681 441 305 175
697 445 305 175
694 445 299 171
687 452 295 169
703 457 288 165
716 456 278 159
710 458 275 157
714 462 280 160
721 461 277 158
714 461 281 160
711 465 275 157
708 468 269 154
705 470 263 151
707 473 258 148
711 470 262 150
709 469 262 150
712 469 264 151
719 465 260 149
723 471 254 145
726 471 251 144
724 472 249 143
723 476 246 142
723 479 247 142
729 477 249 143
725 476 246 141
735 480 241 138
738 479 239 137
743 479 235 135
751 479 231 133
755 480 231 133
757 480 230 132
760 481 229 132
755 479 236 136
742 478 245 141
731 476 249 143
732 475 247 142
718 475 258 148
716 469 268 154
692 458 268 154
709 468 268 154
713 467 276 159
700 467 287 165
693 467 299 172
631 457 300 172
666 462 300 173
692 462 305 176
633 445 305 176
675 455 305 176
695 457 311 179
629 448 308 177
673 456 309 178
648 440 312 179
687 448 312 180
639 442 318 183
690 449 319 184
649 424 318 183
694 436 319 184
652 428 323 186
700 439 323 186
671 426 323 186
715 434 323 186
721 438 318 183
731 436 312 179
735 429 308 177
735 427 308 177
737 424 302 174
737 425 295 170
738 423 288 166
748 420 281 162
756 423 278 160
760 420 273 157
765 420 274 157
772 419 271 155
777 419 270 155
779 415 272 156
781 413 275 158
783 410 277 159
788 408 277 159
790 406 281 161
774 416 291 167
784 433 289 166
783 451 286 164
787 469 283 162
788 486 282 162
802 486 277 159
808 488 277 159
814 485 273 157
810 485 274 157
816 482 272 156
813 480 276 158
816 477 278 159
820 476 277 159
823 475 278 159
826 474 278 159
828 476 278 159
832 475 276 158
832 476 282 161
839 475 277 158
833 479 285 163
841 498 285 163
844 526 278 159
840 556 267 152
855 582 267 152
856 609 267 152
858 634 255 145
859 654 252 143
853 671 256 145
868 672 258 146
856 675 262 148
857 656 259 146
862 666 260 147
864 669 261 148
860 664 263 149
862 663 259 147
867 662 254 144
874 662 249 141
877 660 245 139
875 659 244 138
878 660 241 136
876 660 237 133
874 660 235 132
877 661 237 133
880 659 235 132
876 658 235 132
880 659 231 130
880 659 230 130
879 660 230 130
879 658 230 130
881 656 231 131
887 654 231 131
892 651 231 131
895 647 233 132
901 644 233 132
905 641 232 132
903 638 232 132
906 636 232 132
904 635 230 131
911 634 226 129
911 636 222 127
911 634 223 128
913 635 219 126
912 633 219 126
912 633 216 125
911 633 214 124
910 633 212 123
909 635 211 122
909 635 211 122
908 633 212 122
908 636 211 122
905 633 213 123
908 633 211 122
908 631 212 123
908 630 212 123
907 630 212 123
909 631 210 122
908 630 212 123
908 628 210 122
917 611 209 121
912 619 209 121
910 625 205 119
913 627 206 119
909 624 206 119
917 627 200 115
908 623 205 118
916 626 199 115
909 623 201 116
917 626 195 112
910 623 199 114
917 625 193 111
913 623 195 112
913 623 191 110
913 623 188 108
916 624 186 107
915 622 182 105
918 622 183 106
919 621 183 106
927 619 183 106
944 615 190 110
960 613 196 114
969 611 195 114
972 608 190 111
974 607 185 108
971 605 189 111
974 602 185 109
972 602 190 112
970 599 191 112
972 595 190 111
974 593 195 114
966 586 202 118
970 593 202 118
967 584 203 119
972 578 201 118
972 576 201 118
969 573 201 118
968 574 203 119
967 570 202 118
973 571 202 118
962 565 208 121
969 563 209 122
963 565 203 118
968 566 203 118
969 564 203 118
967 563 203 118
964 563 201 117
963 562 202 118
964 561 203 119
962 559 204 120
961 556 206 121
964 554 205 120
967 552 202 118
967 548 203 118
968 549 201 117
963 546 203 118
968 549 201 117
966 543 208 121
976 542 211 123
978 539 216 126
976 534 221 129
960 526 221 129
985 530 221 129
962 529 228 133
975 526 223 130
966 529 224 130
971 524 220 127
973 523 222 128
966 521 222 128
969 517 218 125
962 516 214 122
962 514 211 120
951 510 210 120
951 510 204 117
946 508 201 115
952 505 198 113
953 504 196 112
953 503 192 110
952 502 187 107
957 502 182 104
954 501 181 104
957 499 179 103
949 497 178 103
953 495 180 104
951 494 174 100
954 493 174 100
948 491 173 100
953 489 174 100
948 487 175 101
953 483 180 104
962 483 176 102
968 481 172 100
967 479 172 100
966 477 172 100
966 475 171 100
966 473 170 100
965 471 170 100
964 469 170 100
964 466 171 101
963 464 170 100
965 463 169 100
963 460 169 100
962 459 169 100
960 456 169 100
960 454 170 101
958 452 169 100
962 451 169 100
971 451 167 99
978 448 168 100
990 446 169 100
999 445 168 100
1010 442 171 102
1023 439 174 104
1035 437 177 106
1047 436 173 104
1054 439 168 101
1051 437 166 100
1052 435 167 101
1049 432 166 100
1051 432 163 98
1047 430 164 99
1049 428 163 98
1044 425 165 99
1047 423 166 99
1041 421 167 100
1044 422 165 99
1042 419 164 98
1043 418 167 100
1038 415 166 100
1038 414 169 102
1031 411 167 101
1029 411 166 100
1021 409 165 99
1009 406 167 100
997 402 171 102
983 398 174 104
972 394 175 104
964 397 175 104
967 397 169 100
965 396 166 98
967 397 167 99
963 394 168 100
967 393 167 99
960 392 170 101
964 391 169 101
960 389 169 101
964 390 169 101
957 387 170 102
963 388 168 101
957 386 169 102
961 387 168 102
956 384 170 103
957 383 173 105
952 382 175 106
955 382 174 106
954 382 173 105
950 381 176 107
953 380 176 107
945 379 174 106
945 376 182 111
940 375 182 111
943 374 182 111
946 375 181 111
950 376 176 108
955 376 174 107
962 378 171 105
966 378 170 105
965 378 172 106
963 379 173 107
960 377 170 105
963 375 170 105
960 377 172 106
960 374 172 106
957 373 175 108
958 372 175 108
957 374 175 108
953 374 175 108
950 377 174 107
947 376 177 109
944 377 176 108
945 380 175 107
945 381 172 105
946 381 172 105
940 383 173 106
952 384 169 103
947 387 165 101
954 384 162 99
957 386 159 97
954 386 156 95
960 386 153 93
954 383 154 94
966 386 152 93
962 385 153 94
966 387 155 95
956 388 157 96
962 388 155 95
959 388 158 97
961 389 157 97
950 391 160 99
958 392 157 97
955 397 159 98
952 399 162 100
954 399 162 100
953 401 162 100
951 401 163 100
951 398 165 101
947 396 167 102
948 398 166 101
949 399 163 99
945 400 167 102
942 399 171 105
935 398 176 108
932 395 182 112
926 393 189 116
930 392 189 116
936 396 190 116
952 398 189 116
968 401 183 112
970 400 187 114
972 402 190 116
979 405 186 114
977 407 187 115
981 408 188 115
983 408 191 117
983 406 192 118
977 405 192 118
980 407 187 115
976 408 184 113
985 410 180 110
967 409 182 111
975 410 178 109
981 410 179 110
973 410 183 112
979 412 183 112
963 411 187 114
965 414 182 111
958 414 184 112
958 415 183 112
954 415 185 113
958 417 186 113
961 418 185 113
947 418 185 113
959 421 182 111
954 420 180 110
964 420 181 110
953 418 181 110
960 422 178 108
943 422 175 106
951 425 172 104
960 427 169 102
950 426 170 103
952 425 166 100
955 428 166 100
949 430 168 101
949 430 165 99
940 432 163 98
939 435 160 96
933 438 156 94
937 439 153 92
937 440 151 91
932 440 149 90
937 441 146 88
934 442 144 87
938 440 147 89
934 442 146 89
938 441 146 89
939 442 146 89
936 440 149 91
939 439 151 92
934 438 155 94
937 436 158 96
941 437 161 98
945 437 165 100
941 437 169 102
949 438 172 104
940 435 175 106
950 436 178 108
965 438 177 107
955 434 183 110
952 437 183 110
948 438 184 110
956 440 181 108
945 440 180 107
953 443 177 105
945 444 173 103
941 448 171 102
935 451 168 100
938 454 165 98
936 454 164 97
941 455 164 97
934 456 163 97
940 457 163 97
933 455 159 95
939 458 161 96
941 460 160 96
933 455 161 96
933 460 162 96
935 459 163 96
930 460 165 97
928 462 165 97
930 461 166 98
928 463 164 97
933 464 164 97
926 466 163 96
927 466 163 96
923 466 163 96
927 467 157 93
927 470 153 91
924 470 150 89
927 470 149 89
927 471 150 89
925 470 149 88
927 471 149 88
923 472 147 87
928 469 145 86
926 472 146 86
924 470 148 87
924 468 149 88
923 470 147 87
922 468 147 87
924 468 146 86
919 470 145 85
917 471 144 84
916 473 145 84
918 474 143 83
916 476 140 81
921 476 136 79
919 478 134 78
924 478 129 75
928 470 127 74
918 477 128 74
919 481 126 73
915 479 126 73
916 477 126 73
918 479 121 70
918 481 118 68
920 483 118 68
926 481 118 68
939 482 118 68
953 481 118 68
964 479 118 68
968 477 118 68
972 480 112 65
971 480 109 63
972 478 107 62
973 477 105 61
969 475 107 62
973 472 106 61
972 474 105 61
972 471 106 61
971 469 108 62
972 467 109 62
971 465 110 63
975 464 108 62
974 462 109 62
975 461 110 63
971 458 114 65
975 457 112 64
970 457 111 63
970 455 113 64
970 455 110 62
969 455 108 61
969 454 109 62
966 451 111 63
967 453 107 61
966 452 107 61
966 451 106 61
965 451 104 60
965 451 102 59
966 450 100 58
963 453 99 57
967 451 96 55
968 451 96 55
962 454 97 55
968 453 93 52
962 455 94 52
966 456 92 51
966 457 93 51
964 457 93 51
966 456 92 50
965 457 91 49
964 457 89 48
961 443 119 67
960 442 120 67
961 444 114 64
961 444 114 64
961 444 114 64
961 444 114 64
961 444 114 64
961 444 114 64
961 444 114 64
961 444 114 64
961 444 114 64
961 444 114 64
961 444 114 64
961 444 114 64
961 444 114 64
961 444 114 64
961 444 114 64
961 444 114 64
961 444 114 64
961 444 114 64
961 444 114 64
961 444 114 64
961 444 114 64
961 444 114 64
961 444 114 64
961 444 114 64
961 444 114 64
961 444 114 64
961 444 114 64
961 444 114 64
961 444 114 64
961 444 114 64
961 444 114 64
961 444 114 64
961 444 114 64
961 444 114 64
961 444 114 64
961 444 114 64
961 444 114 64
961 444 114 64
961 444 114 64
961 444 114 64
961 444 114 64
961 444 114 64
961 444 114 64
961 444 114 64
961 444 114 64
961 444 114 64
961 444 114 64
961 444 114 64
961 444 114 64
961 444 114 64
961 444 114 64
961 444 114 64
961 444 114 64
961 444 114 64
961 444 114 64
961 444 114 64
961 444 114 64
961 444 114 64
961 444 114 64
961 444 114 64
961 444 114 64
961 444 114 64
961 444 114 64
961 444 114 64
961 444 114 64
961 444 114 64
961 444 114 64
961 444 114 64
961 444 114 64
961 444 114 64
961 444 114 64
961 444 114 64
961 444 114 64
961 444 114 64
961 444 114 64
961 444 114 64
961 444 114 64
961 444 114 64
961 444 114 64
961 444 114 64
961 444 114 64
961 444 114 64
961 444 114 64
961 444 114 64
961 444 114 64
961 444 114 64
961 444 114 64
961 444 114 64
961 444 114 64
961 444 114 64
961 444 114 64
961 444 114 64
961 444 114 64
961 444 114 64
961 444 114 64
961 444 114 64
961 444 114 64
961 444 114 64
961 444 114 64
961 444 114 64
961 444 114 64
961 444 114 64
961 444 114 64
961 444 114 64
961 444 114 64
961 444 114 64
961 444 114 64
961 444 114 64
961 444 114 64
961 444 114 64
961 444 114 64
961 444 114 64
961 444 114 64
961 444 114 64
961 444 114 64
961 444 114 64
961 444 114 64
961 444 114 64
961 444 114 64
961 444 114 64
961 444 114 64
961 444 114 64
961 444 114 64
961 444 114 64
961 444 114 64
961 444 114 64
961 444 114 64
961 444 114 64
961 444 114 64
961 444 114 64
961 444 114 64
961 444 114 64
961 444 114 64
961 444 114 64
961 444 114 64
961 444 114 64
961 444 114 64
961 444 114 64
961 444 114 64
961 444 114 64
961 444 114 64
961 444 114 64
961 444 114 64
961 444 114 64
961 444 114 64
961 444 114 64
961 444 114 64
961 444 114 64
961 444 114 64
961 444 114 64
