563 319 26 51
565 319 26 51
567 320 26 51
569 319 26 51
570 320 26 51
572 320 26 51
574 320 26 51
575 320 26 51
577 320 26 51
579 321 26 51
580 321 26 51
582 321 26 51
583 321 26 51
585 321 26 51
586 321 26 51
588 322 26 51
589 322 26 51
591 322 26 51
592 322 26 51
593 322 26 51
594 322 26 51
596 322 26 51
597 322 26 51
598 323 26 51
599 323 26 51
601 323 26 51
602 324 26 51
603 324 26 51
604 325 26 51
606 325 26 51
607 325 26 51
608 325 26 51
609 325 26 51
610 325 26 51
611 325 26 51
613 325 26 51
614 324 26 51
615 324 26 51
617 323 26 51
618 322 26 51
620 321 26 51
621 320 26 51
622 322 26 51
623 320 26 51
624 321 26 51
625 321 26 51
626 321 26 51
627 320 26 51
628 321 26 51
629 320 26 51
630 322 26 51
631 320 26 51
632 322 26 51
633 321 26 51
634 322 26 51
635 322 26 51
636 323 26 51
637 324 26 51
638 324 26 51
638 324 26 51
639 324 26 51
640 324 26 51
641 324 26 51
642 324 26 51
643 325 26 51
644 326 26 51
645 327 26 51
646 327 26 51
647 327 26 51
648 327 26 51
648 327 26 51
649 328 26 51
649 327 26 51
649 327 26 51
649 326 26 51
649 326 26 51
649 326 26 51
649 326 26 51
649 326 26 51
649 326 26 51
649 326 26 51
648 326 26 51
648 326 26 51
647 327 26 51
647 328 26 51
647 328 26 51
646 328 26 51
645 328 26 51
645 328 26 51
645 329 26 51
644 329 26 51
644 329 26 51
643 329 26 51
643 329 26 51
643 329 26 51
642 329 26 51
641 328 26 51
641 327 26 51
640 329 26 51
639 328 26 51
639 329 26 51
639 329 26 51
638 330 26 51
638 331 26 51
638 330 26 51
638 331 26 51
638 329 25 50
637 331 26 50
637 332 26 50
637 332 26 50
637 333 26 50
636 332 26 50
636 334 26 50
636 334 26 50
635 334 26 50
636 335 26 50
635 335 26 50
635 335 26 50
634 336 26 50
634 337 26 50
634 337 26 50
634 339 26 50
633 339 26 50
633 340 26 50
632 340 26 50
632 340 26 50
632 342 26 50
631 341 26 50
631 343 26 50
630 343 26 50
630 345 26 50
629 345 26 50
628 347 26 50
628 347 26 50
627 348 26 50
626 349 26 50
626 349 26 50
626 351 26 50
625 351 26 50
625 352 26 50
624 353 26 50
623 354 26 50
622 355 26 50
621 355 26 50
620 357 26 50
620 358 26 50
619 359 26 50
618 360 26 50
618 362 26 50
617 363 26 50
617 365 26 50
615 364 26 50
615 366 26 50
614 367 26 50
614 368 26 50
613 370 26 50
613 370 26 50
611 372 26 50
612 373 26 50
611 374 26 50
610 377 26 50
611 378 26 50
610 379 26 50
609 379 26 50
609 382 26 50
608 383 26 50
608 383 26 50
608 385 26 50
607 386 26 50
607 387 26 50
607 388 26 50
606 389 26 50
605 391 26 50
605 393 26 50
604 394 26 50
604 396 26 50
603 397 26 50
602 399 26 50
602 401 26 50
601 403 26 50
601 404 26 50
600 406 26 50
600 407 26 50
599 409 26 50
598 410 26 50
598 412 26 50
597 414 26 50
596 415 26 50
595 417 26 50
594 418 26 50
593 420 26 50
592 422 26 50
591 424 26 50
590 426 26 50
589 428 26 50
588 430 26 50
588 432 26 50
587 433 26 50
586 435 26 50
585 437 26 50
585 439 26 50
585 441 26 50
585 443 26 50
585 445 26 50
585 447 26 50
586 449 26 50
587 451 26 50
588 452 26 50
589 454 26 50
590 456 26 50
592 457 26 50
594 460 26 50
595 462 26 50
596 465 26 50
598 466 26 50
599 468 26 50
601 470 26 50
602 472 26 50
603 474 26 50
605 477 26 50
606 478 26 50
608 480 26 50
610 483 26 50
612 483 26 50
613 485 26 50
615 486 26 50
617 488 26 50
618 492 26 50
620 491 26 50
621 495 26 50
623 497 26 50
624 499 26 50
625 499 26 50
627 501 26 50
629 504 26 50
630 507 26 50
631 507 26 50
633 509 26 50
634 512 26 50
636 513 26 50
637 516 26 50
638 516 26 50
640 519 26 50
641 521 26 50
644 523 26 50
645 526 26 50
646 528 26 50
647 530 26 50
648 530 26 50
649 533 26 50
651 535 26 50
652 537 26 50
654 538 26 50
656 540 26 50
657 540 26 50
657 543 26 50
659 543 26 50
660 542 26 50
662 545 26 50
663 546 26 50
665 548 26 50
666 548 26 50
