407 286 113 71
413 285 112 70
417 284 112 70
423 283 112 70
428 282 112 70
432 281 112 70
437 280 112 70
442 280 111 69
448 279 110 69
454 278 109 68
457 278 110 68
464 277 110 68
468 277 108 67
475 276 107 66
477 275 107 66
484 274 107 66
487 273 106 65
494 272 105 64
497 271 105 64
503 270 105 64
507 269 105 64
513 268 105 64
517 267 105 64
523 266 104 63
526 265 105 64
531 264 104 63
537 262 104 63
542 261 104 63
546 260 104 63
552 259 103 62
553 258 105 63
561 256 102 61
566 255 104 62
570 254 104 62
576 254 103 61
580 252 104 62
585 251 103 61
590 250 104 61
595 249 104 61
600 248 103 60
606 248 101 59
610 247 102 59
615 247 101 58
621 246 101 58
626 245 101 58
631 245 99 57
637 244 97 56
642 243 96 55
649 243 94 54
653 242 93 54
659 241 93 54
665 240 91 53
670 239 90 52
674 238 91 53
680 237 89 52
685 236 89 52
690 235 89 52
696 235 87 51
700 234 87 51
706 232 88 51
711 232 87 51
714 231 87 51
720 229 87 51
725 228 86 51
730 227 86 51
734 227 86 51
740 225 87 51
744 226 87 51
748 224 86 51
755 223 86 51
761 224 84 50
768 225 85 51
770 224 86 51
775 221 84 50
783 221 82 49
789 220 82 49
793 220 83 49
798 218 83 49
802 216 83 49
808 218 81 48
814 216 81 48
819 216 80 47
826 215 80 47
830 214 80 47
835 213 79 47
841 213 79 47
846 212 79 47
851 211 79 47
857 209 79 47
859 209 77 46
869 209 77 46
872 208 75 45
878 207 77 46
882 207 75 45
889 206 75 45
892 205 75 45
899 205 75 45
904 204 74 44
909 205 75 44
913 204 74 44
920 204 74 44
924 203 74 44
930 202 75 45
935 202 76 46
940 200 77 47
944 199 77 47
950 198 77 47
954 197 77 47
960 196 77 47
965 196 76 47
972 196 77 47
974 195 76 46
983 195 76 46
986 194 75 46
992 193 75 46
997 195 74 45
1002 192 75 46
1007 193 76 47
1011 190 75 46
1020 192 74 45
1019 193 71 43
1025 193 70 42
1023 195 68 41
1030 194 67 40
1025 195 65 39
1030 195 64 39
1027 194 61 37
1029 193 60 37
1028 192 60 37
1028 191 60 37
1028 190 58 36
1028 188 59 37
1026 187 58 36
1029 187 61 38
1026 187 58 36
1029 186 59 37
1027 185 57 36
1028 183 57 36
1026 182 56 36
1028 180 56 36
1027 179 55 35
1027 177 55 35
1027 175 54 35
1026 174 55 35
1025 174 54 34
1027 173 55 35
1025 172 54 34
1026 171 56 35
1024 170 55 34
1025 169 56 35
1023 168 55 34
1024 167 55 34
1024 167 54 33
1025 165 54 33
1023 165 53 33
1024 164 55 34
1023 162 54 33
1023 162 55 34
1023 161 54 33
1024 160 55 33
1023 160 53 32
1024 159 55 33
1022 158 54 32
1023 158 56 33
1022 157 54 32
1023 157 56 33
1023 156 54 32
1024 156 53 32
1023 156 53 32
1024 155 55 33
1023 154 53 32
1024 154 53 32
1023 153 53 32
1023 153 53 32
1023 153 53 32
1022 152 53 32
1022 152 54 33
1023 151 54 33
1021 150 53 32
1021 149 54 33
1020 149 55 33
1018 149 55 33
1022 148 57 34
1018 148 57 34
1019 149 58 34
1017 149 57 34
1020 149 59 35
1017 148 57 34
1020 148 57 34
1017 149 56 34
1022 148 57 35
1018 147 55 34
1021 148 55 34
1017 148 55 34
1021 148 56 35
1018 146 56 35
1019 147 55 34
1017 146 54 34
1021 144 54 34
1018 142 53 33
1019 140 54 34
1018 142 53 33
1018 141 54 34
1019 142 53 34
1017 144 53 34
1020 143 53 34
1018 142 52 34
1018 142 53 34
1017 143 53 34
1018 141 55 35
1015 141 55 35
1016 140 55 35
1014 141 54 35
1018 141 54 35
1016 139 53 34
1014 140 54 35
1016 138 55 35
1012 139 54 35
1016 139 55 36
1013 138 53 35
1015 138 55 36
1013 136 54 35
1013 137 54 35
1013 138 55 36
1011 136 54 35
1013 136 54 35
1011 134 54 35
1012 136 54 35
1012 134 54 35
1010 133 55 36
1008 133 55 36
1010 134 54 36
1011 133 55 37
1009 132 53 36
1009 130 54 37
1008 129 55 38
1006 129 53 37
1010 130 52 36
1009 129 51 35
1007 127 52 36
1007 128 52 36
1008 126 52 36
1005 124 53 36
1004 125 52 35
1005 126 53 35
1003 124 53 35
1003 124 54 35
1002 123 54 35
1002 122 54 35
1000 120 54 35
1001 122 53 34
999 122 53 34
1001 121 52 34
998 119 53 35
997 119 53 35
998 118 53 35
996 115 53 35
997 116 52 35
995 114 52 35
996 115 51 35
994 113 51 35
994 113 51 35
993 112 51 35
992 111 51 35
991 110 50 34
992 110 50 34
990 109 51 35
988 107 50 34
990 109 49 33
988 107 50 33
987 105 51 33
985 105 50 32
987 105 50 32
984 105 49 31
983 103 50 32
981 102 50 32
982 101 50 32
980 100 49 32
979 99 49 32
977 97 49 32
977 97 48 32
976 95 49 32
974 94 48 32
975 95 47 31
973 94 47 31
971 92 48 32
971 91 48 32
969 90 48 32
969 89 47 32
967 88 46 31
968 88 45 30
966 87 44 29
965 85 45 29
964 85 44 28
964 84 43 27
962 83 42 26
962 82 42 26
961 82 41 26
960 80 40 25
960 78 40 25
958 78 40 25
958 76 40 25
957 75 39 25
955 74 39 25
954 73 39 25
953 71 39 25
952 70 39 25
951 69 39 25
951 68 38 25
950 68 38 25
949 67 38 25
948 65 38 25
947 65 38 25
946 64 38 25
946 64 38 25
945 63 38 25
944 62 38 25
944 62 38 25
943 61 38 25
943 60 38 25
942 59 38 25
941 59 37 25
941 57 37 25
940 57 36 25
941 57 36 25
940 58 37 25
939 57 37 25
939 56 37 25
939 56 37 25
939 55 37 25
938 54 37 25
938 55 37 25
938 54 37 25
938 55 37 25
938 54 37 25
938 54 37 25
938 54 37 25
937 53 37 25
937 54 37 25
937 53 37 25
937 53 37 25
936 52 37 25
937 53 37 25
936 52 37 25
937 52 37 25
937 52 37 25
937 52 37 25
938 52 37 25
938 52 37 25
938 51 37 25
940 51 38 25
941 52 38 25
941 51 38 25
942 51 38 25
943 51 38 25
945 50 39 25
945 51 39 25
946 50 39 25
947 51 39 25
948 50 40 25
949 51 40 25
951 50 40 25
952 51 40 25
952 51 39 25
952 51 39 25
952 52 38 25
953 51 38 25
953 51 38 25
953 51 38 25
953 52 37 25
953 52 36 25
953 51 36 25
953 52 36 25
953 53 36 25
953 52 35 25
953 52 35 25
953 52 35 25
952 53 36 26
954 53 36 26
954 53 35 26
953 53 35 26
953 54 36 26
954 55 36 26
954 55 35 25
954 55 35 25
954 56 35 25
954 56 34 25
956 56 34 25
956 57 33 25
957 58 33 25
956 60 33 21
956 62 33 21
955 61 33 21
955 62 34 22
956 61 34 22
955 60 35 23
954 61 36 23
954 62 36 23
954 62 37 23
953 62 37 23
952 64 38 23
953 64 39 24
952 64 39 24
951 64 38 24
953 64 39 25
952 65 38 25
954 64 39 26
953 65 39 26
953 67 38 26
954 66 39 27
953 66 39 27
953 68 39 27
953 67 39 27
953 68 39 27
953 69 39 27
953 70 39 27
953 70 39 27
953 70 39 27
953 72 39 27
953 73 39 27
953 73 39 27
953 74 39 27
952 74 39 27
953 76 39 27
953 77 39 27
953 77 39 27
953 78 39 27
953 79 38 27
955 80 38 27
954 80 38 27
954 82 38 27
954 84 38 27
953 84 38 27
953 85 38 27
952 86 38 27
952 87 38 27
952 88 38 27
952 89 38 27
951 89 38 27
951 90 38 27
951 91 38 27
951 92 38 27
951 92 38 27
950 94 38 27
950 95 38 27
950 96 38 27
950 96 37 27
949 97 38 27
948 98 38 27
948 98 39 28
948 100 39 28
947 101 39 28
946 102 39 28
946 103 39 28
946 103 39 28
945 104 39 28
944 106 40 28
944 106 40 28
944 107 40 28
944 108 40 28
944 109 40 28
944 110 40 28
946 110 40 28
945 111 40 28
947 112 40 28
947 111 41 29
946 112 41 29
945 114 41 29
946 114 41 29
945 115 41 29
944 114 41 29
944 115 41 29
945 116 41 29
944 115 41 29
944 117 41 29
943 116 41 29
943 117 41 29
942 117 41 29
942 118 42 29
941 118 42 29
940 119 42 29
941 118 43 30
940 120 43 30
939 120 43 30
939 120 43 30
939 121 43 30
939 120 44 31
942 121 44 31
943 120 44 31
945 121 44 31
947 122 44 31
948 121 43 30
950 123 43 30
952 123 43 30
953 124 42 29
955 123 43 30
956 125 42 30
958 124 43 31
958 125 42 30
960 126 42 30
959 125 42 30
959 127 42 30
959 127 42 30
958 127 42 30
958 126 43 30
957 128 42 29
958 128 43 30
957 129 42 30
958 128 43 31
957 129 43 31
956 130 43 31
956 130 43 31
956 130 43 31
956 132 43 31
955 131 43 31
955 132 43 31
956 133 43 31
955 134 43 31
955 134 43 31
955 135 43 31
955 136 42 31
955 135 42 31
955 137 41 31
954 138 42 26
954 140 43 26
953 141 43 26
953 143 43 26
952 142 43 26
952 143 44 27
952 143 44 27
952 144 44 27
952 146 44 27
952 145 44 27
951 146 44 27
950 148 45 27
950 150 45 27
950 150 44 27
950 149 44 27
949 150 44 27
949 152 45 27
947 153 46 28
947 154 46 28
946 155 46 28
945 157 46 28
946 158 46 28
945 159 46 28
945 161 46 28
945 161 46 28
944 163 46 28
944 163 46 28
944 165 46 28
944 167 46 28
943 167 46 28
943 169 46 28
943 169 46 28
943 171 46 28
942 173 46 28
942 174 45 28
942 175 45 28
942 175 45 28
942 177 45 28
942 179 45 28
941 179 45 28
941 181 44 28
942 181 44 28
942 184 44 28
941 184 45 29
942 184 45 29
942 185 45 29
941 188 45 29
941 188 46 30
942 189 46 30
941 189 46 30
941 191 46 30
941 192 45 30
941 192 45 30
940 194 45 30
940 194 45 30
940 194 45 30
940 195 45 30
940 197 45 30
940 199 45 30
939 199 45 30
938 200 46 31
938 200 47 32
937 200 47 32
937 200 47 32
936 201 47 32
937 201 47 32
937 202 46 32
939 202 47 33
939 203 47 33
940 204 48 33
940 205 48 33
941 205 50 34
942 206 50 34
942 207 51 34
942 207 52 34
944 209 52 34
945 210 52 34
947 210 52 34
948 210 53 35
950 210 53 35
952 211 53 35
953 211 54 36
953 213 54 36
953 213 54 36
953 214 54 36
952 214 53 35
952 214 53 35
953 215 54 35
953 216 53 34
953 217 52 33
954 217 53 34
952 217 52 33
953 217 54 34
952 218 53 33
952 217 54 33
952 219 53 32
953 219 53 32
952 220 52 31
954 220 53 31
952 219 52 31
954 219 52 31
954 219 51 30
954 221 51 30
955 221 50 30
955 221 50 30
955 222 50 30
954 220 50 30
955 221 50 30
955 221 49 30
955 221 49 30
955 221 49 30
954 222 49 30
953 221 49 30
954 221 49 30
954 221 49 30
954 221 48 30
955 221 47 30
955 221 47 30
955 221 47 30
954 220 48 30
954 221 49 30
954 220 48 30
954 221 48 30
954 221 49 30
952 220 50 30
952 219 50 30
952 220 50 30
952 220 50 30
951 220 50 30
952 220 50 30
952 220 51 30
951 221 51 30
951 221 50 30
952 221 51 30
951 220 51 30
951 221 51 30
951 221 51 30
951 221 51 30
951 220 51 30
952 222 51 30
950 221 51 30
951 221 51 30
952 222 50 29
952 222 50 29
952 223 51 30
952 223 51 30
952 222 51 30
952 222 51 30
952 223 51 30
953 223 50 30
953 222 50 30
953 223 50 30
953 224 50 30
954 223 50 30
953 223 50 30
953 223 50 30
954 224 49 30
954 224 48 30
956 225 49 30
954 226 49 30
954 225 49 30
954 226 49 30
954 226 48 30
955 226 49 30
954 225 49 30
954 227 49 30
954 227 49 30
954 226 48 30
955 227 48 30
955 228 48 30
955 228 48 30
955 229 48 30
954 229 48 30
954 228 49 31
954 228 49 31
954 230 49 31
952 228 50 32
953 229 50 32
953 229 51 32
953 230 51 32
952 229 51 32
953 230 51 32
953 230 51 32
953 232 51 32
952 231 51 32
952 231 52 32
952 233 52 32
951 233 51 32
951 233 52 33
951 233 53 34
949 232 54 35
950 233 55 35
948 233 54 35
949 232 55 36
948 234 55 36
949 234 54 35
950 234 54 35
950 234 54 35
949 234 54 35
949 235 55 35
948 235 54 35
950 235 54 35
949 235 54 35
949 236 54 35
950 236 54 35
950 236 54 35
949 236 54 35
950 237 54 35
950 237 53 34
950 238 53 34
950 239 53 34
951 239 52 33
951 239 52 33
951 239 53 33
950 239 54 34
950 240 54 34
950 240 54 34
950 239 54 34
951 241 54 34
951 240 54 34
951 240 54 34
950 242 54 34
951 242 56 35
949 242 55 34
949 244 55 34
949 244 55 34
950 245 54 34
952 244 54 34
951 243 55 34
950 244 54 34
951 243 56 35
950 245 56 35
950 245 55 34
949 246 56 35
950 244 57 36
948 246 57 36
949 244 58 36
949 246 57 35
949 247 57 35
948 247 57 35
950 246 58 35
949 247 58 35
950 246 57 34
950 248 57 34
950 247 57 34
950 248 57 34
950 247 58 34
950 249 57 33
951 249 57 33
950 249 57 33
950 248 58 33
950 249 58 33
951 249 58 33
950 251 58 33
951 250 58 33
951 250 59 33
949 251 59 33
951 250 59 33
950 252 58 33
951 252 58 33
952 251 59 34
949 252 58 33
951 251 59 33
949 253 58 33
951 252 58 33
951 253 58 33
950 254 58 33
950 255 58 33
950 254 58 33
952 254 59 33
950 255 59 33
951 255 58 33
952 255 58 33
952 255 58 33
951 254 58 33
950 255 59 34
950 255 60 35
949 255 61 36
948 257 60 35
950 257 60 35
948 257 59 34
950 257 59 34
950 258 58 34
952 258 57 33
952 256 58 33
951 257 58 33
952 257 58 33
951 257 57 32
952 259 57 32
952 259 58 33
951 258 58 33
952 258 58 33
951 259 57 33
952 259 58 33
951 259 58 33
952 260 58 33
950 260 58 33
951 259 59 33
949 260 58 33
951 259 59 34
950 261 58 33
952 260 57 33
951 259 57 33
952 259 57 33
952 259 57 33
951 260 57 33
952 260 57 33
952 260 57 33
952 259 57 33
951 261 57 33
952 260 57 33
952 260 58 33
952 259 58 33
952 261 57 32
951 260 58 33
951 262 58 33
952 262 58 33
953 262 58 33
952 261 59 33
951 262 59 33
952 261 58 33
952 262 58 33
952 261 58 33
953 261 58 33
953 261 58 33
953 262 57 33
954 262 59 34
951 261 60 35
952 261 59 35
952 261 59 35
952 261 59 35
952 261 59 35
952 261 59 35
953 261 60 36
952 263 59 36
953 262 58 36
954 262 58 36
954 262 58 36
955 262 57 36
954 262 57 36
955 262 57 36
955 262 58 37
955 261 57 37
955 261 57 37
956 261 57 37
955 261 57 37
956 261 58 37
955 261 58 37
956 261 58 37
955 261 58 37
956 261 58 37
955 261 58 37
956 261 57 37
955 261 58 38
956 262 57 38
956 261 57 38
955 262 58 39
956 262 56 38
957 261 56 38
957 262 56 38
956 262 55 38
957 262 55 38
957 262 55 38
957 262 55 38
957 263 55 38
957 263 54 37
959 262 54 37
958 263 54 37
959 262 54 37
958 263 54 37
959 263 54 37
959 263 53 37
958 263 53 37
958 262 54 38
959 263 54 38
958 263 54 38
958 264 54 38
958 263 54 38
958 264 54 38
958 263 55 39
957 262 55 39
957 263 55 39
957 263 55 39
957 263 54 38
958 263 54 38
957 261 54 38
957 262 55 38
956 261 54 37
958 259 56 38
957 261 55 38
956 260 55 38
957 260 56 38
956 259 55 37
956 258 56 38
956 259 56 38
956 258 56 38
955 258 55 38
956 257 55 38
956 257 55 38
955 258 55 38
956 258 54 38
957 256 55 39
956 256 54 38
958 256 53 38
957 254 54 38
957 255 54 38
957 256 53 37
958 255 54 38
957 254 53 37
957 253 54 38
957 253 54 38
958 253 53 38
958 252 52 37
959 251 52 37
959 251 52 37
958 250 52 37
959 249 52 37
959 249 52 37
958 248 52 37
959 247 53 37
958 247 53 37
958 246 53 37
957 246 55 38
956 246 55 38
955 246 54 37
957 246 54 37
957 245 53 36
957 244 54 37
957 243 54 37
957 243 53 36
957 242 54 36
958 243 53 36
959 242 52 35
959 241 52 35
960 241 51 34
959 241 52 34
960 241 52 34
959 240 52 34
960 241 52 34
960 240 51 33
960 238 51 33
961 239 50 32
960 238 50 32
962 240 50 32
962 238 49 31
962 236 49 31
962 234 49 31
963 236 49 31
962 235 49 31
961 233 49 31
962 234 50 31
961 233 50 31
962 232 50 31
962 233 49 31
961 231 48 30
963 232 49 31
962 232 48 30
961 230 49 31
960 229 49 31
962 229 49 31
961 228 48 31
962 228 48 31
961 227 48 31
962 227 48 31
961 225 47 31
961 225 47 31
961 225 47 31
961 225 48 31
960 226 48 31
959 224 49 32
959 225 48 32
961 225 48 32
960 224 47 31
960 225 48 31
961 224 47 30
961 223 46 30
961 223 46 30
961 223 46 30
961 222 46 30
961 222 47 30
960 220 47 30
961 222 46 29
961 222 46 29
961 223 46 29
962 223 44 28
963 223 43 27
963 223 42 27
964 223 41 27
964 221 41 27
964 221 41 27
964 221 41 27
964 220 41 27
964 221 41 27
964 220 40 27
966 219 41 27
965 219 41 27
964 217 41 27
965 217 42 27
965 218 41 26
965 218 41 26
965 218 41 26
965 217 41 26
965 215 42 27
965 214 43 28
965 215 43 28
965 213 42 27
966 213 43 28
966 213 42 27
967 211 42 27
968 213 41 27
968 211 40 26
969 211 41 27
968 210 40 26
970 211 41 27
970 209 40 26
970 210 40 26
970 209 40 26
971 208 41 27
971 207 40 26
971 207 41 26
971 209 40 25
972 208 40 25
971 207 39 25
970 206 38 24
969 207 39 25
968 206 38 24
969 206 39 24
968 205 39 24
968 205 39 24
969 205 38 24
970 205 38 24
970 204 38 24
971 204 38 24
971 203 38 24
970 202 38 24
971 202 38 24
971 201 38 24
971 201 38 24
971 201 38 24
972 200 38 24
972 200 37 24
972 199 37 24
972 198 37 24
972 197 37 24
973 197 37 24
972 196 38 24
972 195 39 24
971 195 39 24
972 194 40 24
972 194 39 24
972 193 39 24
972 192 40 25
972 191 39 24
972 191 40 25
972 190 40 25
972 189 40 25
973 189 40 25
973 189 39 24
973 190 38 24
975 189 38 24
974 189 38 24
975 188 38 24
975 188 38 24
974 187 38 24
974 186 39 25
973 184 39 25
974 182 39 25
973 182 40 26
973 180 41 27
972 179 41 27
972 177 42 28
972 177 42 28
972 177 42 28
972 176 43 28
971 176 44 28
970 176 44 28
970 176 45 28
970 176 45 28
970 175 45 28
969 175 45 28
968 175 46 28
969 174 47 29
968 173 46 28
968 174 47 29
968 173 47 29
968 172 47 29
967 172 47 29
968 172 48 30
969 172 47 30
969 171 46 30
969 171 45 30
969 171 45 30
969 171 45 30
969 171 45 30
968 171 45 30
968 170 46 30
968 170 46 30
969 170 46 30
968 169 45 30
968 169 46 31
969 168 46 31
969 168 45 31
969 168 44 30
970 167 44 30
971 167 43 30
971 165 43 30
970 166 43 30
970 165 44 30
970 165 44 30
970 165 44 30
970 164 43 30
970 163 43 30
969 163 44 30
969 164 44 30
970 163 44 30
970 162 44 30
970 162 44 30
969 162 44 30
969 161 44 30
969 162 44 30
969 160 44 30
969 162 44 30
970 161 43 29
969 160 43 29
968 160 43 29
969 160 43 29
969 159 44 29
969 160 44 29
969 160 44 29
969 160 44 29
969 159 43 28
969 159 43 28
969 160 43 28
969 159 43 28
969 159 42 28
970 158 43 28
970 158 43 28
970 157 43 28
970 158 43 28
970 157 42 28
972 157 42 28
971 155 42 28
972 156 42 28
971 154 42 28
971 155 42 28
971 154 42 28
971 154 42 28
971 153 42 28
971 153 42 28
971 153 41 28
971 152 41 28
971 152 41 28
971 151 41 28
970 151 41 28
969 150 42 29
971 150 42 29
970 149 42 29
970 150 41 29
970 149 41 29
970 149 41 29
971 148 42 30
971 149 42 30
971 149 42 30
971 148 43 30
971 148 42 30
971 148 42 30
971 147 42 30
972 148 42 30
972 147 42 30
972 147 41 30
972 146 41 30
973 147 41 30
973 146 41 30
973 146 40 30
975 145 41 31
974 148 40 25
975 150 41 26
974 150 41 26
974 150 41 26
974 149 41 26
974 148 42 26
975 149 42 26
975 148 41 26
976 149 41 26
976 148 40 25
977 148 41 26
977 148 40 25
977 147 40 25
978 148 40 25
979 147 39 24
979 148 39 24
979 148 39 24
980 147 39 24
980 147 39 24
980 146 39 24
980 145 40 25
980 144 40 25
980 143 41 26
980 143 42 26
979 143 42 26
980 143 42 26
980 143 42 26
980 142 42 26
981 141 42 26
981 141 42 26
981 140 43 26
981 140 43 26
981 140 43 26
981 139 43 26
981 139 43 26
981 139 43 26
981 138 43 26
982 138 43 26
982 137 43 26
982 139 43 26
982 137 43 26
983 137 43 26
983 136 43 26
984 136 43 26
984 136 43 26
984 135 43 26
983 135 43 26
983 135 43 26
984 135 43 26
983 135 42 26
983 134 43 26
984 134 43 26
984 134 42 25
985 134 42 25
984 134 42 25
985 133 42 25
985 132 42 25
985 131 41 25
985 131 41 25
985 130 41 25
985 131 41 25
985 130 41 25
986 130 41 25
985 130 41 25
985 129 41 25
985 128 42 25
985 128 42 25
985 128 41 25
984 127 41 25
985 125 42 26
985 126 42 26
985 125 42 26
985 125 41 26
985 124 41 26
985 123 42 27
985 121 43 27
984 122 43 27
984 121 44 27
984 120 44 27
984 120 44 27
984 119 44 27
984 118 43 27
984 118 44 27
984 117 44 27
984 116 44 27
983 116 44 27
983 116 45 27
984 115 45 27
982 115 45 27
983 114 45 27
983 113 45 27
983 113 45 27
982 112 45 27
982 112 46 27
982 111 46 27
981 110 46 27
982 110 46 27
982 110 46 27
982 109 46 27
980 108 46 27
982 108 46 27
981 109 46 27
983 107 46 27
981 106 45 27
982 105 45 27
981 105 45 27
982 104 46 28
980 104 46 28
983 103 46 28
981 103 45 27
983 102 45 27
981 101 44 27
983 99 44 27
983 98 44 27
982 97 43 27
982 96 43 27
982 95 42 27
984 94 42 27
984 94 41 27
983 93 40 26
985 93 41 26
984 92 40 26
985 91 40 26
985 90 40 26
985 89 40 26
985 89 40 26
984 88 40 26
985 88 40 26
984 87 39 26
985 87 39 26
984 86 38 25
984 85 38 25
981 85 38 25
976 83 38 25
958 81 38 25
955 82 39 25
953 82 39 25
952 81 38 24
953 81 38 24
952 80 37 24
953 80 38 25
953 79 37 25
953 79 37 25
953 78 37 25
953 77 37 25
953 76 37 25
953 76 37 25
953 75 37 25
953 75 37 25
953 74 37 25
953 74 37 25
953 73 37 25
953 72 37 25
952 72 37 25
953 71 37 25
952 71 37 25
953 70 38 26
952 69 37 26
951 69 36 26
950 68 36 26
949 69 36 26
949 68 36 26
949 67 35 26
949 66 35 26
949 66 35 26
949 66 35 26
949 65 35 26
949 64 35 26
949 64 35 26
949 63 35 26
948 63 35 26
947 63 35 26
948 62 36 27
948 61 35 26
947 61 36 26
946 60 36 26
946 59 36 26
944 61 35 26
942 59 35 26
939 59 35 26
936 58 35 26
934 59 35 26
933 58 34 26
935 60 34 21
934 58 35 22
933 58 35 22
932 57 36 22
932 56 36 22
933 56 36 22
931 57 37 22
931 56 37 22
931 56 37 22
930 55 37 22
931 55 37 22
931 55 36 22
932 55 36 22
931 54 36 22
930 54 36 22
931 54 37 23
930 53 37 23
929 53 37 23
929 53 37 23
928 53 37 23
928 53 37 23
929 52 37 23
928 51 37 23
927 52 36 22
926 53 35 22
923 52 35 22
922 52 35 22
921 52 35 22
921 51 35 22
920 52 35 22
920 51 36 22
919 51 36 22
919 51 36 22
919 51 36 22
919 50 36 22
919 50 36 22
919 50 37 22
918 51 37 22
918 50 37 22
918 50 37 22
918 49 37 22
918 50 37 22
919 49 37 22
918 48 37 22
918 49 37 22
918 48 37 22
918 48 38 22
917 47 38 22
918 48 38 22
918 47 38 22
918 47 38 22
918 46 38 22
919 47 37 22
919 46 37 22
918 46 37 22
918 46 38 22
918 46 38 22
919 45 39 22
918 46 39 22
919 45 39 22
918 46 38 22
921 44 38 22
921 45 38 22
921 44 38 22
921 45 38 22
921 44 38 22
921 44 39 22
921 43 40 22
921 45 40 22
922 44 40 22
922 43 40 22
921 44 39 22
922 43 39 22
922 44 39 22
923 43 39 22
923 44 38 22
926 43 38 22
926 44 37 22
926 43 37 22
927 42 38 22
927 43 37 22
928 43 37 22
929 44 36 21
930 44 36 21
931 45 36 21
932 46 35 21
932 46 35 21
932 47 35 21
933 46 35 21
933 46 35 21
933 46 35 21
934 46 35 21
933 47 35 21
934 47 35 21
934 48 34 21
935 48 35 21
934 49 35 21
935 48 36 22
935 50 35 22
936 50 35 22
936 51 36 23
937 51 36 23
938 52 36 23
939 52 36 23
938 53 36 23
939 53 35 23
939 54 35 23
939 54 35 23
940 55 35 23
940 55 34 23
941 55 35 24
941 56 35 24
941 57 35 24
941 58 35 24
941 59 35 24
941 59 35 24
941 59 35 24
942 59 36 24
942 61 36 24
943 61 36 24
943 61 36 24
943 62 36 24
943 63 36 24
943 64 36 24
944 64 37 24
944 64 37 24
944 65 37 24
943 66 37 24
943 66 38 24
943 66 38 24
944 67 38 24
944 68 38 24
944 69 39 24
944 70 39 24
944 70 39 24
944 70 40 24
945 71 40 24
944 73 40 24
945 72 40 24
945 72 40 24
946 73 40 24
946 74 40 24
945 75 40 24
945 75 40 24
946 76 40 24
947 76 40 24
948 77 40 24
948 78 39 23
948 78 38 23
949 78 39 23
949 79 39 23
949 79 38 23
949 79 39 24
949 80 38 24
950 80 39 25
950 81 39 25
950 80 39 25
950 82 39 25
951 81 39 25
950 83 39 25
951 83 39 25
951 83 39 25
952 84 38 25
953 85 38 25
953 85 38 25
954 85 38 25
954 85 38 25
954 86 38 25
954 86 38 25
954 87 38 25
954 87 39 26
954 89 39 26
954 88 39 26
954 89 39 26
955 90 39 26
955 89 39 26
955 90 39 26
955 90 39 26
955 91 38 26
956 91 39 27
957 92 39 27
957 92 38 27
957 92 38 27
958 93 38 27
958 94 37 26
958 95 38 27
959 95 38 27
959 96 37 26
959 97 38 27
960 96 39 28
960 97 39 28
960 98 39 28
960 98 39 28
960 99 39 28
959 100 39 28
959 99 39 28
958 100 39 28
958 100 40 29
958 100 40 29
957 101 40 29
956 101 40 29
955 102 40 29
954 101 39 28
954 103 38 27
954 103 38 27
953 104 38 27
952 104 38 27
951 104 38 27
949 105 38 27
947 104 38 27
946 106 38 27
945 106 38 27
944 107 38 27
942 107 39 27
940 108 40 27
940 108 39 27
940 109 39 27
941 109 40 27
941 110 40 27
942 111 39 27
942 112 38 27
943 112 38 27
943 113 37 26
944 114 37 26
943 115 38 27
944 114 39 28
944 115 39 28
944 116 39 28
944 116 39 28
945 117 38 28
947 118 38 28
947 117 38 28
947 119 38 28
948 118 39 29
947 119 39 29
947 119 40 30
948 120 40 30
948 120 39 30
949 124 38 24
950 124 39 25
950 123 39 25
950 123 39 25
950 123 40 26
950 124 41 27
950 123 41 27
951 125 41 27
951 125 41 27
952 126 40 27
954 126 40 27
955 125 41 27
954 125 41 27
954 125 41 27
955 126 42 27
955 127 42 27
956 126 42 27
956 127 42 27
957 128 41 27
957 127 40 26
959 128 40 26
959 129 40 26
960 130 40 26
961 130 39 26
961 130 40 26
961 131 40 26
962 130 40 26
963 131 40 26
964 131 40 26
965 131 40 26
964 132 41 27
964 130 42 28
965 131 42 28
965 131 42 28
965 131 42 28
966 132 43 29
966 131 42 29
967 132 41 29
967 131 41 29
967 131 41 29
968 132 41 29
969 131 41 29
969 132 41 29
969 133 41 29
970 134 41 29
971 134 40 28
972 134 40 28
973 134 41 28
972 134 42 28
973 135 42 28
973 135 42 28
973 135 42 28
974 135 43 29
974 135 44 29
974 136 44 29
974 135 44 29
975 137 44 29
976 136 44 29
977 138 43 29
977 137 43 29
977 138 43 29
977 137 43 29
978 138 43 29
979 138 43 29
980 138 43 29
981 138 43 29
982 139 43 29
983 139 43 29
984 139 44 29
986 139 45 29
987 140 45 29
990 140 45 29
992 140 46 29
997 141 45 29
999 142 44 29
1003 141 44 29
1004 142 44 29
1005 142 44 29
1006 142 44 29
1007 143 44 29
1007 142 45 29
1007 144 45 29
1008 144 45 29
1010 144 45 29
1011 143 46 30
1013 144 46 30
1014 144 47 31
1014 143 48 32
1015 144 48 32
1015 143 49 33
1015 144 49 33
1016 143 49 33
1017 143 48 32
1019 145 46 31
1023 143 46 31
1026 144 46 31
1030 144 45 30
1033 145 44 30
1037 145 44 30
1040 146 44 30
1042 147 43 30
1043 146 42 29
1045 147 42 29
1046 148 41 28
1047 149 40 27
1048 150 39 26
1048 151 38 26
1050 151 37 25
1051 152 36 24
1053 153 35 23
1054 155 34 22
1055 156 33 21
1056 157 33 21
1057 157 33 21
1058 156 33 21
1058 156 33 21
1058 156 33 21
1058 156 33 21
1058 156 33 21
1058 156 33 21
1058 156 33 21
1058 156 33 21
1058 156 33 21
1058 156 33 21
1058 156 33 21
1058 156 33 21
1058 156 33 21
1058 156 33 21
1058 156 33 21
1058 156 33 21
1058 156 33 21
1058 156 33 21
1058 156 33 21
1058 156 33 21
1058 156 33 21
1058 156 33 21
1058 156 33 21
1058 156 33 21
1058 156 33 21
1058 156 33 21
1058 156 33 21
1058 156 33 21
1058 156 33 21
1058 156 33 21
1058 156 33 21
1058 156 33 21
1058 156 33 21
1058 156 33 21
1058 156 33 21
1058 156 33 21
1058 156 33 21
1058 156 33 21
1058 156 33 21
1058 156 33 21
1058 156 33 21
1058 156 33 21
1058 156 33 21
1058 156 33 21
1058 156 33 21
1058 156 33 21
1058 156 33 21
1058 156 33 21
1058 156 33 21
1058 156 33 21
1058 156 33 21
1058 156 33 21
1058 156 33 21
1058 156 33 21
1058 156 33 21
1058 156 33 21
1058 156 33 21
1058 156 33 21
1058 156 33 21
1058 156 33 21
1058 156 33 21
1058 156 33 21
1058 156 33 21
1058 156 33 21
1058 156 33 21
1058 156 33 21
996 167 80 50
990 173 80 51
992 178 76 48
993 177 75 47
988 175 76 47
996 175 74 46
991 174 74 46
998 173 74 46
994 172 73 46
1003 172 74 46
1003 170 74 46
1010 170 74 46
1011 170 74 46
1018 169 74 46
1016 170 73 45
1024 167 73 45
1020 167 71 44
1029 168 70 43
1029 167 71 44
1028 167 70 43
1032 166 70 43
1028 166 69 42
1031 165 68 41
1028 164 68 41
1031 164 66 40
1029 163 66 40
1032 164 65 39
1029 162 66 39
1032 163 66 39
1029 163 65 38
1029 163 64 37
1033 162 63 36
1030 163 62 35
1033 161 63 36
1030 162 61 35
1033 162 61 35
1031 164 61 35
1033 163 61 35
1031 161 61 35
1030 161 61 35
1031 161 61 35
1030 160 60 35
1032 161 58 34
1032 160 57 33
1031 160 56 33
1033 160 54 32
1033 160 54 32
1032 160 53 32
1032 159 52 31
1035 159 51 30
1032 159 52 31
1034 158 51 31
1032 158 52 31
1033 160 51 31
1031 158 52 32
1033 160 51 32
1030 158 52 33
1033 158 50 32
1033 158 50 32
1033 158 51 33
1031 157 51 33
1031 158 52 33
1030 158 52 33
1032 158 51 32
1030 158 53 33
1029 158 53 33
1029 157 53 33
1029 158 52 33
1032 158 51 32
1030 157 51 32
1030 157 51 32
1030 156 50 32
1032 156 50 32
1031 155 51 32
1029 155 52 33
1030 156 51 33
1029 155 52 34
1029 155 51 34
1029 154 51 34
1029 154 50 33
1030 154 50 33
1030 152 50 33
1031 152 49 32
1031 152 50 33
1030 152 50 33
1030 151 49 33
1031 151 48 32
1032 152 48 32
