637 319 61 82
637 320 61 82
636 320 62 83
637 320 61 82
637 322 60 80
636 322 60 81
636 321 61 82
635 322 61 83
634 321 63 86
635 322 63 86
634 322 65 88
634 323 63 85
635 324 63 85
636 327 61 82
635 326 63 84
635 328 62 83
637 329 60 81
636 329 60 81
637 329 60 81
636 329 60 82
636 330 59 81
636 329 59 82
636 330 60 84
636 329 61 85
634 328 63 87
636 331 61 84
636 331 60 83
636 332 60 83
636 333 58 81
636 333 57 80
635 333 59 82
635 335 58 81
638 335 56 78
637 336 57 80
636 335 58 82
637 336 57 80
637 336 57 80
636 336 57 80
636 336 57 80
637 336 56 79
638 336 56 79
637 336 57 81
638 336 56 79
638 336 57 80
637 336 57 80
637 336 57 81
638 336 56 80
638 336 57 81
638 336 56 80
639 338 55 79
640 338 55 79
639 337 56 80
639 337 56 81
640 337 56 81
640 337 56 81
640 337 56 81
640 337 55 80
639 337 56 81
640 337 55 80
639 337 56 82
640 337 56 81
640 337 56 81
640 337 56 81
641 337 56 81
641 338 55 80
640 337 55 81
640 336 56 82
640 335 57 83
640 336 57 82
640 337 57 81
640 337 56 79
639 335 58 82
641 336 57 81
640 337 56 79
640 335 58 81
640 336 58 81
641 336 57 79
640 335 58 81
641 336 57 80
641 336 56 79
641 336 57 80
641 337 56 79
642 337 56 79
642 338 55 77
642 338 54 76
642 340 55 77
642 340 54 75
642 339 55 76
641 340 56 77
643 340 55 75
642 340 55 75
641 340 55 75
641 340 55 75
641 340 56 76
642 340 56 77
642 340 56 77
643 339 56 77
643 340 56 78
643 341 55 77
643 341 55 77
643 341 55 77
643 341 55 76
643 341 55 76
642 341 55 76
642 340 55 77
641 340 56 78
642 341 54 76
643 343 53 74
643 343 53 73
643 343 53 73
643 343 53 72
643 344 53 72
643 344 53 72
642 344 53 72
642 345 53 72
642 346 52 70
643 346 51 69
643 346 50 68
642 346 51 70
642 346 51 70
642 346 51 70
642 346 51 70
642 347 50 69
642 347 50 69
642 347 50 69
642 347 50 69
642 347 51 70
642 348 50 69
642 349 50 69
643 349 49 68
643 350 49 68
643 350 48 67
643 350 48 67
642 350 49 68
642 350 49 67
642 350 49 67
641 350 49 67
640 349 50 69
640 350 50 69
641 350 50 69
640 349 51 71
641 349 50 70
640 350 51 71
641 351 50 69
642 352 50 69
641 352 51 70
640 352 51 70
640 352 51 70
640 352 51 71
640 352 51 70
639 352 52 71
640 352 52 71
640 352 53 72
640 352 53 72
640 352 53 72
639 352 53 72
639 352 52 71
640 353 52 71
641 353 51 70
640 353 52 72
640 353 52 72
640 354 52 72
640 354 52 72
640 354 51 71
640 354 51 71
640 355 51 71
640 355 51 71
640 355 51 71
640 355 52 72
640 355 52 72
640 356 52 72
640 355 53 73
639 355 54 74
639 354 55 75
638 354 56 76
639 355 55 75
639 354 55 75
640 355 55 75
640 355 55 75
640 355 55 75
640 355 54 74
640 355 54 74
640 356 54 73
640 356 54 73
640 355 53 72
640 355 53 72
640 356 52 71
641 356 51 70
641 356 51 70
641 356 51 70
641 356 51 70
641 355 52 71
642 355 52 71
642 356 51 70
641 355 52 71
641 353 54 74
640 353 55 75
640 353 54 74
640 352 56 77
640 351 56 78
640 351 57 79
640 351 56 78
640 352 57 79
640 353 56 77
640 353 56 77
640 353 56 77
640 353 56 77
640 353 55 76
640 353 54 75
640 353 54 75
640 353 54 75
640 353 54 75
641 354 54 74
641 354 54 74
641 354 54 74
641 354 55 75
641 355 54 73
641 354 55 74
641 355 54 72
640 355 55 73
641 354 55 73
641 354 54 72
640 354 55 74
640 354 55 74
640 354 55 74
640 354 55 74
640 354 55 74
640 354 55 74
640 354 55 74
639 354 55 74
638 354 55 74
638 354 55 74
638 354 54 73
638 353 54 74
638 352 55 75
637 352 56 76
637 352 56 76
637 352 56 76
636 352 57 77
637 353 56 76
637 353 56 76
637 353 56 77
638 353 55 76
637 353 56 77
638 353 55 75
637 353 55 76
638 354 55 76
638 354 55 75
638 354 55 75
638 354 54 74
637 353 56 77
639 353 54 75
638 353 55 76
637 353 55 76
637 352 56 77
637 352 56 77
637 351 57 78
637 352 57 78
637 352 56 77
637 352 56 77
637 351 57 78
636 352 57 78
637 352 56 77
636 352 56 77
636 352 56 77
636 352 56 77
637 352 55 76
636 352 55 77
637 352 54 76
637 352 55 77
638 353 53 75
638 353 53 75
637 353 54 76
637 352 55 77
637 352 55 77
636 352 55 77
637 352 55 77
637 352 55 77
637 352 55 77
637 352 55 77
637 352 55 77
637 352 55 77
637 352 55 77
637 352 55 77
637 352 55 77
637 352 55 77
636 352 55 77
636 352 55 77
636 352 55 77
637 352 55 77
637 352 55 77
637 351 56 78
636 351 57 80
637 351 56 79
638 351 56 78
637 350 57 79
637 350 57 79
636 349 58 81
637 350 57 80
637 350 58 81
638 351 56 78
638 350 57 79
638 351 57 79
639 352 56 77
639 352 56 76
639 353 56 76
639 353 56 75
639 352 57 76
638 352 58 77
639 353 56 75
638 353 56 76
638 353 56 76
637 352 56 76
637 351 57 77
637 351 57 76
636 350 58 77
637 350 57 75
636 350 58 76
637 350 58 76
637 350 58 77
637 350 58 77
636 350 58 78
637 350 58 78
636 349 59 79
636 349 59 79
636 349 59 79
637 349 58 78
637 349 59 80
636 349 59 80
636 350 59 80
637 350 58 79
637 350 58 79
636 350 59 80
636 350 60 81
637 350 59 80
636 350 60 82
638 350 59 80
637 349 60 81
637 349 60 82
638 349 59 81
637 348 60 82
637 349 60 82
637 349 60 82
637 349 60 82
637 349 60 82
637 349 60 82
637 349 60 82
637 349 60 82
637 349 60 82
637 349 60 82
637 349 60 83
638 349 59 81
637 349 60 82
637 349 60 82
637 349 60 82
636 348 61 83
635 348 61 83
635 348 60 82
636 350 60 82
636 349 61 83
635 349 61 83
634 349 61 84
634 349 61 84
634 349 61 84
634 349 61 85
634 349 61 84
634 349 61 84
633 350 61 84
634 351 59 81
633 350 60 83
634 350 59 82
632 350 60 84
634 351 58 81
633 351 58 81
634 350 59 82
633 350 60 83
633 350 59 82
632 350 60 83
634 350 59 81
633 350 59 81
632 349 60 82
632 349 60 82
632 349 60 82
632 349 60 82
632 349 60 82
633 349 60 82
634 349 61 83
633 349 61 83
633 349 60 82
634 349 60 82
634 349 60 82
633 349 61 83
634 349 60 82
633 349 61 83
633 349 60 82
634 348 60 82
633 348 61 83
634 348 60 82
634 348 61 83
634 348 60 82
635 350 60 82
634 350 60 82
635 350 59 81
634 350 59 81
635 350 59 81
635 350 59 80
634 350 60 81
636 351 59 79
635 351 59 79
635 351 59 79
635 351 59 79
635 351 59 79
635 351 59 79
635 351 59 79
634 350 60 80
636 350 60 81
635 349 61 83
635 349 61 83
636 349 61 82
635 349 62 83
636 349 61 82
635 348 62 83
636 349 61 82
636 349 61 82
635 349 61 82
635 349 60 81
638 349 59 79
637 349 60 80
637 350 60 80
637 349 61 81
637 350 61 81
637 351 60 80
638 351 60 80
638 352 59 78
638 352 58 77
637 352 58 77
637 352 58 77
638 350 58 78
637 350 59 79
638 349 58 78
637 350 59 80
637 349 57 78
636 350 57 78
637 349 57 79
637 348 57 79
637 349 57 78
637 349 57 78
637 348 57 78
637 348 57 78
636 347 58 79
636 346 57 78
636 346 58 80
637 347 57 78
637 348 56 76
638 348 56 75
636 348 55 74
636 347 56 75
635 346 56 75
635 345 57 76
635 344 58 77
634 344 59 78
634 345 59 77
635 346 58 76
635 347 57 75
636 347 56 74
637 347 56 74
637 347 56 74
637 347 57 75
637 347 56 74
637 346 57 75
636 346 56 74
637 344 56 74
637 343 57 75
636 343 59 77
635 341 59 77
635 341 59 78
635 342 59 78
635 342 59 78
636 343 58 77
635 342 59 79
635 342 60 80
635 342 61 82
636 342 60 81
637 343 60 81
637 343 60 81
637 342 60 82
637 343 60 82
637 343 61 83
638 344 59 81
637 343 60 82
636 342 61 84
636 341 61 84
636 342 61 84
636 342 61 84
636 343 61 83
636 344 61 83
635 344 61 83
634 344 61 83
635 344 60 82
636 345 59 81
635 344 60 82
636 344 60 82
635 344 60 82
635 344 59 81
635 344 59 81
634 344 59 81
634 343 59 82
635 344 59 83
635 343 59 84
635 344 59 83
634 344 59 83
634 344 60 85
635 344 60 84
635 345 59 83
635 345 58 82
634 345 59 83
634 344 60 84
633 344 61 85
634 344 60 84
633 344 61 85
634 344 61 85
634 344 60 84
634 344 60 84
634 344 61 85
634 344 61 85
635 345 60 83
634 344 61 84
634 345 62 85
636 345 61 83
635 346 60 81
634 346 61 83
634 346 61 83
634 346 61 83
634 346 61 83
634 346 61 83
634 346 61 83
634 346 61 83
634 346 61 82
633 346 62 83
634 346 62 82
633 347 62 82
634 347 61 81
634 348 60 80
634 347 60 81
634 347 60 81
635 346 60 81
634 347 59 80
633 346 60 81
633 345 60 82
633 344 61 84
633 345 60 83
634 345 59 82
634 345 59 82
634 345 59 81
634 346 58 79
633 345 59 81
633 345 59 81
634 345 58 80
633 345 58 80
634 345 58 80
634 345 58 80
634 345 58 80
634 345 58 80
634 345 58 80
634 345 58 79
634 345 58 78
633 345 58 78
632 345 58 78
632 344 59 79
632 344 58 78
632 344 59 80
633 344 59 79
632 344 59 80
633 345 58 78
633 344 58 79
633 344 57 78
632 343 58 79
632 343 59 80
632 343 58 79
633 343 58 80
633 344 58 80
635 344 57 79
635 344 57 78
634 343 58 80
634 343 58 80
635 344 58 79
636 344 57 78
636 344 58 79
638 345 57 77
638 346 57 76
637 346 57 76
637 347 57 76
638 347 56 75
638 347 56 75
638 347 56 75
638 346 57 77
638 346 56 76
638 345 58 78
638 344 59 79
637 344 59 79
637 344 59 79
637 345 58 78
638 346 59 79
639 347 57 76
638 347 57 76
638 347 57 76
638 347 58 78
639 347 57 77
639 347 57 77
639 347 57 77
639 348 57 77
640 347 57 76
640 349 57 76
640 349 57 76
640 349 57 76
640 348 57 77
640 347 57 78
640 348 57 78
640 349 56 77
640 346 57 78
640 348 57 78
639 349 57 79
639 347 57 79
638 347 57 79
638 347 56 78
639 349 55 77
639 350 54 75
640 351 53 74
640 352 53 74
641 353 52 72
641 351 53 73
641 352 53 73
641 352 54 74
641 354 53 73
642 352 53 73
642 352 53 73
638 350 53 74
640 351 54 74
641 352 54 74
642 353 53 72
641 353 53 73
641 353 53 72
641 353 53 71
639 351 55 73
639 351 55 73
639 352 55 74
638 353 55 74
637 351 56 76
637 351 56 77
637 350 56 78
637 351 56 79
637 351 57 80
637 349 58 81
637 350 57 80
636 348 58 81
636 348 59 83
637 347 60 84
638 346 60 84
638 349 60 84
639 346 59 83
640 344 58 82
641 343 57 80
640 346 56 79
639 345 54 77
639 345 53 75
638 347 52 74
639 347 51 73
639 347 51 73
639 347 50 72
639 347 51 73
639 348 51 72
639 348 51 72
639 348 51 72
639 348 51 71
638 348 51 71
637 348 52 73
638 347 52 73
639 347 51 72
637 347 52 74
638 346 51 73
638 345 52 74
637 345 53 76
637 345 53 75
637 344 54 77
637 343 55 79
638 342 55 79
638 343 54 78
637 343 54 78
636 342 55 79
636 342 55 79
636 341 55 79
636 341 55 79
636 342 55 79
637 342 55 79
636 342 55 79
636 341 56 81
636 341 56 81
636 342 56 81
637 342 56 81
638 342 56 80
637 344 56 80
638 344 55 79
639 344 54 78
638 345 54 77
637 345 55 78
637 346 54 76
638 347 53 74
638 347 53 74
638 347 53 74
637 346 54 75
638 346 54 75
638 346 54 74
638 347 53 73
638 347 53 73
638 347 52 72
636 346 54 75
636 345 55 76
635 345 56 77
637 345 55 75
636 345 55 75
635 345 55 75
635 345 55 75
635 344 56 76
634 344 57 77
634 344 56 76
634 344 56 76
634 344 56 75
634 345 56 75
635 345 55 74
634 345 56 76
634 345 55 75
634 345 56 76
634 345 56 76
634 345 57 77
634 346 56 75
634 346 56 75
633 345 57 76
633 345 58 77
634 346 57 76
634 347 57 76
635 347 57 75
635 347 57 75
635 347 57 75
635 348 56 74
635 348 56 74
635 348 56 74
636 348 56 74
636 347 57 75
636 348 57 75
636 348 57 74
635 348 59 76
634 348 59 76
634 348 59 76
634 348 59 76
634 349 59 76
635 349 58 75
635 350 57 74
635 350 57 75
636 350 57 75
636 351 56 73
636 351 56 73
636 351 56 74
635 351 57 75
634 351 57 75
635 350 58 77
635 350 58 77
634 350 59 78
633 350 59 78
634 350 59 79
634 349 59 80
633 348 61 82
633 348 61 82
633 348 61 82
632 347 62 83
634 347 62 83
633 347 63 84
632 347 63 84
633 348 62 83
633 348 62 83
633 348 61 82
633 349 61 82
635 350 60 80
636 351 59 79
636 352 57 76
635 351 59 78
635 352 59 78
636 353 57 76
635 353 57 77
636 353 56 76
635 353 56 76
635 352 56 77
635 352 56 77
635 352 55 76
634 351 56 78
635 352 55 76
635 353 54 75
635 352 54 75
634 352 54 75
634 351 54 76
634 351 55 77
634 352 54 75
634 351 54 76
634 351 54 76
634 351 54 77
635 351 54 77
635 352 53 76
635 351 53 76
634 350 54 77
635 350 54 77
635 350 54 77
635 350 54 78
635 349 55 79
635 349 55 79
635 349 55 79
636 349 54 78
635 348 55 80
635 348 55 81
635 348 55 81
636 348 55 81
636 348 54 80
636 348 54 81
636 348 54 80
635 348 55 81
635 348 54 80
635 348 54 81
635 348 54 81
635 348 54 81
635 349 53 79
635 349 53 79
635 349 53 79
634 349 53 79
635 349 53 79
636 349 52 78
635 349 53 80
635 350 51 78
636 349 52 79
637 350 51 77
636 349 52 78
635 348 54 80
635 349 54 80
634 349 54 80
635 349 54 80
635 349 54 79
634 349 54 80
635 348 54 80
635 348 54 80
635 347 54 80
636 346 54 80
636 348 53 78
636 346 54 79
637 346 53 78
638 347 52 76
639 346 53 77
639 347 53 77
640 347 53 77
641 347 52 76
641 346 53 77
641 348 53 76
641 348 53 76
641 348 53 76
641 347 53 76
642 348 53 77
643 348 52 76
644 348 53 77
644 349 52 76
645 348 53 78
646 352 52 76
646 352 52 77
647 353 52 76
648 355 51 75
648 354 51 75
648 357 50 74
649 357 50 74
649 357 51 75
650 359 50 74
650 360 50 75
650 359 50 76
651 361 49 75
652 362 47 73
652 364 47 72
653 365 46 71
654 365 45 69
654 369 45 69
655 367 44 67
656 370 44 66
658 371 43 65
659 371 42 64
660 373 42 64
660 371 43 65
661 370 44 66
662 371 43 65
663 371 42 64
663 374 42 63
661 375 42 63
661 376 42 63
662 376 42 63
661 379 42 63
661 382 42 63
662 382 42 62
663 384 43 63
663 385 43 63
663 383 43 63
663 387 43 63
663 381 42 61
663 387 42 62
664 386 41 61
665 391 40 60
666 390 40 60
666 385 40 60
668 384 39 59
669 382 38 58
670 378 37 56
669 380 37 56
676 379 37 56
673 377 37 57
673 384 35 55
671 379 36 55
669 380 35 54
669 382 35 53
669 382 34 52
670 384 33 51
671 383 33 51
674 389 32 50
661 399 33 51
659 401 32 50
659 401 32 50
659 401 32 50
659 401 32 50
659 401 32 50
659 401 32 50
659 401 32 50
659 401 32 50
659 401 32 50
659 401 32 50
659 401 32 50
659 401 32 50
659 401 32 50
659 401 32 50
659 401 32 50
659 401 32 50
659 401 32 50
659 401 32 50
659 401 32 50
659 401 32 50
659 401 32 50
659 401 32 50
659 401 32 50
659 401 32 50
659 401 32 50
659 401 32 50
659 401 32 50
659 401 32 50
659 401 32 50
659 401 32 50
659 401 32 50
659 401 32 50
659 401 32 50
659 401 32 50
659 401 32 50
643 411 49 69
643 411 49 69
643 411 49 69
643 411 49 69
583 443 49 69
583 445 50 69
579 429 50 70
580 431 51 70
579 433 51 70
578 427 53 73
577 418 54 74
575 409 56 77
573 400 58 80
571 391 60 83
569 380 62 86
567 371 64 89
565 363 65 91
563 354 67 94
562 349 67 94
560 343 69 96
559 336 69 96
559 333 67 94
559 328 66 93
560 323 65 91
559 320 65 91
559 314 63 89
558 310 63 88
557 306 63 88
556 300 63 89
556 295 62 88
557 292 61 86
557 287 59 83
556 284 59 83
555 277 59 84
555 273 57 81
555 269 56 79
554 264 56 79
553 258 57 81
552 253 56 80
552 249 56 80
552 247 55 78
551 241 54 77
552 239 54 77
551 234 54 77
554 230 53 75
554 231 52 74
558 227 50 72
562 227 51 73
568 225 50 71
