620 358 91 195
620 358 91 195
620 362 91 195
620 362 91 194
621 362 90 193
622 360 91 195
621 362 90 192
621 364 90 192
622 364 89 190
621 363 88 187
621 365 89 189
621 366 88 187
622 366 88 188
623 363 87 186
624 365 86 184
623 368 86 184
626 364 86 184
626 370 85 181
624 373 86 184
625 368 86 185
626 369 87 187
625 367 88 188
624 369 88 189
623 364 90 193
622 367 89 192
623 366 89 193
623 366 89 194
624 367 87 191
625 370 85 187
627 371 84 184
628 370 84 184
629 372 82 180
628 374 82 180
630 374 81 178
630 375 80 175
631 376 79 173
630 383 78 172
631 382 78 172
632 385 76 168
631 387 76 168
630 386 77 171
628 384 77 172
628 384 77 171
627 383 77 171
627 386 77 172
625 381 78 174
626 390 78 173
626 392 78 174
626 392 78 175
626 390 79 178
625 390 81 182
625 387 82 184
625 386 83 187
624 381 84 190
625 381 86 194
627 373 87 195
626 376 89 199
625 368 89 198
627 375 89 197
625 372 89 196
628 371 90 198
624 373 91 200
627 368 90 199
627 373 90 198
627 372 89 197
624 375 89 198
627 373 89 197
625 379 90 199
625 375 90 199
622 378 92 203
623 372 93 205
623 375 93 206
620 375 95 210
621 371 96 213
618 375 97 216
622 370 97 216
616 374 99 220
618 368 99 221
616 372 99 220
616 370 99 220
617 371 98 218
618 372 98 217
616 374 98 217
616 373 99 220
614 371 100 221
614 368 99 220
615 365 98 217
615 365 97 214
617 362 95 210
619 362 92 204
622 367 89 198
623 366 87 194
623 373 87 193
623 372 87 192
623 374 86 191
623 374 86 191
623 375 86 191
624 369 87 193
625 367 86 190
625 369 85 187
625 370 85 186
626 368 85 187
624 366 85 187
626 365 86 189
625 365 88 194
624 365 89 196
622 367 90 197
624 369 90 196
622 371 89 195
621 370 89 195
623 369 90 197
623 368 90 196
624 368 90 195
624 367 91 198
622 368 92 200
622 369 93 202
621 368 94 204
623 368 94 204
628 368 94 203
623 370 96 206
625 367 98 210
623 371 98 210
619 368 99 213
620 367 99 214
620 369 98 213
622 369 97 212
621 371 96 209
624 371 94 205
625 372 92 200
625 376 90 196
626 377 89 193
624 378 88 190
626 378 87 187
626 378 87 186
626 377 88 188
624 378 89 189
624 377 89 190
625 376 90 191
622 380 90 191
623 377 91 192
620 377 92 194
621 377 91 192
620 377 91 193
618 377 91 193
618 378 90 190
619 381 88 186
622 380 87 183
621 382 86 181
623 381 85 179
622 381 85 179
622 379 85 180
621 378 86 183
620 377 86 183
621 378 85 180
619 378 86 181
619 378 86 180
619 379 86 180
618 377 86 180
618 377 85 179
618 375 85 179
618 376 84 177
620 377 82 172
620 378 81 170
619 377 81 169
618 381 80 167
618 382 80 168
618 384 80 169
618 378 78 166
620 381 77 164
619 380 76 162
619 383 76 163
619 381 76 163
619 378 77 164
619 373 78 166
621 370 78 165
622 374 77 164
621 370 77 164
621 373 77 164
621 370 77 164
621 373 78 167
622 368 78 167
621 369 80 171
622 367 81 173
621 366 82 175
622 366 82 175
620 366 84 178
621 365 84 178
621 364 86 181
621 363 86 181
621 366 86 182
620 364 87 185
620 362 87 185
621 362 87 184
621 362 87 184
621 361 88 186
622 361 88 185
621 359 90 189
621 357 92 193
621 355 93 196
621 356 93 196
622 354 92 194
624 355 91 192
623 355 91 193
624 356 90 191
624 357 89 189
624 356 88 187
626 360 87 185
624 358 88 187
624 362 87 186
626 359 86 184
626 364 86 184
628 358 86 183
626 366 86 183
626 361 86 183
627 361 86 183
628 360 85 181
629 365 84 180
629 364 84 181
630 362 84 180
630 364 84 181
630 366 84 182
630 367 84 182
630 365 84 182
630 364 85 183
630 362 85 184
631 362 85 184
626 363 87 188
628 361 87 188
628 362 87 187
627 362 86 186
628 365 86 185
627 365 86 184
626 367 87 186
625 365 89 189
624 364 89 189
625 367 88 187
625 368 88 187
626 367 88 186
624 367 88 186
624 367 88 186
624 368 89 187
624 366 90 189
623 369 90 189
623 366 90 189
622 370 89 188
623 368 88 186
624 371 87 183
621 369 87 184
622 373 86 181
621 374 86 182
622 374 87 183
621 372 87 182
622 373 86 180
623 371 86 180
624 370 86 180
625 372 85 179
623 374 86 180
624 373 85 179
623 372 87 183
622 371 89 186
620 372 89 186
621 370 90 188
621 370 89 186
621 372 89 186
621 370 89 187
622 368 89 186
623 368 87 183
624 368 86 182
624 370 87 183
623 367 88 184
624 370 88 183
624 366 88 184
625 370 88 184
624 370 90 189
622 363 90 189
623 369 90 189
625 364 90 188
622 369 89 185
624 370 88 183
625 370 88 183
624 367 90 187
624 368 91 188
623 373 92 189
624 370 92 189
622 372 92 189
623 370 91 188
621 375 90 186
624 372 90 185
623 375 89 183
621 374 90 184
622 382 89 182
618 374 91 186
622 377 90 183
620 379 90 184
621 380 91 187
619 382 91 186
620 381 92 188
618 385 94 192
617 378 94 192
618 386 94 193
617 378 95 195
617 385 96 197
617 382 97 200
617 389 98 201
619 375 98 201
612 381 98 200
611 380 97 198
613 382 96 197
614 376 94 194
620 383 91 188
620 380 89 184
623 385 87 180
621 388 85 177
624 391 83 173
622 390 82 171
624 397 80 167
624 397 80 167
623 400 79 165
621 400 79 165
624 395 78 163
626 401 77 161
624 406 76 159
625 397 76 159
626 406 75 157
624 408 76 159
625 397 77 162
626 403 76 160
626 401 75 158
626 403 75 158
625 402 75 158
626 402 75 158
626 400 76 160
627 400 76 161
626 401 77 163
625 397 78 165
627 396 78 165
627 400 77 163
627 399 76 161
627 404 77 163
625 400 76 161
628 395 77 163
625 405 78 165
624 402 77 163
627 397 77 163
627 402 79 168
629 397 79 168
629 394 80 170
628 395 81 172
628 393 81 173
627 394 81 174
626 395 81 175
625 394 81 175
619 396 82 178
617 399 80 174
618 400 79 172
614 395 81 177
612 399 81 178
608 399 82 180
606 399 82 180
603 401 82 179
601 399 81 177
595 402 82 178
596 397 82 178
591 402 83 181
588 396 82 180
588 405 81 177
585 398 81 176
585 410 79 172
586 403 77 168
585 413 77 167
583 407 76 166
585 416 76 165
586 410 76 165
586 417 76 165
585 411 76 164
586 421 75 162
586 413 75 162
586 423 75 161
587 413 75 162
587 410 75 161
581 402 75 162
567 394 76 164
529 399 76 165
516 385 77 166
505 380 77 166
500 372 75 162
505 356 76 163
515 340 76 162
513 327 74 158
460 320 73 157
417 324 73 156
410 311 73 156
407 301 71 152
403 293 70 150
399 287 69 148
392 280 69 149
379 273 71 153
367 267 71 153
336 275 72 156
323 269 73 156
309 263 75 160
301 260 75 159
293 264 76 161
284 261 77 164
278 262 77 163
272 257 76 161
269 261 76 160
261 259 78 164
248 261 80 168
239 256 79 167
230 260 80 170
222 255 79 168
214 262 79 168
206 257 78 166
204 262 76 162
207 257 74 159
207 256 72 155
209 258 71 152
209 257 70 150
210 253 69 149
211 256 68 148
212 252 67 146
212 249 66 143
214 252 67 144
212 244 66 143
214 245 67 145
213 243 67 145
214 241 67 144
214 237 66 142
214 239 66 143
216 233 66 143
213 231 66 142
213 230 67 143
213 226 67 143
213 225 67 142
213 224 67 141
213 222 67 140
213 220 66 139
215 218 66 138
215 214 65 137
214 213 64 136
217 213 63 133
215 208 63 134
218 207 61 130
217 206 59 126
218 205 58 124
220 205 57 123
218 201 57 122
221 206 57 121
219 200 57 122
221 196 56 120
221 199 55 119
220 193 55 120
221 193 55 121
221 190 55 122
223 185 54 121
222 187 54 121
223 181 54 122
223 182 53 121
223 178 53 121
223 176 52 119
223 178 52 119
223 173 52 119
224 172 51 117
224 171 51 118
224 168 50 116
225 168 51 119
224 164 50 117
225 166 51 119
223 160 51 119
223 163 52 121
225 157 52 122
222 160 51 120
223 153 53 124
221 156 52 122
223 151 52 123
222 153 51 120
222 151 51 121
222 147 51 122
222 149 50 119
222 145 51 122
223 145 50 120
222 146 49 118
222 144 51 122
222 145 51 121
222 142 52 123
223 143 51 121
224 139 51 121
225 139 51 121
222 139 50 119
224 138 50 119
223 139 49 117
222 136 50 119
223 135 49 118
224 133 49 118
224 130 49 119
223 127 50 122
224 128 50 122
222 125 51 124
224 126 51 124
224 124 50 123
225 123 50 122
225 122 50 121
226 119 49 119
225 119 49 119
225 117 48 118
226 113 48 117
226 115 47 116
225 110 47 117
226 113 46 115
226 108 45 114
225 108 45 113
226 103 45 114
227 106 44 112
227 102 44 111
228 103 45 112
226 99 44 110
228 100 44 109
228 98 43 107
228 97 43 107
229 96 43 106
227 94 42 104
229 95 42 104
228 91 42 103
229 91 42 103
226 89 42 102
228 90 42 102
226 87 42 103
228 88 41 101
226 84 42 104
227 85 41 103
226 79 43 107
226 79 43 107
225 75 42 105
226 77 42 105
226 80 41 103
227 83 40 101
227 78 41 104
224 74 41 103
225 75 41 104
225 76 41 104
227 75 41 104
225 72 40 102
227 73 41 104
227 73 41 103
225 71 41 103
227 71 41 104
226 71 42 105
227 68 42 105
226 68 41 104
227 68 42 106
226 67 41 104
227 66 41 103
226 65 40 101
227 65 40 101
227 64 39 99
226 63 39 98
227 65 39 98
226 63 39 98
226 60 40 100
226 60 40 99
226 61 40 98
226 61 39 97
226 61 39 96
225 60 39 97
225 57 40 98
226 54 39 96
226 52 38 94
227 49 37 92
226 53 36 90
228 48 36 91
226 51 36 90
228 46 36 90
228 49 36 90
227 47 36 90
224 49 36 91
