2080 396 162 72
2067 396 160 71
2046 396 160 71
2028 394 161 72
2013 395 158 71
1993 394 157 70
1975 394 160 71
1959 392 163 73
1941 393 163 73
1925 391 165 74
1906 392 164 74
1892 390 164 74
1880 391 163 74
1866 390 163 74
1852 390 162 73
1846 390 159 72
1830 391 158 71
1820 392 155 70
1810 392 154 70
1800 391 156 71
1789 391 158 72
1776 392 159 72
1761 391 160 73
1753 391 159 73
1752 386 157 72
1735 391 157 72
1731 393 156 72
1725 393 157 73
1715 393 157 73
1715 392 160 74
1707 393 161 75
1705 394 159 74
1702 396 156 72
1700 397 154 71
1699 397 155 71
1696 398 153 70
1698 399 152 70
1692 399 151 70
1700 400 147 68
1703 402 146 68
1715 402 144 67
1720 403 144 67
1730 404 145 67
1739 406 144 67
1750 408 143 66
1760 409 143 66
1769 411 144 67
1779 412 145 67
1790 413 147 68
1799 413 149 69
1807 415 148 69
1818 416 152 71
1824 416 155 73
1836 418 154 73
1846 419 153 73
1857 420 153 73
1868 421 153 73
1877 423 152 73
1887 425 152 73
1893 428 149 72
1902 431 147 71
1906 434 146 71
1909 436 146 71
1911 436 145 71
1905 437 145 71
1906 439 142 69
1904 441 138 67
1904 442 137 67
1900 444 136 66
1897 444 139 68
1890 444 143 70
1889 444 145 71
1885 444 145 71
1880 445 145 71
1877 446 142 69
1874 448 141 68
1865 450 141 68
1855 450 138 67
1845 451 134 65
1833 452 134 65
1822 451 132 64
1807 451 136 66
1795 452 136 66
1787 451 134 65
1773 451 137 66
1766 452 137 66
1760 453 136 65
1756 454 132 63
1748 455 133 63
1742 455 134 63
1739 455 135 64
1731 456 138 65
1733 456 133 63
1723 457 136 64
1724 459 136 64
1715 459 135 63
1714 459 139 65
1706 460 138 64
1705 461 137 64
1700 462 134 63
1695 461 137 64
1690 464 133 62
1687 464 136 63
1679 464 137 63
1674 466 136 63
1667 466 140 65
1664 467 140 65
1658 468 138 64
1660 469 136 63
1653 469 137 64
1653 471 136 64
1648 471 137 64
1644 473 137 64
1643 474 135 63
1638 475 136 63
1641 477 134 62
1638 478 135 63
1646 477 137 64
1652 479 137 64
1671 481 136 63
1695 483 132 61
1717 486 129 60
1742 488 127 59
1767 488 125 58
1793 490 124 58
1816 490 128 60
1841 491 129 61
1895 501 130 61
1920 501 131 62
1946 500 131 62
1973 497 137 65
2003 497 140 67
2031 500 140 67
2057 522 142 68
2069 523 142 68
2092 525 138 66
2112 527 135 65
2129 528 132 63
2146 529 128 61
2161 540 127 60
2175 541 127 61
2188 543 121 58
2190 545 121 58
2187 546 121 58
2185 548 121 58
2181 549 121 58
2181 549 121 58
2181 549 121 58
2181 549 121 58
2181 549 121 58
2181 549 121 58
2181 549 121 58
2181 549 121 58
2181 549 121 58
2181 549 121 58
2181 549 121 58
2181 549 121 58
2181 549 121 58
2181 549 121 58
2181 549 121 58
2096 568 122 58
2098 565 121 58
2095 568 121 58
2077 570 121 58
2093 560 122 58
2087 555 123 59
2079 548 121 58
2081 566 122 58
2076 566 122 59
2070 559 120 58
2040 567 120 58
2026 567 121 59
2012 566 120 58
2023 566 121 58
2004 567 122 59
1988 565 120 58
1977 564 118 57
1991 571 116 56
1973 572 117 56
1960 570 114 54
1974 575 113 53
1962 574 114 54
1943 572 112 53
1958 579 112 53
1953 577 113 53
1949 578 109 51
1946 578 106 49
1945 579 102 47
1941 580 99 46
1933 581 97 45
1925 583 95 44
1916 584 93 43
1910 585 93 43
1903 587 93 43
1899 588 92 43
1896 589 91 43
1879 589 92 43
1885 591 93 44
1884 590 91 43
1859 594 91 43
1860 592 91 43
1842 595 92 43
1842 593 92 44
1819 598 92 44
1812 600 92 44
1812 600 92 44
1812 600 92 44
1812 600 92 44
1812 600 92 44
1812 600 92 44
1812 600 92 44
1812 600 92 44
1812 600 92 44
1812 600 92 44
1812 600 92 44
1812 600 92 44
1812 600 92 44
1812 600 92 44
1812 600 92 44
1812 600 92 44
1812 600 92 44
1812 600 92 44
1812 600 92 44
1812 600 92 44
1812 600 92 44
1812 600 92 44
1812 600 92 44
1812 600 92 44
1812 600 92 44
1812 600 92 44
1812 600 92 44
1812 600 92 44
1812 600 92 44
1812 600 92 44
1812 600 92 44
1812 600 92 44
1812 600 92 44
1812 600 92 44
1812 600 92 44
1812 600 92 44
1812 600 92 44
1812 600 92 44
1812 600 92 44
1812 600 92 44
1812 600 92 44
1812 600 92 44
1812 600 92 44
1812 600 92 44
1812 600 92 44
1812 600 92 44
1812 600 92 44
1812 600 92 44
1812 600 92 44
1812 600 92 44
1812 600 92 44
1812 600 92 44
1812 600 92 44
1812 600 92 44
1812 600 92 44
1812 600 92 44
1812 600 92 44
1812 600 92 44
1812 600 92 44
1812 600 92 44
1812 600 92 44
1812 600 92 44
1812 600 92 44
1812 600 92 44
1812 600 92 44
1812 600 92 44
1812 600 92 44
1812 600 92 44
1812 600 92 44
1812 600 92 44
1812 600 92 44
1812 600 92 44
1812 600 92 44
1812 600 92 44
1812 600 92 44
1812 600 92 44
1812 600 92 44
1812 600 92 44
1812 600 92 44
1812 600 92 44
1812 600 92 44
1812 600 92 44
1812 600 92 44
1812 600 92 44
1812 600 92 44
1812 600 92 44
1812 600 92 44
1812 600 92 44
1812 600 92 44
1812 600 92 44
1812 600 92 44
1812 600 92 44
1812 600 92 44
1812 600 92 44
1812 600 92 44
1812 600 92 44
1812 600 92 44
1812 600 92 44
1812 600 92 44
1812 600 92 44
1812 600 92 44
1812 600 92 44
1812 600 92 44
1812 600 92 44
1812 600 92 44
1812 600 92 44
1812 600 92 44
1812 600 92 44
1812 600 92 44
1812 600 92 44
1812 600 92 44
1812 600 92 44
1812 600 92 44
1812 600 92 44
1812 600 92 44
1812 600 92 44
1812 600 92 44
1812 600 92 44
1812 600 92 44
1812 600 92 44
1812 600 92 44
1812 600 92 44
1812 600 92 44
1812 600 92 44
1812 600 92 44
1812 600 92 44
1812 600 92 44
1812 600 92 44
1812 600 92 44
1812 600 92 44
1812 600 92 44
1726 634 133 60
1729 638 134 61
1733 637 140 64
1736 638 141 64
1735 640 143 65
1742 642 141 64
1748 642 139 63
1748 644 138 63
1757 646 136 62
1756 646 135 61
1762 649 133 60
1764 652 131 59
1766 652 128 58
1769 654 123 56
1790 649 124 56
1793 653 125 57
1797 653 123 56
1802 654 123 56
1807 655 123 56
1809 656 123 56
1813 658 122 56
1820 659 121 55
1823 661 121 55
1828 661 119 54
1833 663 117 53
1838 663 116 52
1843 663 114 51
1848 662 113 51
1852 661 113 51
1856 661 112 51
1856 661 112 51
1857 662 112 51
1867 662 112 51
1870 663 113 51
1877 664 113 51
1885 665 111 50
1887 666 111 50
1886 665 112 50
1881 665 111 50
1880 665 112 51
1898 668 112 51
1899 669 113 51
1899 666 117 53
1904 663 122 55
1906 663 120 54
1914 661 119 53
1924 659 117 52
1914 675 116 51
1926 676 117 52
1928 676 121 54
1929 679 122 55
1930 677 120 54
1930 679 121 55
1933 680 122 55
1939 678 126 57
1937 676 130 59
1934 677 134 61
1931 678 137 62
1913 677 137 62
1931 676 138 62
1912 672 139 63
1913 672 134 61
1926 672 132 60
1935 671 131 60
1949 670 129 59
1952 669 128 58
1965 670 127 58
1972 670 126 58
1941 678 123 56
1953 682 124 57
1963 681 124 57
1963 683 126 58
1968 688 124 57
1966 687 124 57
1974 689 122 56
1968 681 121 55
1967 683 121 56
1960 676 122 56
1970 682 122 57
1970 682 122 57
1970 682 122 57
1970 682 122 57
1970 682 122 57
1970 682 122 57
1970 682 122 57
1970 682 122 57
1970 682 122 57
1970 682 122 57
1970 682 122 57
1970 682 122 57
1973 688 122 57
1977 693 118 55
1978 698 116 54
1983 702 113 53
1991 701 112 52
1997 699 113 53
2008 699 118 56
2006 698 120 57
2015 697 120 57
2011 696 123 58
2012 697 121 57
2008 697 117 55
2014 700 114 54
2018 703 112 53
2020 699 110 52
2027 702 108 51
2029 700 108 51
2036 701 107 51
2036 702 110 52
2040 702 110 52
2048 700 111 53
2051 699 110 52
2058 699 107 51
2067 696 105 50
2062 696 103 49
2066 697 104 49
2063 699 107 50
2062 701 110 51
2066 703 113 52
2067 696 112 51
2075 701 113 52
2073 704 118 54
2071 707 117 54
2068 709 113 52
2067 710 109 50
2077 708 107 49
2083 706 106 48
2092 706 106 48
2100 705 107 48
2105 705 112 50
2102 707 115 51
2098 705 119 53
2103 704 124 55
2106 706 124 55
2110 705 123 55
2115 704 121 54
2124 704 120 53
2127 706 118 52
2134 706 116 51
2134 706 116 51
2139 706 117 51
2138 707 121 53
2139 708 124 54
2151 707 122 53
2159 710 119 52
2156 711 115 50
2165 711 116 50
2173 710 121 52
2167 710 121 52
2171 709 124 53
2173 708 130 56
2171 711 129 56
2183 712 128 56
2182 713 125 55
2190 714 121 53
2199 714 122 54
2206 715 124 55
2207 715 129 57
2208 714 135 59
2209 712 136 59
2209 713 134 58
2216 714 134 58
2213 713 132 57
2222 713 131 57
2229 713 130 57
2236 713 127 56
2238 714 126 56
2248 714 125 55
2255 714 123 54
2261 715 122 54
2269 714 120 53
2277 715 118 52
2280 716 115 50
2288 717 112 49
2283 718 108 47
2277 719 107 47
2280 717 110 48
2293 715 111 48
2293 715 111 48
2256 717 110 48
2259 717 111 48
2267 713 115 50
2278 712 117 51
2286 712 118 51
2290 712 121 52
2296 712 121 52
2304 713 123 53
2317 713 123 53
2327 713 129 55
2329 713 128 55
2333 711 126 54
2328 714 128 55
2331 711 125 54
2329 712 124 54
2331 711 123 54
2323 709 122 53
2323 708 122 53
2319 709 122 53
2321 709 121 52
2322 709 118 51
2326 707 115 50
2340 709 112 49
2341 709 108 47
2354 709 106 46
2352 705 105 45
2351 709 105 46
2337 701 105 46
2334 700 105 46
2339 699 103 45
2345 699 101 44
2345 700 100 44
2327 698 100 44
2334 696 99 43
2280 689 162 72
2280 689 162 72
2258 713 161 71
2272 715 160 71
2266 686 162 71
2265 681 162 72
2265 678 161 72
2284 680 158 71
2297 680 156 70
2311 679 154 69
2323 680 154 69
2328 680 153 68
2335 681 152 67
2339 681 150 66
2348 679 148 65
2353 680 145 64
2356 678 143 63
2367 678 142 62
2368 676 139 61
2373 676 137 60
2374 676 136 59
2377 677 135 59
2383 677 134 58
2389 677 133 58
2396 675 132 58
2398 674 134 59
2401 672 134 59
2407 672 135 60
2399 673 134 60
2403 673 129 58
2395 673 127 57
2393 671 126 56
2385 669 123 54
2377 666 124 55
2379 663 128 57
2370 660 129 57
2373 661 130 58
2365 661 129 58
2357 661 125 56
2348 661 122 55
2344 660 119 54
2346 662 115 52
2345 664 112 51
2341 664 108 49
2335 664 105 47
2327 663 100 45
2312 663 97 43
2302 662 98 44
2304 653 124 55
2284 653 125 56
2270 655 124 55
2272 656 121 54
2270 657 119 53
2265 655 118 52
2264 655 115 51
2256 654 113 50
2261 654 110 49
2259 654 109 49
2262 652 110 50
2260 652 110 50
2263 653 110 50
2262 652 110 50
2264 652 110 50
2264 650 112 51
2264 650 112 51
2261 650 110 50
2261 650 109 50
2262 649 108 49
2262 648 107 49
2258 647 106 49
2264 647 108 50
2261 645 107 50
2264 645 107 50
2264 642 106 49
2267 641 104 48
2271 641 103 48
2271 640 104 48
2274 640 104 48
2269 640 102 47
2270 640 101 47
2269 639 100 46
2273 638 101 46
2268 638 100 46
2274 638 103 47
2272 637 103 47
2276 637 102 47
2274 636 101 47
2279 634 101 47
2282 631 102 48
2282 632 102 48
2280 631 106 50
2281 630 109 51
2279 630 110 51
2278 629 109 51
2283 627 109 51
2283 625 108 51
2286 623 106 50
2297 623 105 49
2308 623 103 48
2313 625 103 48
2324 627 104 49
2313 622 104 49
2328 620 105 49
2313 622 105 49
2321 620 106 49
2321 620 106 49
2321 620 106 49
2321 620 106 49
2321 620 106 49
2321 620 106 49
2321 620 106 49
2280 621 105 48
2283 622 106 49
2284 623 104 48
2284 621 100 46
2289 621 95 44
2293 622 91 42
2296 623 89 41
2302 622 88 41
2300 622 90 42
2302 622 89 42
2305 619 89 42
2311 620 91 43
2308 616 95 45
2316 614 97 46
2312 612 99 47
2320 611 98 47
2317 609 102 49
2320 607 102 49
2316 608 106 51
2320 606 105 50
2321 606 105 50
2321 605 104 50
2327 604 103 49
2324 606 102 48
2328 605 101 48
2331 605 102 48
2335 606 102 48
2339 606 102 48
2342 605 102 48
2349 604 101 48
2355 603 99 47
2362 603 98 47
2367 603 98 47
2370 602 97 46
2374 600 97 46
2380 599 97 46
2378 596 97 46
2376 595 95 45
2381 592 93 44
2384 591 91 43
2390 593 92 43
2391 590 92 44
2391 589 91 43
2393 589 91 43
2417 618 135 61
2447 632 137 62
2457 633 138 62
2462 633 145 65
2464 636 147 66
2470 637 150 67
2471 637 154 69
2479 638 155 69
2488 641 155 69
2495 643 155 69
2499 644 155 69
2474 630 158 70
2493 633 158 70
2481 632 159 70
2478 628 160 71
2499 631 161 71
2487 636 159 70
2512 638 159 70
2493 637 160 70
2443 610 160 70
2455 610 157 69
2498 626 160 70
2505 627 160 71
2515 625 160 71
2515 624 160 71
2509 623 160 71
2428 584 161 71
2367 562 160 71
2382 562 161 71
2399 562 159 70
2396 565 159 70
2401 567 158 70
2398 567 160 71
2390 570 162 72
2365 557 161 71
2363 557 162 72
2366 558 158 70
2368 560 154 68
2372 564 150 66
2376 568 147 65
2370 571 147 65
2373 574 144 64
2378 577 141 63
2382 577 137 61
2384 575 133 59
2383 574 128 57
2382 572 122 54
2382 569 122 54
2382 566 122 54
2382 567 122 54
2380 566 122 54
2380 565 122 54
2379 565 117 52
2378 565 114 51
2375 565 114 51
2374 565 114 51
2371 564 112 50
2369 563 110 49
2368 561 108 48
2357 560 107 47
2355 561 109 48
2352 560 111 49
2347 557 112 49
2340 556 112 49
2330 555 111 48
2322 554 110 47
2323 554 107 46
2316 554 105 45
2317 552 102 44
2309 554 103 45
2310 551 101 44
2301 550 100 44
2303 549 98 43
