110 848 67 147
112 847 67 147
114 844 67 147
115 842 67 147
117 837 67 147
118 835 67 147
120 829 67 147
121 828 67 147
123 820 67 147
124 820 67 147
126 814 67 147
127 810 67 147
129 808 67 147
131 808 67 147
132 804 67 147
135 803 67 147
137 799 67 147
140 799 67 147
143 795 67 147
146 795 67 147
151 790 67 147
155 788 67 147
158 783 67 147
161 781 67 147
163 776 67 147
164 773 67 147
167 772 67 147
169 769 67 147
171 767 67 147
174 765 67 147
177 764 67 147
181 762 67 147
185 761 67 147
188 758 67 147
191 756 67 147
193 753 67 147
195 748 67 147
197 746 67 147
199 743 67 147
202 738 67 147
204 733 67 147
206 729 67 147
209 725 67 147
211 722 67 147
214 726 67 147
217 724 67 147
220 728 67 147
226 724 67 147
230 716 66 145
232 722 66 145
238 719 66 145
242 716 66 145
245 711 66 145
248 706 66 145
252 701 66 145
251 701 66 145
254 698 66 145
256 695 66 145
258 692 66 145
260 693 66 145
262 689 66 145
266 688 66 145
267 685 66 145
272 686 66 145
274 690 66 145
276 689 66 145
279 690 66 145
281 692 66 145
283 692 66 145
287 689 66 145
288 685 66 145
293 683 66 145
296 681 66 145
298 681 66 145
300 681 66 145
301 675 66 145
303 675 66 145
302 676 66 145
306 670 64 142
303 678 65 142
317 673 63 139
308 675 64 139
308 694 62 136
315 693 62 135
318 692 61 134
319 702 61 132
326 700 61 132
328 684 60 131
348 660 60 131
346 664 60 131
342 666 60 131
343 668 60 131
356 654 59 128
355 657 59 129
351 659 59 129
365 652 58 127
362 654 58 127
359 656 58 127
359 658 58 127
369 654 58 128
364 654 59 129
360 659 59 129
375 650 58 128
370 652 59 129
364 657 59 129
377 644 59 129
372 649 59 130
368 657 59 130
381 644 59 130
375 649 59 130
370 658 59 130
383 642 59 130
377 649 59 130
389 641 58 128
382 648 58 128
375 654 58 128
384 632 58 128
378 640 58 129
372 646 58 129
375 636 57 127
370 644 57 127
364 651 57 127
360 655 57 127
358 657 57 127
358 658 57 127
357 656 57 127
354 655 57 127
352 655 57 127
353 652 57 127
352 653 57 127
351 651 57 127
350 651 57 127
349 649 57 127
349 649 57 127
343 628 57 128
341 636 58 129
340 639 58 129
337 641 58 129
336 643 58 129
333 647 58 129
330 651 58 129
328 652 58 129
327 652 58 129
327 653 58 129
326 654 58 129
327 656 58 129
327 657 58 129
330 656 58 129
332 655 58 129
332 652 58 129
333 649 58 129
334 647 58 129
335 647 58 129
337 646 58 129
336 646 58 129
339 644 58 129
339 643 58 129
340 642 58 129
342 642 58 129
342 643 58 129
343 643 58 129
343 643 58 129
344 642 58 129
345 643 58 129
345 644 58 129
348 631 57 127
347 635 58 128
347 639 58 128
348 640 58 128
349 639 58 128
350 639 58 128
350 639 58 128
352 640 58 128
353 639 58 128
354 637 58 128
355 635 58 128
356 632 58 128
357 632 58 128
359 630 58 128
360 630 58 128
360 630 58 128
361 631 58 128
361 630 58 128
362 630 58 128
362 630 58 128
363 628 58 128
364 628 58 128
366 625 58 128
364 626 58 128
367 624 58 128
368 624 58 128
369 622 58 128
368 621 58 128
369 618 58 128
368 615 58 128
366 613 58 128
368 613 58 128
366 614 58 128
367 612 58 128
368 610 58 128
367 611 58 128
369 609 58 128
370 610 58 128
372 609 58 128
371 607 58 128
371 603 58 128
370 603 58 128
370 603 58 128
382 602 58 128
380 608 58 129
377 604 58 129
376 602 58 129
377 602 58 129
378 599 58 129
378 599 58 129
379 598 58 129
380 596 58 129
381 596 58 129
384 594 58 129
388 595 58 129
392 598 58 129
393 599 58 129
394 598 58 129
395 594 58 129
394 591 58 129
396 591 58 129
396 588 58 129
397 583 58 129
398 582 58 129
400 582 58 129
400 580 58 129
402 579 58 129
405 576 58 129
405 579 58 129
407 574 58 129
408 578 58 129
408 576 58 129
410 576 58 129
411 575 58 129
412 576 58 129
412 575 58 129
407 571 57 128
414 573 58 129
417 574 58 129
419 573 58 129
421 571 58 129
422 573 58 129
424 573 58 129
424 573 58 129
426 571 58 129
426 572 58 129
427 572 58 129
428 571 58 129
429 569 58 129
429 571 58 129
417 563 58 130
423 567 59 130
420 559 59 131
420 559 59 131
420 559 59 131
420 559 59 131
420 559 59 131
420 559 59 131
436 547 59 131
437 552 60 131
432 554 60 131
431 560 59 128
429 568 59 129
424 572 59 129
422 576 59 129
419 579 59 129
417 581 59 129
416 583 59 129
419 560 59 129
416 567 59 130
413 572 59 130
414 574 59 130
415 574 59 130
416 576 59 130
417 577 59 130
426 560 60 133
430 560 60 133
431 558 60 133
431 557 60 133
432 557 60 133
431 555 60 133
431 554 60 133
431 551 60 133
428 550 60 133
428 548 60 133
426 546 60 133
425 547 60 133
427 549 60 133
428 551 60 133
429 551 60 133
431 551 60 133
431 550 60 133
428 551 60 133
426 555 60 133
425 559 60 133
424 562 60 133
424 563 60 133
424 564 60 133
426 562 60 133
428 560 60 133
429 561 60 133
430 561 60 133
431 561 60 133
436 560 60 133
440 559 60 133
442 557 60 133
445 557 60 133
446 557 60 133
445 556 60 133
446 555 60 133
446 554 60 133
446 554 60 133
446 552 60 133
444 551 60 133
445 548 60 133
446 546 60 133
446 549 60 133
447 550 60 133
449 549 60 133
451 549 60 133
452 553 60 133
459 546 59 131
459 552 59 131
457 551 59 131
461 552 59 131
462 550 59 131
464 548 59 131
465 550 59 131
468 549 59 131
468 549 59 131
469 549 59 131
469 548 59 131
469 546 59 131
470 544 59 131
471 542 59 131
471 540 59 131
471 538 59 131
472 535 59 131
472 535 59 131
473 533 59 131
474 532 59 131
477 528 59 131
477 523 59 131
475 518 59 131
473 515 59 131
471 513 59 131
470 511 59 131
466 509 59 131
464 510 59 131
462 513 59 131
460 516 59 131
458 515 59 131
456 515 59 131
454 515 59 131
453 516 59 131
453 514 59 131
452 512 59 131
450 513 59 131
448 511 59 131
446 511 59 131
445 510 59 131
441 509 59 131
442 510 59 131
440 509 59 131
440 509 59 131
440 509 59 131
440 509 59 131
439 512 59 131
436 516 59 131
430 517 59 131
424 521 59 131
441 501 59 131
439 508 59 131
433 515 59 131
428 518 59 131
424 516 59 131
442 496 58 130
437 503 59 130
431 511 59 130
429 512 59 130
428 511 59 130
428 507 59 130
427 506 59 130
428 504 59 130
428 504 59 130
428 503 59 130
443 486 58 128
442 494 58 129
440 495 58 129
437 495 58 129
436 491 58 129
433 487 58 129
431 487 58 129
430 485 58 129
432 484 58 129
431 482 58 129
429 482 58 129
430 478 58 129
431 476 58 129
432 478 58 129
433 480 58 129
435 480 58 129
438 473 57 127
439 474 57 128
440 474 57 128
442 476 57 128
443 478 57 128
444 478 57 128
446 480 57 128
447 481 57 128
448 482 57 128
449 484 57 128
450 491 57 128
454 495 57 128
457 498 57 128
459 499 57 128
461 499 57 128
462 498 57 128
462 497 57 128
463 496 57 128
464 497 57 128
465 497 57 128
466 498 57 128
467 498 57 128
467 500 57 128
467 499 57 128
467 498 57 128
467 500 57 128
467 498 57 128
465 497 57 128
463 497 57 128
463 496 57 128
464 496 57 128
466 496 57 128
464 495 57 128
465 492 57 128
462 493 57 128
462 493 57 128
462 494 57 128
460 489 56 127
459 491 57 127
458 493 57 127
458 493 57 127
458 493 57 127
458 493 57 127
458 493 57 127
458 493 57 127
458 493 57 127
458 493 57 127
458 493 57 127
458 493 57 127
458 493 57 127
458 493 57 127
458 493 57 127
458 493 57 127
458 493 57 127
401 491 56 124
408 496 54 121
408 498 55 122
409 499 55 122
411 499 55 122
413 501 55 122
416 504 55 122
419 506 55 122
421 506 55 122
422 505 55 122
423 503 55 122
423 499 55 122
423 498 55 122
423 498 55 122
422 498 55 122
421 498 55 122
421 498 55 122
420 500 55 122
422 499 55 122
422 500 55 122
