689 400 47 33
688 400 48 34
689 401 47 33
688 401 48 34
689 402 47 33
688 401 49 34
688 403 48 33
687 402 50 34
687 403 49 33
687 404 49 33
687 404 48 32
686 405 50 33
686 406 50 33
686 406 50 33
685 406 50 33
684 407 50 33
684 408 49 32
683 409 51 33
683 410 49 32
684 411 48 31
684 411 49 32
683 412 50 33
684 412 48 32
684 412 50 33
684 412 51 33
685 413 51 33
685 414 51 33
685 415 51 33
685 415 50 32
686 416 50 32
687 417 49 32
685 417 49 32
686 417 49 32
687 419 49 32
686 418 49 32
686 421 48 31
687 420 47 30
684 422 48 31
680 421 48 31
682 421 49 32
685 424 47 31
683 423 46 30
684 425 47 30
682 425 48 31
682 426 47 31
681 425 46 30
682 426 46 30
681 427 45 29
680 428 44 28
679 429 45 28
678 430 45 28
678 430 44 27
678 431 44 27
677 430 45 28
677 431 44 28
679 432 44 28
678 433 44 28
677 432 46 29
677 431 47 29
675 430 49 30
674 430 48 30
676 431 48 30
675 431 47 30
674 432 47 30
675 433 47 30
674 434 46 30
675 434 45 30
673 434 46 31
675 434 46 31
673 433 48 32
673 435 47 32
671 434 47 32
672 435 48 33
672 436 47 32
672 437 47 32
670 437 48 33
672 438 47 32
670 438 47 32
670 439 46 32
671 439 46 32
670 440 46 32
670 440 45 31
669 439 45 31
669 439 47 32
668 440 47 32
668 441 48 33
667 439 49 34
666 441 48 33
667 442 49 34
666 441 49 34
666 443 49 34
666 442 50 35
665 443 49 34
665 443 50 35
666 444 50 35
667 443 49 34
668 445 48 34
670 446 48 34
671 446 48 34
672 446 48 34
674 447 48 34
676 448 48 34
677 448 48 34
678 448 48 34
679 449 47 33
680 449 47 33
680 450 47 33
681 450 47 33
681 449 48 34
680 450 49 35
681 450 48 34
680 450 49 35
680 450 48 35
681 450 48 35
680 451 48 35
681 451 47 34
679 452 49 35
680 452 48 34
680 452 49 34
679 453 49 34
680 454 49 34
680 453 49 34
679 454 49 34
679 454 50 34
679 454 50 34
679 454 50 34
679 455 50 34
680 455 49 33
679 455 49 33
679 455 49 33
678 455 49 33
678 456 49 33
679 456 48 32
678 457 49 33
678 457 49 33
678 457 48 32
678 457 49 33
677 457 48 32
677 457 49 33
676 457 49 33
677 457 48 33
677 457 49 34
676 457 49 34
676 457 49 34
676 457 49 34
676 457 49 34
676 457 48 34
677 456 48 34
677 457 48 34
677 457 48 34
677 457 48 34
677 457 48 34
677 457 48 34
677 457 48 34
677 457 48 34
676 457 48 34
676 457 48 34
676 457 48 34
676 457 48 34
677 457 48 34
676 456 48 34
676 456 48 34
677 456 47 34
676 455 48 35
677 455 47 34
675 455 48 35
676 455 47 34
675 455 48 35
676 455 47 34
676 455 47 34
676 455 47 34
676 456 46 34
676 455 46 34
675 454 47 35
675 454 47 35
675 454 47 35
675 453 47 35
675 453 47 35
675 453 47 35
675 453 47 35
675 452 48 35
676 453 47 34
675 453 48 35
675 452 48 35
675 452 48 35
675 452 48 35
675 451 48 35
675 452 48 35
675 451 48 35
674 450 49 36
673 451 48 35
674 450 48 35
674 450 48 35
673 450 49 36
672 450 49 36
672 450 49 36
673 450 49 36
673 450 48 36
674 449 48 36
674 449 47 36
674 449 47 36
673 449 47 36
673 448 48 37
674 447 48 37
675 448 47 37
675 447 47 37
675 447 47 37
675 447 47 37
675 446 46 37
675 446 46 37
675 446 46 37
675 445 46 37
675 445 47 37
674 445 47 37
674 445 47 37
674 445 46 36
674 445 46 36
674 444 46 36
675 444 45 35
674 444 46 36
674 443 46 36
674 443 45 35
674 443 45 35
674 443 45 35
674 443 45 35
674 443 45 35
673 442 46 36
673 441 46 36
674 442 45 35
673 441 45 35
673 440 46 35
674 441 45 34
673 440 46 35
673 439 46 35
673 440 45 34
672 440 46 35
672 440 46 35
672 440 45 35
672 439 45 35
672 439 45 35
671 438 46 36
671 438 46 36
671 438 46 36
671 438 45 35
671 436 46 36
671 438 44 35
672 437 44 35
671 437 44 35
671 436 44 35
671 436 44 35
671 436 43 34
671 438 43 34
670 436 44 35
670 436 44 35
671 436 44 35
671 436 43 34
671 437 43 34
671 437 43 34
671 437 43 34
670 437 43 34
670 436 44 35
671 436 44 35
671 436 44 35
671 436 44 35
671 436 43 34
671 437 43 34
670 437 44 35
671 436 43 34
671 437 43 34
670 436 44 34
671 436 43 33
671 436 43 33
671 436 43 33
671 436 43 33
670 436 44 34
671 436 43 33
670 436 44 34
671 436 44 34
671 436 44 34
672 436 43 33
671 436 44 34
672 436 43 33
672 436 43 33
672 436 43 33
672 437 42 33
673 436 43 34
673 436 42 33
672 436 42 33
670 436 44 34
669 437 43 34
668 437 42 33
666 437 43 33
665 437 43 33
665 436 43 33
665 436 42 33
665 436 42 33
664 436 42 33
664 435 43 34
664 436 42 34
666 435 42 34
666 437 41 33
666 436 42 34
667 436 41 33
666 435 42 34
666 437 41 33
666 436 42 34
666 435 42 34
665 437 41 33
661 436 42 34
659 435 42 34
657 436 42 34
657 436 41 33
656 435 42 34
657 436 41 33
657 435 42 34
658 436 41 33
657 434 43 34
656 436 42 33
656 435 42 33
656 436 41 32
656 436 41 32
656 436 41 32
656 436 41 32
655 436 41 32
653 436 43 33
651 436 43 33
649 436 43 33
647 435 44 33
647 436 43 32
645 436 43 32
645 437 42 31
645 437 42 31
644 436 43 31
643 436 44 32
643 437 43 32
642 437 44 32
642 436 44 32
642 436 44 32
642 436 44 32
642 436 44 32
643 436 43 32
643 435 43 32
642 435 43 32
641 434 44 33
642 434 43 32
641 434 43 32
641 434 42 31
642 434 42 31
641 434 43 31
640 434 44 32
641 434 43 31
640 433 44 32
640 434 43 31
640 434 44 31
640 434 44 31
641 433 44 31
642 433 43 30
642 434 42 29
642 433 43 30
642 434 43 30
642 433 44 31
643 433 44 31
644 433 43 30
643 433 43 30
642 432 44 31
643 432 44 31
642 432 44 31
642 432 44 31
642 431 43 31
642 430 43 31
641 430 43 31
641 431 42 30
642 431 42 30
642 431 43 31
643 429 44 32
649 430 44 32
651 429 44 32
653 429 44 32
660 428 46 33
661 429 44 32
668 428 46 33
669 429 44 32
669 428 44 32
669 428 43 31
669 428 43 31
669 428 42 31
669 427 42 31
669 427 41 30
668 427 41 30
669 427 42 31
669 426 42 31
669 425 43 31
668 425 44 32
669 426 42 31
669 425 42 31
669 425 42 31
669 425 42 31
670 425 42 31
669 424 43 32
669 425 41 31
669 424 42 32
670 424 41 32
669 423 42 33
671 423 40 31
670 423 41 32
670 422 42 33
672 422 41 32
671 422 41 32
670 421 43 33
670 421 42 32
671 422 41 31
670 421 43 32
670 423 42 31
670 421 42 31
671 421 41 30
670 422 42 31
671 422 41 31
670 421 42 32
672 422 40 30
671 421 42 31
672 421 41 30
671 420 42 31
673 421 40 30
672 421 41 31
671 419 42 32
672 420 40 31
672 419 40 31
674 419 40 31
674 419 40 31
674 419 40 31
674 419 40 31
675 419 39 31
674 419 40 32
676 419 39 31
675 418 40 32
676 418 39 31
675 418 39 31
674 417 40 32
675 417 40 32
676 417 40 32
677 417 39 31
677 417 39 31
676 417 40 31
676 417 40 31
676 417 40 31
677 416 40 31
677 416 40 31
677 416 40 31
677 416 40 31
677 416 40 31
678 415 39 30
677 415 40 31
677 414 40 31
677 414 39 30
678 415 39 30
677 414 40 31
678 414 39 30
678 414 39 30
679 414 39 30
679 414 39 30
681 414 38 29
683 414 38 29
683 413 38 29
684 413 38 29
686 413 38 29
686 413 39 30
686 413 39 30
686 413 39 30
686 413 39 30
685 412 40 30
686 413 38 29
687 413 38 29
688 413 37 28
686 412 39 29
687 412 39 29
687 411 39 29
687 411 39 29
686 411 40 29
687 412 40 29
687 411 40 29
687 411 40 29
687 411 40 29
687 411 40 29
687 411 40 29
687 410 40 29
688 410 39 28
687 410 40 29
688 409 40 29
688 409 39 28
687 410 39 28
687 409 40 29
688 408 40 29
688 408 39 28
687 409 39 28
687 409 39 28
687 408 39 28
687 408 39 28
687 408 38 27
687 408 39 27
686 407 40 28
687 408 40 28
687 408 40 28
686 408 40 28
686 408 41 28
685 408 41 28
685 408 41 28
685 408 42 28
686 408 42 28
686 409 42 28
686 409 42 28
687 409 41 28
687 408 41 28
686 408 42 28
686 408 43 29
686 408 42 28
687 409 43 28
686 409 42 28
687 408 42 28
686 409 41 27
686 408 42 27
686 409 42 27
687 409 41 27
686 409 41 27
686 409 41 27
685 410 41 27
686 410 40 26
685 410 41 27
686 410 41 27
685 410 41 27
685 410 40 26
684 410 40 26
683 411 41 26
683 411 42 26
683 412 42 26
685 412 41 25
684 413 40 25
685 412 39 25
683 413 39 25
683 412 40 25
682 412 42 26
681 413 43 26
681 413 43 26
680 413 43 26
678 414 44 27
680 413 43 26
678 414 44 27
679 413 44 27
679 414 43 27
679 414 43 27
679 414 43 27
678 414 43 27
678 414 42 27
678 415 43 27
678 415 42 27
678 415 43 28
677 415 43 28
676 415 44 28
675 415 45 29
674 415 45 29
675 415 46 30
675 417 45 29
675 417 43 28
675 417 44 29
676 417 43 29
676 417 42 29
677 417 42 29
676 417 42 29
675 418 42 29
676 418 42 29
675 418 43 30
675 420 42 29
676 420 41 29
676 419 41 29
675 420 41 29
675 420 41 29
675 420 41 29
675 421 41 29
675 421 41 29
674 422 40 28
675 424 40 28
675 424 41 29
675 424 40 28
674 425 40 28
675 426 39 28
676 426 39 28
676 426 39 28
677 427 40 28
678 427 41 29
680 428 40 28
681 429 41 28
681 429 40 28
684 429 41 29
684 429 41 29
685 430 43 30
686 431 43 30
688 431 43 30
690 431 42 30
693 432 41 29
693 432 42 30
695 433 42 30
696 433 42 30
696 434 43 31
697 433 45 32
697 435 43 31
697 434 45 32
698 436 44 32
699 435 45 33
699 436 44 33
700 436 44 33
701 437 43 32
700 438 44 33
701 438 44 33
701 439 43 32
701 440 44 33
702 439 44 33
701 440 45 34
701 441 45 34
702 442 45 34
702 443 44 33
703 443 45 34
703 445 44 34
704 444 45 35
703 444 45 35
703 446 44 34
705 447 44 34
704 447 46 35
704 447 46 35
705 449 45 34
704 448 46 35
705 450 45 35
705 449 46 36
706 451 45 35
705 451 46 36
706 453 45 35
706 452 46 36
706 454 46 36
706 455 46 36
706 455 46 36
706 456 46 36
706 457 46 36
706 457 46 36
707 459 46 36
706 458 47 37
706 459 47 37
706 459 47 37
707 461 46 36
707 462 46 36
707 462 47 37
706 462 48 38
707 464 47 37
706 464 48 38
707 466 47 38
706 466 48 38
707 468 47 38
707 468 47 38
707 469 47 38
708 470 47 38
707 470 48 39
709 472 47 38
708 472 48 39
708 473 48 39
709 473 48 39
709 474 47 38
708 475 48 39
710 476 47 38
709 477 48 39
709 477 48 39
711 478 48 39
710 479 49 40
710 480 49 40
709 480 50 41
711 482 49 40
710 482 50 41
712 483 49 40
711 483 50 41
712 485 49 40
711 485 50 41
713 487 49 40
712 486 51 42
714 489 50 41
713 488 52 43
714 490 50 41
714 490 51 41
713 491 52 42
716 494 50 41
716 493 50 41
716 494 51 42
715 495 52 43
716 497 51 42
716 497 52 43
718 498 51 42
717 498 53 44
719 500 51 42
718 501 52 43
719 502 51 42
720 502 51 42
720 503 52 43
721 505 51 42
721 505 52 43
723 506 51 42
722 507 53 43
722 509 52 42
724 509 53 43
722 509 54 43
725 512 53 42
723 512 54 43
726 514 53 42
725 515 54 43
726 515 55 44
726 517 54 43
728 517 54 43
727 518 56 44
728 521 54 42
729 520 55 43
730 522 55 43
728 522 57 44
730 525 56 43
731 525 56 43
731 526 57 44
730 527 57 44
732 529 57 44
731 530 57 44
732 530 57 44
733 531 57 44
734 532 58 45
735 532 58 45
736 533 58 45
736 533 59 46
735 535 59 46
737 537 57 45
736 536 59 46
734 538 60 47
735 539 57 45
733 539 59 47
732 540 58 46
730 542 58 46
728 542 58 46
730 544 57 45
728 544 58 46
731 546 57 45
728 546 59 47
729 547 58 46
730 548 59 47
729 549 58 46
731 550 59 47
730 551 57 46
731 551 59 48
730 551 59 48
731 552 58 48
731 553 58 48
732 554 59 49
732 554 59 49
731 553 61 51
733 554 59 49
733 554 60 49
733 553 61 50
733 554 59 49
733 554 58 48
732 554 58 48
730 554 60 49
729 554 60 49
727 554 61 50
725 555 60 49
726 554 60 49
724 553 63 51
723 554 62 50
722 554 62 50
722 554 62 50
722 555 62 50
723 555 62 50
724 556 61 49
723 555 63 50
722 557 62 49
723 556 63 49
722 557 63 49
723 558 62 49
722 558 62 49
721 558 61 48
717 559 63 50
718 560 60 48
718 561 60 48
719 562 58 47
720 562 58 47
720 562 59 48
718 562 60 49
718 563 59 49
718 563 59 49
718 562 60 49
719 563 60 49
717 562 61 50
717 562 61 50
715 562 62 51
716 561 61 50
716 561 63 51
717 561 62 51
717 562 61 50
716 562 61 50
713 563 61 50
713 564 59 48
711 563 60 49
709 563 60 49
707 563 60 49
705 564 60 49
703 564 61 49
703 565 61 49
702 565 61 49
702 565 60 48
704 566 58 47
702 565 60 49
702 565 61 50
701 564 60 49
704 563 59 48
701 561 61 50
700 561 61 50
699 561 62 51
700 560 63 51
698 560 62 50
697 561 64 52
697 560 64 52
696 561 64 52
695 561 64 52
693 561 64 52
694 561 64 52
694 561 64 52
693 561 63 52
692 561 64 53
692 560 64 53
691 560 64 53
691 560 65 54
690 561 64 53
692 560 65 54
691 561 63 53
691 560 64 54
690 566 65 45
690 566 67 46
690 567 67 46
689 568 67 46
689 569 66 46
690 568 65 45
690 569 64 45
691 567 65 45
687 570 66 46
688 569 66 46
688 569 67 47
686 570 67 47
686 569 67 47
684 571 67 47
685 570 68 48
684 571 67 47
683 571 67 47
681 572 69 49
683 572 70 50
682 574 68 49
683 573 68 49
682 575 68 49
681 575 69 50
680 577 68 49
682 577 67 48
680 577 69 49
679 577 70 50
678 577 70 50
678 577 71 50
675 579 72 51
676 578 72 51
678 579 72 51
674 581 75 53
677 579 73 51
674 582 76 53
676 581 74 52
674 584 75 53
675 584 74 52
672 586 77 54
674 586 76 53
675 587 76 53
676 587 77 54
675 588 79 56
676 587 80 57
676 586 82 58
676 588 83 59
675 586 85 61
674 588 85 61
674 587 85 61
672 590 86 62
675 591 85 61
671 591 87 62
672 595 87 62
672 593 89 63
671 595 92 65
672 596 93 65
672 595 93 65
670 599 95 66
670 600 95 66
668 600 96 66
670 603 97 66
667 602 100 68
657 602 102 69
665 604 102 70
669 608 100 69
667 603 104 72
664 606 109 75
667 606 112 77
667 604 116 80
667 607 120 83
663 604 123 85
666 608 125 87
660 603 128 89
663 608 131 91
660 606 133 92
662 611 135 93
658 610 136 94
660 611 138 95
655 610 140 96
628 609 142 98
649 613 143 98
629 609 144 99
647 614 145 99
635 611 145 99
645 617 145 99
651 628 145 99
652 628 145 99
649 630 145 99
654 638 145 99
649 640 145 99
654 640 145 99
647 639 145 99
653 644 145 99
649 637 145 99
648 640 145 99
650 644 145 99
650 639 145 99
649 641 145 99
648 642 145 99
649 640 145 99
646 645 145 99
649 643 145 99
645 645 145 99
650 646 145 99
644 648 145 99
650 647 145 99
645 648 145 99
644 647 145 99
648 653 145 99
644 647 145 99
648 653 145 99
643 650 145 99
647 652 145 99
646 649 145 99
646 655 145 99
650 650 145 99
643 650 145 99
640 653 145 99
640 655 145 99
643 654 145 99
648 653 145 99
640 654 145 99
640 656 145 99
642 656 145 99
643 657 145 99
648 657 145 99
642 656 145 99
637 659 145 99
643 657 145 99
641 659 145 99
642 660 145 99
642 660 145 99
638 660 145 99
641 659 145 99
643 664 145 99
622 674 144 98
638 663 144 98
620 678 144 98
634 669 145 98
628 686 123 84
643 680 124 84
630 685 122 83
623 687 123 83
659 724 47 33
658 724 48 34
656 725 48 34
656 725 48 34
656 725 48 34
656 725 48 34
656 725 48 34
656 725 48 34
656 725 48 34
656 725 48 34
656 725 48 34
656 725 48 34
659 720 48 34
661 725 47 33
661 725 47 33
661 725 47 33
661 725 47 33
661 725 47 33
661 725 47 33
661 725 47 33
661 725 47 33
661 725 47 33
661 725 47 33
661 725 47 33
661 725 47 33
661 725 47 33
661 725 47 33
661 725 47 33
661 725 47 33
661 725 47 33
661 725 47 33
661 725 47 33
661 725 47 33
661 725 47 33
661 725 47 33
661 725 47 33
661 725 47 33
661 725 47 33
661 725 47 33
661 725 47 33
661 725 47 33
661 725 47 33
661 725 47 33
661 725 47 33
665 706 47 33
664 705 48 34
662 703 48 34
664 702 48 34
665 702 48 34
666 702 48 34
666 700 48 34
665 699 48 34
667 698 48 34
667 696 48 34
666 695 48 34
666 694 48 34
667 694 48 34
666 690 48 34
666 690 48 34
665 689 48 34
667 687 48 34
666 686 48 34
666 684 48 34
667 683 48 34
667 682 48 34
668 680 48 34
668 680 48 34
669 677 48 34
669 677 48 34
670 674 48 34
670 674 48 34
671 671 48 34
671 671 48 34
671 668 48 34
672 668 48 34
672 665 48 34
673 663 48 34
672 662 48 34
674 660 48 34
674 658 48 34
675 657 48 34
676 655 48 34
676 653 48 34
676 651 48 34
677 650 48 34
677 649 48 34
678 647 48 34
678 646 48 34
679 645 48 34
680 642 48 34
680 641 48 34
680 640 48 34
681 638 48 34
682 637 48 34
683 635 48 34
683 634 48 34
683 632 48 34
684 631 48 34
684 629 48 34
685 627 48 34
686 626 48 34
686 625 48 34
687 623 48 34
687 623 48 34
688 621 48 34
688 620 48 34
689 619 48 34
689 617 48 34
690 616 48 34
689 616 48 34
691 614 48 34
690 614 48 34
692 612 48 34
691 612 48 34
693 610 48 34
692 610 48 34
692 608 48 34
693 607 48 34
693 607 48 34
693 606 48 34
693 605 48 34
694 604 48 34
694 604 48 34
695 603 48 34
694 602 48 34
695 601 48 34
696 601 48 34
695 600 48 34
696 599 48 34
695 599 48 34
697 598 48 34
696 598 48 34
697 597 48 34
697 596 48 34
697 596 48 34
697 594 50 36
696 592 50 36
697 590 52 37
696 588 52 37
698 585 52 37
697 583 52 37
696 583 52 37
697 583 52 37
698 581 52 37
697 580 52 37
699 578 52 37
699 576 52 37
701 573 52 37
702 573 52 37
701 573 52 37
702 574 52 37
701 575 52 37
702 574 52 37
701 575 52 37
701 574 52 37
702 573 52 37
702 573 52 37
701 572 52 37
704 572 52 37
703 573 52 37
702 571 52 37
703 572 52 37
702 571 52 37
702 571 55 39
701 571 55 39
700 569 58 41
699 570 61 43
697 570 63 45
696 571 64 46
696 572 66 47
695 572 65 47
694 571 66 48
697 570 65 47
697 568 65 47
696 566 67 48
694 567 68 49
697 566 67 48
695 566 66 48
698 566 64 47
699 566 63 46
699 566 63 46
700 566 62 46
701 565 62 46
700 564 64 47
701 563 64 47
703 563 63 46
700 564 62 45
701 564 61 44
701 563 61 44
700 563 62 45
700 562 62 45
701 562 62 45
701 561 62 45
701 560 62 45
701 561 62 45
702 560 62 45
702 560 62 45
702 559 62 45
701 558 62 45
700 558 63 45
700 559 63 45
701 559 63 45
701 559 62 44
702 558 63 45
702 558 62 44
700 558 64 45
703 559 63 44
702 559 62 44
702 558 62 44
702 558 63 45
701 558 62 45
703 557 61 45
702 557 62 45
704 557 60 44
704 556 61 45
703 556 61 45
703 555 62 46
702 554 64 47
702 553 64 47
702 553 63 46
701 555 63 46
703 554 62 46
703 554 62 46
704 554 61 46
702 554 61 46
704 553 61 46
702 553 62 47
704 553 60 45
705 553 60 45
704 553 60 45
705 552 60 45
704 553 60 45
705 553 59 45
706 553 59 45
705 553 59 45
706 552 59 45
706 552 59 45
705 551 60 45
706 550 61 46
704 550 62 47
706 549 62 47
704 548 63 48
702 549 63 48
705 549 61 47
703 548 63 49
703 549 61 48
703 549 61 48
703 549 61 48
703 548 61 48
704 549 60 48
704 548 60 48
705 548 60 48
704 547 60 48
705 548 60 48
704 548 59 47
705 547 59 47
704 547 59 47
705 548 59 47
705 547 59 47
705 546 59 47
705 547 59 47
705 547 59 47
706 547 59 47
705 546 60 48
703 546 61 49
704 545 60 48
703 546 62 49
704 545 61 48
703 546 61 48
703 547 60 47
704 546 60 47
702 546 60 47
702 546 60 47
702 545 61 48
701 546 61 48
701 546 61 48
701 545 61 48
701 545 62 49
702 545 60 48
703 546 60 48
703 546 59 47
704 545 59 47
703 545 59 47
704 545 59 47
703 545 59 47
703 544 59 47
703 544 59 47
704 544 59 47
703 544 59 47
703 543 59 47
703 544 58 47
705 543 57 46
703 543 59 48
703 543 58 47
705 543 57 46
703 543 58 47
704 543 58 47
703 543 58 47
703 542 58 47
702 542 58 47
704 543 57 46
702 543 58 47
703 542 58 47
702 542 58 47
702 542 58 47
702 542 58 47
702 541 58 47
701 541 60 48
700 542 58 47
702 539 59 48
701 541 58 47
703 540 57 46
701 541 59 47
701 541 58 46
702 540 59 47
701 540 58 46
702 541 58 46
700 540 59 47
701 540 57 46
701 539 59 47
700 539 58 47
702 538 58 47
701 539 58 47
700 539 57 47
701 538 58 48
700 539 57 47
701 538 57 47
700 539 57 47
701 538 57 47
699 539 58 48
701 539 57 47
700 539 57 47
700 539 57 47
701 539 57 47
701 539 56 46
700 538 59 48
699 538 58 47
700 538 58 47
701 538 58 47
699 538 58 47
700 538 59 47
699 538 58 46
699 538 59 47
699 538 57 46
698 537 59 48
699 537 58 47
700 537 58 47
699 537 59 47
699 537 58 46
699 539 59 47
699 539 57 46
699 538 58 47
700 538 57 46
699 537 58 47
700 537 58 47
699 537 58 47
700 537 58 47
700 538 57 46
699 537 58 47
701 538 57 46
700 538 57 46
700 538 57 46
700 538 57 46
700 537 58 47
701 537 57 46
700 537 58 47
701 537 57 46
700 537 58 47
701 537 57 46
700 537 57 46
699 537 58 46
702 538 57 45
701 537 56 44
700 537 58 46
700 538 57 45
700 538 57 45
701 538 57 45
701 538 56 45
701 538 56 45
701 538 56 45
701 538 56 45
701 537 57 46
700 537 57 46
699 537 58 47
701 537 57 46
700 537 57 46
699 537 58 47
701 537 56 45
700 537 57 46
699 537 58 47
700 537 57 46
699 537 58 46
700 538 58 46
700 538 57 45
700 538 57 45
699 538 57 45
699 537 58 46
698 537 59 47
698 536 59 47
697 537 60 48
698 537 59 47
698 537 58 47
699 537 58 47
699 538 57 46
697 538 58 47
698 537 58 47
698 537 57 46
696 537 59 47
695 537 60 48
695 537 60 48
695 538 60 48
696 537 60 48
696 538 60 48
696 539 58 47
696 539 58 47
697 539 57 46
695 539 58 47
696 540 57 46
694 539 59 47
693 539 60 48
694 540 60 48
694 539 61 49
694 540 59 48
693 540 59 48
692 541 59 48
693 541 59 48
692 541 58 48
693 541 59 49
694 541 57 48
694 541 59 50
693 546 58 41
693 545 61 43
692 544 62 43
692 544 64 44
691 546 66 45
691 546 65 44
691 546 65 44
691 547 65 44
690 548 64 43
692 548 64 43
690 549 63 42
689 550 63 42
690 549 63 42
687 551 64 43
689 550 64 43
690 549 63 42
688 552 63 42
689 551 63 42
687 552 64 43
689 552 64 43
690 552 63 42
687 554 63 42
688 554 63 42
689 553 64 42
689 554 64 42
689 555 64 42
689 556 64 42
690 555 63 42
688 556 64 42
690 555 65 43
688 556 65 43
689 555 65 43
686 556 67 44
686 556 68 45
687 555 69 45
684 558 69 45
687 557 68 44
685 558 69 45
687 557 69 45
685 559 68 45
688 558 69 45
685 560 68 45
688 559 68 45
686 560 68 45
687 559 69 46
684 562 70 47
688 561 68 46
686 562 67 45
686 561 68 46
687 562 69 46
685 563 68 45
687 562 69 45
687 563 70 45
686 564 69 45
687 564 69 45
687 564 70 46
686 566 71 47
685 567 69 46
687 567 69 46
685 569 69 46
687 569 68 46
688 570 68 46
688 572 67 45
689 572 66 44
689 572 67 45
687 574 67 45
688 575 69 46
685 577 70 47
689 575 70 47
687 577 69 47
688 576 68 46
688 578 70 47
688 578 68 46
690 579 67 45
689 578 66 44
689 578 67 45
688 578 66 44
689 578 66 44
688 577 66 44
