1116 360 94 160
1114 359 94 161
1113 358 94 161
1108 358 94 161
1107 357 95 162
1104 359 93 159
1104 356 95 163
1102 354 94 162
1101 355 94 163
1101 355 95 164
1099 355 96 165
1097 356 96 164
1097 356 95 162
1090 362 95 162
1098 359 92 157
1087 363 91 156
1090 366 90 154
1084 366 89 152
1085 366 91 155
1078 368 91 155
1078 369 92 156
1073 371 95 160
1068 373 95 160
1064 375 97 164
1056 372 100 168
1060 371 98 165
1052 372 100 168
1054 372 100 168
1045 372 101 170
1047 372 100 168
1041 377 98 165
1042 376 99 166
1031 380 103 172
1037 379 101 169
1025 383 99 166
1035 383 97 162
1019 380 99 165
1018 381 96 161
1010 387 94 157
1011 395 93 155
1005 396 92 153
1002 400 93 154
998 401 92 153
993 399 92 153
990 406 90 150
982 403 92 154
974 397 95 160
963 394 99 168
954 390 101 172
946 391 102 174
937 386 104 177
948 398 104 177
932 396 105 178
924 398 105 178
917 394 105 178
913 393 105 178
919 386 102 173
913 395 103 174
909 406 103 174
903 408 103 174
895 402 101 170
895 402 101 170
895 402 101 170
882 340 103 174
880 336 104 176
883 313 104 176
885 346 103 175
877 331 104 175
864 354 105 177
864 354 105 177
864 354 105 177
864 354 105 177
864 354 105 177
864 354 105 177
864 354 105 177
864 354 105 177
864 354 105 177
864 354 105 177
775 345 103 173
771 368 103 174
767 368 101 170
762 372 100 168
763 374 100 168
758 376 98 164
755 372 97 163
749 373 96 161
745 376 95 159
742 380 93 155
733 372 93 155
723 370 93 155
719 360 93 156
714 357 94 156
718 357 94 157
713 353 92 154
709 356 93 156
707 349 93 156
689 349 92 155
697 344 93 156
679 349 93 156
670 349 93 156
668 341 94 158
659 339 94 158
653 336 94 158
647 317 96 162
648 308 97 162
641 308 97 162
641 292 97 163
637 296 98 164
630 289 99 165
627 303 97 162
613 293 98 163
607 283 97 161
602 282 97 161
598 280 98 162
595 276 98 161
598 271 98 160
592 270 96 157
590 269 95 155
590 273 94 153
585 274 92 150
595 271 91 149
581 269 91 149
582 274 90 148
579 271 87 142
583 272 86 140
581 279 84 137
580 273 84 137
579 271 82 133
581 264 82 132
574 273 82 132
576 266 80 129
571 270 79 127
573 266 80 128
570 261 79 126
570 263 78 125
568 265 77 123
566 262 77 122
562 268 78 124
566 258 78 124
568 258 77 123
568 254 76 121
556 266 76 121
566 258 76 122
567 256 76 122
569 258 76 122
568 263 76 122
554 264 76 122
549 264 76 122
548 262 77 123
548 264 76 123
545 259 77 124
541 263 78 125
544 259 78 125
540 264 78 126
551 248 79 126
540 261 78 125
550 250 79 126
537 265 78 125
547 250 79 125
552 247 79 125
553 245 79 125
554 247 79 125
551 241 83 131
549 233 87 137
521 248 87 138
527 228 88 138
517 246 87 136
525 226 87 137
515 244 86 135
522 227 86 136
515 248 84 134
523 230 85 134
521 252 85 134
531 235 85 135
535 229 85 135
524 251 84 133
534 240 84 134
539 237 84 134
542 242 84 134
544 244 86 137
545 246 86 137
546 249 85 135
545 253 84 134
547 257 82 131
531 259 84 134
538 263 84 134
543 268 85 135
542 266 82 131
545 272 82 130
544 278 80 126
545 281 79 124
544 286 78 122
545 287 80 125
541 285 80 125
544 286 79 124
546 289 80 125
548 291 82 129
551 295 84 132
562 299 84 132
574 306 84 132
579 315 86 135
581 328 87 136
582 342 87 137
581 344 86 135
581 348 87 136
579 354 86 135
578 360 87 136
575 360 87 136
572 360 87 136
570 362 87 136
571 356 87 136
569 355 90 141
585 356 91 143
585 373 92 144
587 386 91 142
595 392 90 140
604 397 88 137
610 401 87 135
607 407 85 133
616 408 84 132
610 410 83 130
617 416 82 128
609 414 85 132
620 418 84 131
613 414 85 132
622 420 85 132
622 418 86 134
625 422 86 134
630 424 89 139
623 429 92 144
631 429 95 149
630 430 95 150
636 431 95 149
632 437 95 149
635 437 96 150
638 438 96 150
635 441 96 150
639 442 95 149
642 445 95 149
643 442 100 156
649 440 104 163
652 433 102 160
664 443 102 160
674 439 102 160
675 437 102 160
680 438 102 160
680 443 102 160
682 448 102 160
683 447 102 160
686 450 102 160
688 451 102 160
691 452 102 160
692 451 102 160
696 448 102 160
693 447 102 160
701 441 102 160
699 439 102 160
702 438 107 167
696 447 107 167
701 460 107 167
702 470 107 167
703 477 107 167
701 474 110 172
709 474 108 169
708 479 108 168
712 482 107 167
710 482 109 169
714 480 108 167
715 483 108 167
713 478 109 169
716 480 108 168
715 477 110 171
715 474 109 170
717 474 107 167
715 472 106 165
715 470 104 162
716 475 103 160
714 474 102 158
718 479 102 159
713 470 106 165
715 465 107 166
708 468 106 165
719 472 105 164
705 464 110 171
717 469 108 168
705 462 111 172
713 466 109 169
703 462 110 171
715 466 109 169
700 460 112 173
713 467 111 171
698 458 113 174
710 465 113 174
693 456 117 180
709 463 116 178
694 454 114 175
708 463 112 173
693 454 116 179
706 461 115 177
692 452 114 176
704 460 113 174
691 455 116 178
704 457 116 178
690 452 116 178
704 455 117 179
688 447 116 178
700 448 120 184
693 444 120 184
698 443 123 189
689 437 124 191
701 438 124 190
691 432 125 191
701 441 124 190
698 437 121 186
703 439 119 184
705 434 119 184
691 437 122 188
703 433 122 189
699 428 125 193
694 424 128 198
692 418 127 197
688 413 129 200
681 409 130 201
687 411 129 199
673 405 131 202
682 409 128 197
669 407 132 204
676 407 129 200
664 405 132 205
671 405 129 200
667 405 130 202
665 403 128 199
666 403 127 198
664 398 126 196
664 394 131 204
657 391 130 203
665 390 129 202
651 392 128 201
662 386 127 200
650 383 132 208
655 378 131 206
661 373 134 210
650 363 140 220
651 348 146 230
642 324 151 238
647 318 151 238
647 312 151 238
632 365 149 235
641 342 149 235
632 314 156 247
633 310 162 256
623 296 162 257
628 292 162 257
635 293 162 257
628 287 162 257
630 277 162 257
624 282 162 257
628 281 162 257
625 282 162 257
625 281 162 257
619 281 162 257
628 278 162 257
613 277 169 268
617 390 107 178
611 393 107 179
612 394 105 175
610 396 104 173
613 398 102 170
614 402 101 169
611 402 99 165
611 405 97 162
612 405 97 163
612 405 96 162
612 405 95 160
609 404 96 161
611 401 99 165
616 400 97 162
611 400 97 162
612 401 95 159
611 401 94 158
614 404 94 157
615 402 94 156
615 402 93 155
616 401 93 156
616 401 93 155
618 400 93 154
622 401 93 154
621 400 92 153
625 398 94 156
626 393 95 158
626 387 97 161
632 380 100 165
635 371 100 165
635 374 103 169
644 364 107 175
654 364 107 175
659 355 107 175
658 350 107 175
658 345 107 175
661 348 107 175
645 351 108 176
656 340 108 177
658 336 108 177
660 329 108 177
644 346 107 175
648 333 107 176
657 332 111 183
661 314 114 188
663 307 113 187
654 346 112 186
658 325 113 187
666 311 111 184
660 304 112 186
659 306 113 187
654 341 112 186
658 315 113 186
661 349 113 186
661 314 113 186
663 301 109 180
662 307 108 179
659 316 108 180
664 301 109 180
665 297 108 179
665 288 111 184
661 279 115 191
660 298 114 190
661 284 115 190
662 306 115 190
675 311 111 184
673 292 112 185
669 308 111 184
671 301 111 183
679 321 110 182
678 311 111 184
674 306 113 186
673 320 114 189
673 309 115 190
668 313 115 190
669 314 114 189
666 316 114 188
671 312 113 186
672 310 113 187
673 308 113 187
673 306 114 189
672 312 114 189
673 307 115 190
672 302 116 192
671 309 116 192
672 303 117 193
669 308 117 194
670 301 119 197
673 308 118 195
673 306 119 196
676 304 119 197
676 307 119 197
676 305 120 198
673 310 120 198
680 307 119 198
670 312 120 198
685 287 120 199
679 308 119 197
692 284 119 198
690 279 113 189
687 309 111 186
698 291 111 186
685 313 109 183
697 290 110 184
681 314 110 184
694 290 110 184
682 309 110 184
696 291 110 184
681 313 110 184
695 291 110 185
680 313 110 185
694 291 110 186
681 310 109 185
694 292 110 186
681 311 109 185
693 293 110 186
680 312 109 185
693 293 110 186
684 303 110 187
692 286 111 188
687 278 111 188
687 270 106 179
685 270 105 178
683 268 107 181
685 263 110 187
687 305 110 187
693 290 110 187
689 287 106 180
692 280 102 174
693 313 101 172
694 303 101 172
695 295 101 172
697 295 96 164
696 293 94 161
697 294 92 157
698 294 90 153
699 321 90 154
701 316 91 154
705 311 91 154
708 319 89 150
712 322 86 144
716 324 83 139
724 331 81 136
729 337 78 131
733 336 74 125
733 341 70 119
737 341 69 117
738 343 66 112
739 341 64 108
738 343 63 106
739 344 62 104
741 344 61 102
741 346 60 100
743 346 59 98
742 347 58 96
745 348 57 94
745 350 56 93
746 350 55 91
747 352 54 90
748 353 53 89
748 352 52 87
750 354 52 86
750 355 51 84
751 356 50 82
752 357 49 80
753 358 48 78
755 360 47 76
755 360 45 73
756 360 44 71
759 362 43 69
759 362 41 67
761 361 40 65
700 310 97 165
698 299 97 165
698 299 94 159
698 295 92 156
696 295 89 151
698 297 87 148
700 301 86 147
702 304 85 146
703 301 84 144
702 302 85 147
701 297 87 150
698 299 87 150
694 294 91 157
700 296 90 156
698 291 92 159
699 291 91 158
699 293 91 159
701 291 91 159
699 289 91 159
698 287 89 156
713 316 88 154
715 300 88 155
717 286 89 156
721 275 89 156
732 274 89 156
730 272 89 156
732 277 89 156
707 306 90 157
726 292 90 158
737 285 90 158
741 285 90 158
744 285 90 158
746 281 90 158
746 271 93 164
706 303 93 165
722 291 94 166
730 280 96 169
743 279 96 169
745 279 96 168
702 306 98 172
718 294 98 172
729 280 102 178
733 283 101 176
737 288 100 175
742 289 97 170
744 290 95 167
