943 555 21 66
940 554 22 68
939 553 21 66
937 553 21 66
934 552 21 67
931 553 20 65
930 553 20 64
928 555 20 65
927 553 21 68
924 554 20 66
922 553 19 64
920 554 19 63
917 551 20 65
915 551 20 65
912 549 20 66
910 551 20 65
908 550 20 64
905 552 19 62
903 553 19 61
901 553 20 63
899 551 20 63
896 552 19 61
893 550 20 63
891 551 21 65
888 548 22 68
886 548 23 70
883 548 22 68
880 549 23 70
877 550 22 68
875 551 21 65
873 551 21 66
871 551 22 69
869 552 21 67
867 552 20 64
865 552 20 63
862 551 21 65
859 549 22 67
857 550 22 68
855 550 22 68
852 550 21 66
849 551 21 65
847 552 20 63
846 552 20 62
844 552 21 64
842 554 20 62
840 553 20 62
838 553 20 63
835 552 21 65
833 552 22 67
831 551 22 67
828 550 23 69
824 551 23 70
821 550 23 71
820 550 22 69
818 550 22 70
816 552 21 68
814 551 21 68
812 552 20 66
811 554 20 65
808 553 21 67
805 552 21 68
803 553 21 68
800 553 21 69
798 552 21 68
795 552 20 66
794 552 20 65
792 552 21 67
790 552 22 69
787 552 22 69
785 552 22 68
783 551 22 69
781 549 23 72
778 549 23 72
776 548 23 73
774 547 23 74
771 546 23 74
769 546 23 73
767 545 23 72
765 545 24 74
763 544 24 74
761 544 23 72
759 544 23 71
757 543 23 70
754 541 23 71
752 540 23 72
750 541 23 73
748 540 23 73
746 541 22 71
744 542 21 69
743 542 21 70
741 541 22 72
739 542 22 72
737 542 21 70
734 543 20 68
732 543 21 71
729 541 22 73
728 539 23 75
725 539 24 77
723 537 24 77
720 536 24 76
718 537 23 74
715 537 23 74
713 537 23 74
711 540 22 72
709 541 22 70
707 542 21 68
705 543 21 67
703 542 21 68
701 542 21 69
700 534 21 70
697 537 21 70
695 541 21 72
693 531 21 73
691 529 21 73
691 532 22 74
686 528 22 74
685 528 22 75
683 527 22 74
681 528 21 72
680 529 20 69
679 527 19 66
676 529 18 63
675 530 18 62
673 530 18 61
672 531 18 59
670 532 18 58
666 533 17 57
665 531 18 58
664 529 18 58
663 526 18 57
660 526 18 56
659 523 17 54
655 530 16 53
656 527 17 53
651 531 17 53
650 527 17 53
648 525 17 53
645 525 17 53
643 524 17 53
641 523 17 53
639 523 16 51
638 525 15 49
636 527 14 47
634 528 14 47
632 529 13 45
630 530 13 45
628 531 12 43
626 532 12 43
624 533 12 43
619 537 13 47
617 537 14 48
616 539 13 46
615 538 13 46
614 540 12 44
613 543 12 42
607 544 12 42
606 546 12 42
606 548 12 42
599 538 11 41
598 542 12 42
598 544 12 41
592 543 12 41
591 546 12 42
591 547 12 41
591 548 12 40
590 551 12 40
578 539 21 66
576 535 21 66
575 531 21 67
573 527 21 68
568 537 20 67
565 537 21 67
563 541 21 66
561 545 21 65
558 546 21 65
557 548 21 64
556 549 21 65
554 549 21 65
552 550 21 66
549 551 21 67
546 550 22 69
544 549 22 70
542 550 22 70
540 549 22 71
538 550 22 71
535 553 22 72
533 552 23 74
531 549 24 76
530 552 24 77
528 556 24 79
527 559 24 79
523 543 23 78
521 538 24 79
518 535 24 78
516 530 24 79
514 529 24 79
513 528 25 81
511 525 26 83
510 523 27 85
510 520 28 87
509 518 29 89
508 515 29 89
508 516 30 91
495 535 29 90
496 539 30 90
495 536 30 90
494 537 29 88
491 539 28 86
485 533 28 87
486 539 28 87
485 541 27 83
484 541 26 79
483 541 25 76
481 544 24 73
479 547 24 72
477 548 23 70
475 548 23 69
473 546 23 69
471 545 23 68
469 545 22 65
467 546 21 63
465 547 20 61
464 544 20 61
463 545 20 60
461 547 20 59
458 547 20 58
457 545 20 58
455 544 20 59
453 543 20 60
451 544 20 61
450 543 20 62
449 543 19 60
448 542 19 59
448 539 19 61
445 539 19 61
444 538 19 61
442 538 19 61
441 537 20 63
439 537 20 64
438 536 21 66
436 537 21 66
435 535 21 66
433 536 21 66
432 535 21 66
431 535 20 64
430 534 19 62
429 535 19 61
428 535 18 59
427 535 17 57
426 535 17 56
425 535 16 54
424 534 16 53
423 534 16 52
422 533 16 53
421 531 16 54
421 529 16 54
420 529 16 54
419 528 16 54
418 526 16 54
417 526 16 55
416 526 16 54
415 528 16 55
414 526 16 54
413 526 16 54
412 525 16 54
412 524 16 55
412 522 16 54
411 528 15 52
408 522 15 52
410 522 15 52
410 521 15 52
410 521 15 52
410 523 15 53
410 521 15 53
410 523 15 53
410 526 15 53
399 517 14 52
398 517 15 52
398 518 14 50
397 520 15 51
396 520 15 52
394 518 15 53
392 514 15 53
390 509 15 53
391 516 15 54
390 513 15 54
389 509 15 54
390 516 15 54
390 513 15 55
388 509 15 56
389 516 15 56
388 514 15 57
386 517 15 48
384 513 15 49
383 511 15 50
385 517 15 51
384 514 15 51
382 511 15 52
383 514 15 52
381 512 15 52
380 511 15 52
378 509 15 52
377 507 15 52
375 508 15 51
374 509 15 51
374 509 15 51
373 508 15 51
373 507 15 51
373 508 15 50
373 507 15 50
372 512 15 49
372 511 15 48
372 510 15 48
371 510 15 48
371 509 15 48
371 509 15 48
371 509 15 48
371 509 15 48
371 509 15 48
371 508 15 48
371 509 15 49
371 508 15 50
371 509 15 50
371 508 15 50
371 507 15 50
371 506 15 50
370 506 15 49
370 507 15 48
370 509 15 47
369 509 15 47
369 509 15 46
369 510 15 45
369 510 15 45
369 509 15 45
369 509 15 44
369 510 15 43
372 510 15 43
372 510 15 44
372 510 15 45
372 510 15 46
372 508 15 47
372 506 15 48
372 506 15 48
372 505 15 48
372 506 15 48
372 506 15 48
372 506 15 49
372 504 15 49
372 504 15 50
372 504 15 51
372 503 15 52
373 502 15 53
373 503 15 54
373 503 15 55
373 501 15 56
373 501 15 56
373 502 15 56
373 502 15 56
373 502 15 56
372 502 15 56
372 503 15 56
371 502 15 57
371 506 15 47
371 506 15 48
371 506 15 49
371 506 15 49
371 506 15 50
370 505 15 51
369 505 15 51
368 504 15 50
367 505 15 49
366 506 15 47
366 508 14 45
366 510 13 43
369 509 13 43
369 509 13 44
369 510 13 43
369 510 13 42
369 511 13 40
369 512 13 39
369 513 13 38
369 512 13 37
369 513 13 36
369 514 13 35
369 513 13 34
369 513 11 33
369 514 11 32
373 502 21 66
374 501 21 66
373 502 20 63
374 501 19 61
375 505 19 60
374 506 18 58
374 506 18 57
374 506 18 56
375 509 18 56
375 509 18 55
374 510 18 55
374 509 18 55
373 510 18 54
373 510 18 54
372 511 18 54
372 509 18 55
373 510 18 55
373 509 18 54
372 513 18 53
372 512 18 54
372 510 18 55
372 510 18 54
372 512 18 53
372 511 18 54
372 511 18 54
371 511 18 55
371 509 18 56
372 508 18 57
372 509 18 57
372 508 18 57
372 507 18 56
373 508 18 57
373 508 18 56
373 508 18 55
374 509 18 54
373 510 18 54
373 509 18 55
374 508 18 55
374 507 18 55
374 506 18 56
374 505 18 55
374 505 18 55
374 505 18 55
374 506 18 55
374 506 18 54
375 508 18 53
375 509 18 54
375 510 18 55
375 512 18 56
369 505 18 56
368 507 18 57
355 508 17 55
341 508 17 55
329 509 17 54
329 511 17 55
328 512 16 53
328 515 16 52
328 516 16 51
324 511 16 51
325 513 16 52
325 514 16 52
325 516 16 53
321 511 16 53
321 514 16 54
308 513 15 53
298 513 15 53
299 515 16 54
290 515 16 54
290 516 16 54
290 515 16 54
290 514 16 54
289 514 16 54
289 514 16 53
289 515 16 52
289 515 16 52
289 520 16 52
278 520 16 52
279 524 16 53
269 522 16 53
269 524 16 53
268 525 16 53
267 526 16 54
267 526 16 54
267 526 16 55
267 526 16 55
267 526 16 55
267 527 16 55
267 527 16 55
267 526 16 56
267 526 16 56
267 526 16 56
266 525 16 56
265 525 16 55
265 526 16 54
265 527 16 53
265 527 16 52
265 527 16 51
265 528 16 52
265 527 16 52
265 528 16 53
265 527 16 54
265 527 16 55
265 526 16 55
266 525 16 55
266 527 16 56
266 526 16 57
266 525 16 59
266 523 16 60
266 523 16 61
266 528 16 51
267 529 17 53
266 531 17 53
266 530 17 54
266 531 17 54
266 530 17 55
266 529 17 56
266 527 17 57
267 526 17 58
267 526 17 59
267 526 17 60
267 525 17 61
267 525 17 61
267 525 17 61
267 525 17 62
267 524 17 62
267 525 17 61
268 523 17 61
268 526 17 61
268 524 17 61
268 524 17 61
269 525 17 61
269 524 17 61
269 524 17 61
269 523 17 62
270 523 17 63
270 524 17 63
270 524 17 63
270 524 17 64
270 525 17 64
269 524 17 64
269 524 17 64
269 526 17 62
268 525 17 61
268 526 17 60
268 527 17 60
269 526 17 60
270 529 17 61
271 532 17 62
272 538 17 63
271 537 17 64
270 537 17 65
269 539 18 55
269 536 18 56
270 534 18 57
271 534 18 58
272 533 18 58
272 534 18 57
272 534 18 56
273 536 18 55
273 537 18 56
273 537 18 56
272 536 18 56
273 537 18 57
274 536 18 58
274 537 18 58
274 538 18 58
274 538 18 59
274 539 18 59
274 539 18 59
274 539 18 60
274 540 18 60
274 541 18 60
274 541 19 62
274 542 19 63
274 542 19 64
274 541 19 65
273 541 19 66
273 542 19 67
273 540 19 68
273 540 19 69
273 538 19 69
273 540 19 69
272 538 19 69
272 540 19 69
272 538 19 70
272 541 19 70
272 539 19 71
272 540 19 71
272 541 19 71
272 542 19 71
270 535 18 70
270 540 19 71
270 540 19 71
270 541 19 71
270 541 19 71
269 542 19 71
269 542 19 73
268 534 19 74
268 545 19 61
268 542 19 61
267 540 19 61
266 540 19 62
266 538 20 64
266 538 20 65
265 537 20 66
265 535 20 67
265 536 20 67
265 533 20 68
265 537 20 67
265 538 20 68
265 539 20 68
265 540 20 69
265 540 20 69
265 540 20 69
264 528 20 70
264 532 20 70
264 533 20 71
264 536 20 72
264 536 20 73
264 539 20 73
264 539 20 74
264 525 20 74
264 530 20 75
264 533 20 75
264 534 20 76
262 523 20 77
263 534 20 64
263 532 20 63
262 531 20 64
262 529 20 64
262 526 20 64
261 524 20 64
262 522 20 65
263 522 20 66
262 521 20 66
262 518 20 67
263 518 20 68
263 518 20 67
263 517 20 67
263 517 20 68
264 516 20 68
264 516 20 67
264 516 20 67
264 514 20 67
264 515 20 68
264 512 20 68
264 512 20 69
264 512 20 69
264 511 20 70
264 510 20 71
265 510 20 72
265 509 20 72
265 509 20 73
265 510 20 74
266 513 20 75
266 517 20 76
266 508 19 75
266 517 20 63
266 513 20 64
266 510 21 66
266 510 21 66
265 508 21 67
265 507 21 68
265 506 21 69
265 505 21 70
265 504 21 70
266 505 21 69
265 505 21 69
265 504 21 69
265 503 21 68
265 503 21 68
265 503 21 68
265 504 21 67
265 503 21 66
265 502 21 65
264 501 21 64
264 501 21 63
264 501 21 62
264 502 21 61
264 502 21 60
264 504 21 59
264 504 21 58
264 505 21 57
265 506 21 57
265 505 21 57
264 507 21 57
264 506 21 56
264 507 21 56
264 507 21 57
264 506 21 57
264 506 21 57
264 507 21 57
263 506 21 56
263 505 21 56
262 505 21 55
262 506 21 56
262 506 21 56
262 505 21 57
262 507 21 58
262 506 21 58
262 506 21 57
262 506 21 56
261 506 21 57
261 506 21 57
261 507 21 56
260 507 21 56
260 507 21 56
260 507 21 56
260 507 21 56
260 506 21 57
259 505 21 57
259 505 21 58
259 505 21 59
259 505 21 60
259 503 21 60
259 504 21 60
259 504 21 60
259 503 21 60
259 503 21 60
259 503 21 60
259 503 21 60
259 502 21 60
259 501 21 60
259 502 21 60
259 501 21 60
258 502 21 61
259 500 21 62
259 499 21 62
259 499 21 61
259 498 21 61
259 497 21 60
259 500 21 60
259 499 21 60
259 497 21 61
259 496 21 62
259 494 21 63
259 493 21 64
259 492 21 64
259 492 21 64
259 491 21 64
259 491 21 63
259 490 21 63
259 491 21 62
260 491 21 62
259 491 21 61
260 490 21 61
260 490 21 60
260 491 21 60
260 490 21 59
260 490 21 59
260 490 21 59
260 491 21 59
259 491 21 58
259 490 21 58
259 491 21 58
259 491 21 58
259 490 21 58
259 490 21 58
259 490 21 58
259 490 21 58
259 490 21 58
259 490 21 58
259 490 21 58
259 491 21 58
260 490 21 58
260 490 21 58
260 490 21 58
260 491 21 57
260 491 21 56
260 490 21 56
260 492 21 57
261 491 21 57
261 491 21 56
261 492 21 56
262 492 21 55
262 493 21 55
262 492 21 55
263 491 21 54
264 492 17 54
264 492 17 55
264 492 17 55
264 492 17 56
264 491 17 57
264 490 17 58
264 489 17 58
264 489 17 58
264 489 17 58
264 489 17 59
264 488 17 60
264 487 17 61
264 486 17 61
264 487 17 61
264 486 17 61
264 487 17 60
264 489 17 59
264 489 17 58
264 490 17 57
264 491 17 56
264 491 16 54
264 492 16 53
264 492 16 52
263 493 15 50
263 495 15 49
262 495 15 48
262 494 15 47
262 493 15 46
261 493 15 45
261 494 15 44
260 495 15 43
260 494 15 43
259 494 15 42
258 494 15 42
257 493 15 42
256 492 15 43
256 491 15 44
256 490 15 45
256 489 15 46
256 488 15 47
256 487 15 48
256 487 15 49
256 486 15 50
256 486 15 50
256 485 15 50
256 485 15 50
256 486 15 50
256 485 15 51
257 484 15 52
257 485 15 51
257 485 15 50
257 485 15 49
257 485 15 48
257 485 15 47
256 486 15 46
256 487 15 47
256 488 15 48
256 487 15 49
256 486 15 49
256 487 15 49
256 486 15 50
256 486 15 50
256 487 15 51
257 487 15 52
258 487 15 52
258 487 15 51
259 487 15 52
259 487 15 52
260 488 15 52
261 488 15 52
261 489 15 51
262 489 15 51
262 490 15 50
261 491 15 49
261 492 15 49
261 492 15 48
261 492 15 47
261 492 15 46
261 493 15 45
260 493 15 44
259 493 15 43
258 495 15 43
258 495 15 42
257 496 15 41
256 497 15 40
255 497 15 40
255 497 15 40
254 497 15 40
254 497 15 41
254 497 15 41
253 497 15 41
253 498 15 41
253 499 15 41
252 499 15 41
252 500 15 42
252 500 16 43
252 501 16 44
252 502 16 45
253 502 16 46
253 503 16 47
254 504 16 48
255 504 16 49
256 503 16 50
257 503 16 51
257 501 16 52
258 502 16 53
258 503 16 54
259 502 16 55
260 501 16 56
260 502 16 56
260 501 16 56
260 501 16 56
261 503 16 57
261 503 16 57
261 504 16 57
262 504 16 58
262 504 16 58
263 505 16 57
263 504 16 57
263 507 16 56
263 506 16 56
264 509 16 56
265 509 16 56
265 509 16 55
265 510 16 54
265 512 16 54
265 511 16 54
265 512 16 55
266 512 16 55
267 512 16 54
267 515 16 53
267 516 16 52
267 517 16 51
267 517 16 51
267 517 16 51
267 519 16 51
267 518 16 51
267 519 16 52
268 520 16 52
268 521 16 52
268 522 16 51
268 522 16 51
268 523 16 51
268 522 16 51
268 522 16 52
268 523 16 52
268 524 16 52
268 526 16 52
268 526 16 52
268 527 16 53
268 527 16 52
268 527 16 52
268 528 16 52
268 528 16 52
268 528 16 52
268 528 16 52
268 528 16 52
268 529 16 52
268 528 16 52
268 529 16 52
268 529 16 52
268 528 16 51
268 528 16 51
268 528 16 51
268 526 16 51
268 527 16 52
268 528 16 52
268 528 16 51
268 528 16 51
268 529 16 51
268 529 16 51
268 528 16 51
268 528 16 51
268 528 16 51
268 528 16 51
268 529 16 51
268 529 16 51
268 529 16 50
268 531 16 50
267 532 16 50
266 532 16 51
265 531 16 52
265 530 16 53
265 530 16 54
265 529 16 55
266 528 16 55
266 529 16 55
266 530 16 55
266 530 16 56
266 529 16 56
267 529 16 56
267 529 16 56
267 529 16 56
267 529 16 56
267 529 16 55
267 528 16 55
267 528 16 55
267 528 16 55
267 528 16 55
267 529 16 55
267 528 16 55
267 528 16 55
267 528 16 55
267 528 16 56
267 528 16 56
267 528 16 56
268 528 16 56
268 528 16 56
269 528 16 57
270 527 16 57
270 528 16 56
270 529 16 55
270 530 16 54
270 530 16 53
269 530 16 53
269 529 16 54
269 528 16 54
269 528 16 54
269 528 16 54
269 528 16 54
269 528 16 54
269 528 16 54
269 528 16 54
269 529 16 54
269 528 16 54
269 528 16 54
269 528 16 54
269 528 16 54
269 528 16 54
270 528 16 55
271 529 16 54
271 528 16 54
271 527 16 54
271 527 16 54
271 527 16 54
271 527 16 54
271 526 16 54
271 526 16 54
271 526 16 54
271 526 16 53
271 525 16 53
271 525 16 53
271 525 16 53
271 526 16 53
271 526 16 53
271 527 16 53
271 527 16 54
272 527 16 55
272 526 16 56
273 525 16 57
274 524 16 56
274 524 16 54
274 525 16 53
275 525 16 52
275 526 16 51
275 527 16 51
275 527 16 51
275 527 16 51
275 527 16 51
275 527 16 51
275 526 16 51
275 527 16 51
276 528 16 51
276 529 16 51
276 528 16 51
277 529 16 51
277 529 16 51
278 530 16 51
278 530 16 50
278 531 16 50
278 531 16 50
278 531 16 50
278 530 16 50
279 529 16 50
279 530 16 49
279 530 16 48
279 530 16 47
279 530 16 46
279 531 16 45
278 530 16 44
278 530 16 44
278 530 16 44
278 530 16 44
278 530 16 44
277 530 16 43
277 531 16 43
276 531 16 43
276 529 16 44
276 528 16 45
276 528 16 45
276 528 16 44
276 527 16 43
276 526 16 42
273 530 15 41
274 530 16 42
274 529 16 43
274 529 16 44
274 528 16 44
275 528 16 45
275 528 16 45
276 528 16 45
276 528 16 45
276 529 16 45
276 530 16 45
275 530 16 46
275 530 16 47
275 529 16 48
276 528 16 49
277 528 16 50
278 528 16 51
278 527 16 51
279 525 16 52
279 526 16 52
280 526 16 52
281 526 16 52
281 526 16 51
281 525 16 51
282 525 16 51
283 525 16 51
283 525 16 51
284 524 16 51
284 526 16 51
285 525 16 50
285 526 16 50
285 527 16 50
285 526 16 50
285 527 16 51
285 527 16 51
285 527 16 51
285 527 16 51
285 526 16 51
285 525 16 51
285 526 16 51
285 525 16 51
285 526 16 51
285 526 16 51
285 527 16 51
285 526 16 51
284 527 16 51
284 525 16 51
284 526 16 51
284 526 16 51
284 527 16 51
284 526 16 50
284 528 16 50
284 527 16 49
283 528 16 48
283 529 16 48
283 529 16 48
283 528 16 48
283 528 16 48
283 528 16 48
283 529 16 48
283 527 16 49
283 529 16 49
283 527 16 49
283 528 16 49
283 526 16 49
283 528 16 49
283 525 16 49
283 528 16 49
283 526 16 49
283 527 16 49
283 527 16 49
283 526 16 49
283 528 16 49
283 527 16 49
283 530 16 48
283 528 16 48
283 530 16 48
283 528 16 47
282 529 16 47
281 529 16 47
281 529 16 48
281 530 16 48
281 529 16 49
281 528 16 49
282 529 16 49
282 529 16 49
282 530 16 49
282 529 16 49
283 530 16 49
283 530 16 49
284 531 16 48
285 532 16 47
285 533 16 47
285 534 16 47
286 534 16 47
286 534 16 46
286 537 16 45
287 537 16 45
288 535 16 45
289 534 16 45
290 533 16 44
291 533 16 43
292 532 16 42
292 534 15 40
293 534 15 39
290 538 14 38
293 538 12 39
294 539 12 38
295 540 12 37
296 541 12 36
297 541 12 35
297 540 12 35
297 539 12 35
297 538 12 35
297 538 12 34
297 537 12 34
297 537 12 34
297 537 12 34
297 537 12 34
297 536 12 34
297 535 12 34
297 537 12 34
297 538 12 34
297 539 12 34
297 540 12 34
297 541 12 33
297 542 12 33
297 542 12 33
297 542 12 33
297 542 12 33
296 543 12 33
296 543 12 33
296 543 12 33
296 544 12 33
295 544 12 33
295 544 12 33
295 544 12 34
295 544 12 35
295 543 12 36
295 542 12 37
295 541 12 38
296 540 12 39
296 540 12 39
296 539 12 39
296 539 12 39
296 539 12 39
296 538 12 39
296 537 12 39
296 536 12 39
296 535 12 39
296 534 12 39
296 533 12 39
296 532 12 38
296 532 12 37
296 531 12 37
296 531 12 36
296 531 12 36
296 531 12 36
296 531 12 36
296 531 12 36
296 531 12 37
296 530 12 37
296 530 12 37
295 530 12 37
295 529 12 37
295 529 12 37
295 528 12 37
295 527 12 37
295 527 12 37
291 523 12 37
291 524 12 38
292 525 12 37
292 526 12 36
291 527 12 36
291 528 12 36
291 528 12 36
290 527 12 36
289 527 12 36
288 526 12 37
288 525 12 38
288 524 12 38
288 524 12 39
287 524 12 40
287 524 12 41
287 524 12 42
287 524 12 43
287 524 12 44
287 523 12 45
287 523 12 46
287 528 12 38
287 526 12 39
287 526 12 40
287 526 12 41
287 527 12 42
287 525 12 43
287 523 12 44
288 523 12 45
288 523 12 46
288 528 12 38
288 527 12 39
288 527 12 40
288 527 12 41
288 527 12 41
288 526 12 42
288 526 12 42
288 526 12 42
288 526 12 42
288 526 12 42
288 526 12 42
286 519 13 46
285 519 14 47
285 519 14 47
285 519 14 47
285 519 14 47
285 519 14 47
284 518 14 47
284 518 14 47
284 519 14 47
284 519 14 47
284 520 14 46
284 519 14 46
284 518 14 46
284 518 14 45
284 518 14 44
284 518 14 43
284 519 14 43
284 519 14 42
284 520 14 41
284 520 14 41
284 520 14 41
284 520 14 40
284 520 14 39
284 519 14 38
284 519 14 37
284 519 14 36
285 521 11 35
285 524 11 35
285 525 11 35
285 526 11 35
285 526 11 36
285 526 11 37
285 525 11 38
285 525 11 39
285 525 11 40
285 525 11 41
286 525 11 42
286 529 11 35
286 529 11 36
286 529 11 37
287 529 11 38
287 529 11 39
287 529 11 40
288 529 11 41
288 528 11 42
288 531 11 35
288 530 11 36
288 529 11 37
288 528 11 38
288 528 11 39
288 528 11 40
288 528 11 41
288 528 11 42
288 531 11 35
288 531 11 36
288 531 11 37
288 530 11 38
288 530 11 39
288 529 11 40
288 529 11 41
288 529 11 42
288 532 11 35
288 531 11 36
288 531 11 37
288 530 11 38
289 530 11 39
289 530 11 40
289 529 11 41
289 529 11 42
289 532 11 35
289 531 11 36
289 531 11 37
289 531 11 38
289 531 11 39
290 531 11 40
290 531 11 41
290 531 11 42
290 535 11 35
290 534 11 36
290 533 11 37
290 533 11 38
291 533 11 39
291 532 11 40
291 533 11 41
291 533 11 42
291 536 11 35
291 536 11 36
291 535 11 37
291 535 11 38
291 535 11 39
292 535 11 40
292 535 11 41
292 535 11 42
292 538 11 35
292 537 11 36
292 537 11 37
292 536 11 38
292 536 11 39
292 535 11 40
292 535 11 41
292 535 11 42
292 539 11 35
292 539 11 36
292 539 11 37
292 539 11 38
292 539 11 39
292 539 11 40
292 539 11 41
292 539 11 42
292 543 11 35
292 542 11 36
292 541 11 37
292 541 11 38
292 541 11 39
292 540 11 40
292 540 11 40
292 540 11 41
292 539 11 41
291 539 11 42
291 543 11 35
291 542 11 36
291 541 11 37
291 541 11 38
291 541 11 38
291 541 11 38
291 540 11 39
291 540 11 39
291 538 11 39
291 536 11 39
291 535 11 39
291 533 11 39
291 532 11 39
291 533 11 39
291 533 11 39
291 532 11 39
291 532 11 39
291 532 11 39
291 531 11 39
291 531 11 39
291 531 11 38
291 532 11 38
291 532 11 38
291 532 11 38
291 532 11 38
291 531 11 38
291 532 11 38
291 532 11 38
291 532 11 38
290 532 11 38
290 531 11 38
289 532 11 38
289 531 11 38
289 531 11 38
289 530 11 38
289 530 11 38
289 530 11 38
289 530 11 38
289 530 11 38
289 530 11 38
289 530 11 38
288 530 11 38
288 529 11 38
288 529 11 37
288 530 11 36
288 531 11 36
288 531 11 35
288 532 11 34
288 533 11 34
288 534 11 33
288 535 11 33
288 536 11 33
288 536 11 33
288 536 11 34
288 537 11 34
288 537 11 35
288 536 11 36
288 536 11 37
288 536 11 37
288 536 11 37
288 536 11 37
288 536 11 37
288 536 11 37
288 536 11 37
288 536 11 37
288 536 11 37
288 536 11 37
288 536 11 37
288 537 11 37
288 537 11 37
288 537 11 37
288 538 11 37
288 539 11 37
288 540 11 37
288 540 11 37
288 540 11 37
288 540 11 37
288 540 11 38
288 539 11 38
289 539 11 38
289 538 11 37
289 539 11 36
289 540 11 35
289 542 11 34
289 544 11 34
289 544 11 34
289 544 11 35
289 544 11 36
289 544 11 37
289 544 11 38
289 545 11 38
289 544 11 39
289 544 11 40
290 543 11 41
291 543 11 41
291 543 11 41
292 544 11 41
292 544 11 41
292 544 11 41
292 544 11 41
292 544 11 41
292 544 11 41
292 543 11 41
292 543 11 41
292 543 11 41
292 542 11 41
292 542 11 40
292 543 11 39
292 543 11 38
292 544 11 37
292 545 11 36
292 546 11 35
292 546 11 35
292 545 11 35
292 545 11 35
292 545 11 35
292 545 11 35
292 545 11 35
292 544 11 35
292 545 11 35
292 545 11 35
292 545 11 35
292 544 11 35
292 545 11 35
292 545 11 35
292 544 11 35
292 544 11 35
292 544 11 35
292 544 11 35
292 543 11 35
292 543 11 35
292 543 11 35
292 543 11 35
292 543 11 35
292 543 11 35
291 543 11 35
290 543 11 35
289 544 11 35
289 544 11 35
289 545 11 35
289 545 11 35
289 545 11 35
288 545 11 35
287 545 11 35
287 545 11 35
287 546 11 34
287 546 11 34
287 547 11 33
287 548 11 33
286 548 11 33
286 548 11 33
286 549 11 33
286 549 11 33
286 550 11 33
286 550 11 34
286 551 11 35
286 551 11 35
286 551 11 35
286 551 11 36
286 552 11 36
286 552 11 37
286 552 11 38
286 552 11 39
286 552 11 40
286 552 11 40
286 552 11 41
286 552 11 42
286 556 11 35
286 555 11 35
286 554 11 36
286 554 11 37
286 554 11 38
286 554 11 38
286 554 11 39
286 554 11 40
286 554 11 41
286 553 11 41
286 553 11 42
287 557 11 35
287 555 11 36
287 555 11 37
287 554 11 38
287 554 11 39
287 554 11 40
287 554 11 41
288 554 11 42
288 557 11 35
288 556 11 36
288 556 11 37
289 556 11 38
289 556 11 39
289 555 11 40
290 555 11 41
290 555 11 42
290 559 11 35
290 558 11 35
290 557 11 36
290 557 11 37
290 557 11 38
290 557 11 39
290 558 11 40
289 552 11 40
291 554 11 40
291 555 11 40
291 555 11 40
291 556 11 40
291 557 11 40
291 559 11 40
291 561 11 40
291 561 11 40
289 549 13 45
290 551 13 45
290 551 13 44
290 552 13 44
290 552 13 44
290 552 13 44
290 552 13 44
290 553 13 44
290 554 13 44
290 555 13 44
290 556 13 44
289 548 13 44
289 549 13 45
289 550 13 45
289 552 13 45
289 553 13 45
289 554 13 45
289 555 13 44
289 556 13 43
289 557 13 43
289 556 13 42
289 556 13 42
289 556 13 42
289 556 13 42
289 556 13 41
289 555 13 41
289 554 13 41
290 553 13 41
283 543 16 50
284 544 16 51
284 546 16 50
284 547 16 49
284 547 16 49
284 547 16 49
284 546 16 49
284 545 16 49
284 544 16 49
284 543 16 48
284 542 16 47
283 540 16 46
282 540 16 45
280 539 16 44
279 541 16 43
278 541 16 43
277 541 16 43
276 540 16 44
275 539 16 45
275 537 16 46
275 536 16 47
275 536 16 48
275 535 16 49
275 534 16 50
275 533 16 50
275 533 16 50
274 533 16 50
273 532 16 50
273 532 16 51
272 530 16 52
273 530 16 53
273 530 16 53
273 530 16 53
273 530 16 52
273 531 16 51
272 532 16 51
271 531 16 51
271 530 16 52
271 530 16 52
271 530 16 51
270 530 16 51
270 529 16 51
270 528 16 51
270 529 16 50
270 530 16 49
270 530 16 48
270 531 16 47
270 531 16 46
270 532 16 45
269 533 16 44
268 533 16 44
268 534 16 44
268 535 16 44
268 535 16 43
267 535 16 43
266 535 16 43
265 534 16 44
264 533 16 45
263 532 16 46
263 531 16 47
263 530 16 48
263 529 16 49
263 528 16 50
263 528 16 50
263 527 16 50
263 527 16 50
263 527 16 50
264 528 16 50
264 528 16 50
264 528 16 50
264 528 16 50
264 528 16 50
264 528 16 49
263 528 16 49
263 527 16 50
262 527 16 50
262 527 16 51
262 527 16 52
262 527 16 53
262 527 16 54
262 527 16 54
262 526 16 55
262 525 16 55
262 525 16 55
262 525 16 55
262 525 16 55
262 525 16 55
262 525 16 55
262 525 16 54
262 525 16 54
262 525 16 54
262 525 16 54
262 524 16 54
262 523 16 54
262 522 16 54
262 522 16 54
262 522 16 53
262 522 16 52
261 521 16 51
261 520 16 51
261 519 16 51
261 518 16 50
