1707 388 29 51
1702 387 29 51
1697 386 30 53
1693 386 30 53
1689 385 30 53
1682 384 31 55
1677 383 32 57
1672 383 32 58
1669 383 32 58
1665 382 31 56
1662 383 30 55
1659 382 29 53
1655 381 29 52
1650 380 29 53
1646 381 28 52
1642 379 28 52
1637 379 29 53
1633 378 29 52
1628 378 29 52
1624 378 29 52
1619 377 29 51
1615 376 30 52
1614 377 29 51
1614 377 29 51
1615 377 30 52
1619 379 31 53
1624 380 31 53
1630 382 31 52
1636 384 31 52
1642 385 31 52
1649 386 32 53
1655 388 32 52
1661 392 32 52
1666 394 32 52
1673 396 32 51
1679 398 32 50
1686 400 32 50
1692 402 32 50
1697 403 33 51
1697 402 34 52
1696 403 34 52
1694 403 35 53
1688 401 35 53
1683 402 36 54
1678 401 36 54
1672 400 37 55
1664 400 37 55
1657 400 38 57
1651 401 39 58
1644 400 37 56
1638 398 36 55
1633 398 35 53
1625 396 34 52
1619 397 34 51
1610 394 34 51
1601 395 36 53
1593 392 36 54
1588 393 35 52
1579 389 37 54
1573 389 30 54
1566 387 31 56
1558 385 31 56
1550 384 31 56
1542 382 31 56
1534 382 31 56
1526 382 30 55
1519 381 30 54
1512 381 29 53
1504 380 30 54
1497 380 30 53
1489 380 30 54
1481 380 30 54
1473 379 31 55
1465 377 31 55
1457 379 31 56
1450 379 31 55
1442 378 32 56
1434 379 33 58
1428 379 33 57
1422 378 32 56
1417 380 31 55
1410 377 31 55
1404 378 30 53
1398 379 30 53
1391 376 31 55
1384 377 31 55
1378 377 30 54
1374 380 29 52
1368 379 29 52
1362 380 29 52
1356 380 29 53
1350 380 29 54
1343 380 29 55
1337 381 28 54
1331 379 28 54
1325 379 28 55
1318 378 28 56
1311 378 28 57
1305 377 28 56
1297 377 29 58
1290 378 29 58
1284 379 29 58
1278 378 29 57
1272 379 28 56
1267 381 27 55
1260 378 28 57
1254 380 28 57
1248 380 28 58
1243 381 28 58
1243 380 29 60
1244 381 28 58
1247 383 27 56
1247 385 27 56
1249 386 26 55
1251 392 26 45
1251 393 27 46
1251 396 27 47
1252 395 28 48
1254 397 28 48
1255 397 28 48
1257 399 27 47
1258 399 28 48
1260 402 28 48
1261 404 28 48
1260 406 28 48
1258 407 28 48
1255 407 28 48
1253 406 28 48
1251 407 28 48
1247 405 29 50
1243 406 29 50
1238 406 29 50
1233 405 30 52
1228 406 31 53
1222 406 31 54
1218 408 30 53
1215 408 29 51
1211 410 29 51
1205 411 29 52
1200 411 29 51
1195 411 29 51
1191 413 28 50
1185 412 29 51
1180 414 29 51
1174 414 30 52
1169 415 30 52
1164 415 30 53
1158 414 31 55
1153 415 30 54
1149 416 30 54
1142 417 31 57
1135 418 32 59
1130 419 33 61
1125 418 35 64
1120 419 37 67
1116 420 38 68
1113 421 39 70
1110 423 39 69
1110 420 39 69
1110 422 38 68
1115 424 37 66
1119 425 36 64
1123 423 36 64
1127 424 36 64
1131 425 36 64
1135 427 36 64
1137 427 36 64
1143 432 34 61
1149 434 33 58
1154 438 32 57
1160 440 30 54
1165 443 29 52
1168 446 28 51
1173 446 28 51
1176 448 28 51
1180 449 29 52
1181 454 30 54
1182 457 30 54
1185 458 31 56
1196 455 31 56
1198 458 31 57
1201 458 32 60
1207 460 33 61
1213 461 33 61
1218 461 32 59
1223 462 32 59
1226 463 32 59
1226 464 32 59
1226 467 30 56
1225 470 29 54
1222 472 28 53
1219 473 28 53
1213 471 28 53
1206 469 29 54
1188 470 29 54
1182 471 29 55
1162 467 28 54
1147 469 28 54
1140 469 29 55
1119 470 28 54
1113 472 29 54
1091 469 29 54
1084 473 29 54
1065 472 29 54
1058 474 29 54
1038 474 28 53
1031 478 29 54
1010 477 28 53
1002 482 29 54
994 483 29 54
986 487 29 54
979 490 29 54
975 493 30 57
974 493 31 59
972 495 32 61
972 494 33 64
969 496 34 66
969 499 35 68
968 501 35 68
969 503 34 67
970 506 33 65
970 508 32 63
971 511 31 60
970 517 30 58
971 521 29 56
970 524 28 55
970 526 28 54
969 529 28 54
967 532 28 54
966 535 29 56
965 539 29 56
963 541 29 57
962 544 30 58
961 548 30 57
959 552 30 58
958 557 31 59
954 558 32 62
952 561 34 65
951 562 35 68
951 564 35 69
951 566 35 69
949 568 36 72
950 571 36 72
949 574 36 72
948 577 36 73
948 581 35 71
947 584 34 70
946 588 34 70
945 595 33 67
943 600 32 65
942 605 31 64
940 610 30 62
938 614 30 61
935 618 31 62
932 623 31 62
929 628 31 62
927 632 31 62
924 636 32 64
919 641 32 65
914 647 33 67
909 651 34 70
904 656 35 73
900 659 36 75
896 663 36 75
894 668 35 73
891 673 34 71
889 677 34 71
885 682 34 72
882 692 35 62
877 696 36 65
875 702 36 65
872 705 37 66
868 711 38 67
866 717 37 64
863 725 36 62
860 729 37 63
856 736 36 61
852 742 36 61
849 746 36 60
845 753 35 59
842 758 35 60
838 765 35 60
834 770 36 62
830 776 37 64
825 784 38 66
821 791 39 69
818 796 40 71
815 803 41 72
812 809 41 72
