1430 257 27 64
1425 259 27 63
1419 259 27 64
1414 260 27 63
1412 261 27 63
1412 262 27 63
1414 265 27 62
1414 265 28 64
1416 267 27 62
1418 269 27 63
1420 269 27 63
1420 270 28 66
1422 271 27 65
1424 272 27 66
1426 274 27 65
1428 276 27 66
1429 277 27 66
1430 278 27 67
1431 279 27 66
1431 280 27 66
1431 282 27 65
1430 284 27 64
1429 285 27 64
1424 286 28 66
1419 284 28 67
1414 284 28 67
1407 284 28 67
1393 286 28 67
1388 286 28 67
1383 286 28 67
1366 288 27 66
1360 288 28 66
1354 288 28 66
1338 288 28 66
1332 289 28 67
1326 289 28 68
1324 290 28 67
1324 292 28 67
1324 294 28 67
1326 295 28 66
1327 297 28 67
1329 297 28 67
1329 299 29 69
1329 301 29 69
1330 298 30 72
1330 296 31 75
1330 293 32 78
1333 296 32 78
1334 299 32 79
1332 298 33 81
1328 297 34 83
1324 296 35 85
1309 302 34 83
1305 302 34 84
1299 303 34 83
1293 305 34 82
1276 307 33 81
1271 309 34 81
1265 310 34 82
1261 309 35 83
1259 311 34 81
1261 314 33 78
1262 319 32 76
1264 321 31 74
1265 324 30 73
1267 326 29 71
1268 329 29 72
1269 331 29 72
1269 333 29 71
1269 335 29 70
1268 338 28 68
1266 341 28 67
1264 342 28 68
1262 343 28 67
1260 345 28 66
1258 347 29 68
1255 347 30 70
1252 347 31 72
1249 349 32 74
1247 349 33 77
1245 348 34 80
1242 349 35 82
1241 352 36 84
1242 354 37 85
1242 355 38 88
1244 358 38 89
1245 358 39 92
1246 362 40 95
1246 365 42 99
1244 357 41 97
1245 363 41 98
1242 375 42 101
1240 378 44 105
1235 380 44 104
1225 370 40 96
1223 378 41 96
1216 382 41 96
1208 385 41 95
1201 389 40 93
1191 375 40 93
1187 383 40 93
1180 387 40 92
1173 390 40 92
1167 393 40 91
1162 397 40 91
1159 404 41 93
1157 405 43 97
1156 405 45 101
1155 405 46 102
1155 406 30 72
1157 410 31 72
1156 415 32 74
1153 420 33 76
1151 428 34 78
1150 439 35 80
1144 441 35 80
1139 445 35 79
1134 449 35 79
1128 451 34 78
1121 453 33 77
1115 456 32 75
1085 444 31 74
1081 443 32 75
1076 444 32 74
1061 445 31 73
1058 449 32 74
1052 454 32 73
1037 453 32 73
1035 458 32 74
1030 459 32 74
1026 465 32 75
1024 465 33 78
1022 470 34 80
1022 472 35 82
1021 475 36 84
1021 476 37 86
1019 481 38 87
1020 483 37 86
1021 485 38 87
1023 489 38 87
1025 491 38 87
1027 495 38 87
1028 500 38 86
1030 505 38 85
1032 510 38 84
1034 514 39 86
1033 518 40 87
1035 522 40 87
1033 525 40 88
1031 529 40 89
1028 532 41 91
1024 534 42 92
1020 537 43 94
1015 540 44 96
1011 543 45 98
1006 547 45 99
1002 550 45 99
996 554 44 98
992 559 44 98
986 565 44 97
981 570 44 98
976 575 44 99
973 574 44 99
971 581 44 99
969 587 43 97
970 593 42 94
973 599 41 91
974 605 40 90
976 611 39 88
976 618 38 86
977 625 37 84
977 630 36 82
980 631 36 82
981 635 36 82
982 640 36 83
982 646 36 84
981 653 36 85
980 656 36 85
979 661 37 87
977 667 37 88
974 670 38 89
971 672 39 91
967 672 40 93
964 678 41 95
960 680 41 96
957 681 41 97
955 680 41 97
952 686 41 96
952 689 41 96
953 690 42 98
955 693 43 100
956 697 43 101
957 700 43 101
959 702 43 102
961 704 43 103
964 707 43 103
965 710 43 104
968 713 43 104
970 718 43 104
978 717 43 105
981 725 44 106
984 731 44 106
988 736 43 104
993 742 42 102
999 747 41 100
1005 751 41 101
1009 755 42 103
1012 756 43 106
1014 760 44 108
1017 764 45 110
1016 768 45 109
1016 770 45 108
1017 775 45 107
1018 778 45 106
1019 785 45 106
1023 787 45 106
1026 791 45 107
1029 794 45 108
1032 798 46 110
1035 800 46 109
1036 803 46 108
1038 805 46 107
1040 806 46 106
1042 809 46 105
1045 813 45 102
1048 817 44 100
1051 822 44 99
1053 826 44 99
1054 830 44 99
1051 835 43 98
1048 835 43 98
1043 837 43 97
1037 838 42 95
1029 840 41 93
1022 844 40 92
1015 848 40 91
1008 853 40 90
1002 858 40 89
997 864 40 88
991 870 39 87
985 873 39 86
983 876 40 88
985 873 42 91
986 878 43 93
986 882 44 94
987 888 45 95
1012 884 45 96
1014 890 46 96
1017 895 47 97
1022 897 48 99
1028 902 49 100
1037 905 50 101
1044 910 51 103
1050 917 52 105
1053 919 54 108
1056 921 56 112
1059 926 56 112
1061 928 56 112
1062 932 56 112
1061 937 56 112
1061 941 56 112
1061 944 56 112
1061 947 56 112
1060 951 56 112
1058 949 56 112
1057 948 56 112
1054 947 56 112
1055 945 56 112
1052 945 56 112
1053 944 56 112
1050 947 56 112
1050 946 56 112
1049 946 56 112
1048 948 56 112
1047 949 56 112
1047 948 56 112
1048 953 56 112
1050 949 56 112
1052 953 56 112
1053 956 56 112
1053 959 56 112
1054 957 56 112
1057 961 56 112
1061 957 56 112
1062 962 56 112
1065 962 56 112
1067 963 56 112
1068 965 56 112
1069 963 56 112
1069 965 56 112
1069 966 56 112
1070 965 56 112
1070 966 56 112
1069 965 56 112
1069 965 56 112
1068 965 56 112
1068 964 56 112
1068 963 56 112
1068 963 56 112
1069 963 56 112
1069 965 56 112
1069 965 56 112
1070 965 56 112
1070 965 56 112
1070 965 56 112
1070 964 56 112
1071 964 56 112
1073 965 56 112
1075 966 56 112
1078 966 56 112
1080 966 56 112
1082 967 56 112
1084 967 56 112
1085 969 56 112
1085 970 56 112
1086 969 56 112
1086 969 56 112
1087 968 56 112
1086 970 56 112
1087 968 56 112
1086 971 56 112
1088 972 56 112
1087 973 56 112
1087 974 56 112
1088 974 56 112
1087 976 56 112
1087 975 56 112
1086 976 56 112
1086 975 56 112
1090 988 55 110
1087 980 55 111
1092 996 48 99
1091 986 48 99
1090 990 48 99
1093 1006 38 82
1093 1009 36 78
1093 1003 36 79
1094 1012 35 78
1092 1006 36 78
1092 1005 36 78
1092 1007 36 78
1090 1017 32 71
1094 1017 31 70
1090 1019 30 69
1091 1020 29 68
1087 1021 29 66
1090 1021 28 66
1088 1014 29 66
1087 1023 29 66
1086 1017 29 66
1085 1023 27 64
1082 1024 27 64
1084 1025 27 64
1081 1023 27 64
1081 1023 27 64
1081 1023 27 64
1081 1023 27 64
1081 1023 27 64
1081 1023 27 64
1081 1023 27 64
