1104 695 218 188
1108 694 216 186
1110 690 217 187
1116 688 215 186
1120 687 211 183
1124 683 213 184
1124 686 208 180
1131 680 206 178
1128 680 210 181
1138 676 207 178
1135 671 208 179
1140 668 205 177
1150 664 202 174
1156 661 202 174
1166 658 200 172
1171 653 201 173
1175 653 196 169
1183 653 191 165
1192 652 183 158
1207 652 176 152
1219 651 170 147
1218 651 165 143
1228 653 159 138
1234 658 155 134
1237 656 155 134
1238 654 155 134
1242 653 155 134
1243 648 155 134
1248 647 155 134
1247 642 155 134
1254 642 155 134
1248 642 155 134
1256 638 155 134
1257 634 155 134
1262 627 155 134
1264 620 155 134
1268 611 155 134
1271 602 155 134
1273 596 155 134
1268 591 155 134
1272 587 155 134
1268 587 155 134
1277 593 155 134
1272 584 156 135
1263 580 156 135
1268 576 156 135
1272 577 149 129
1279 574 143 124
1277 576 139 120
1286 573 133 115
1277 575 129 112
1279 575 126 109
1282 571 123 106
1285 569 118 101
1286 568 114 98
1314 581 115 99
1297 578 115 99
1283 577 112 96
1287 569 112 96
1285 569 108 92
1292 567 104 89
1283 567 104 89
1290 568 101 86
1289 572 100 85
1287 569 98 84
1292 573 96 82
1288 569 97 83
1291 572 95 81
1289 570 94 81
1292 575 92 79
1288 572 92 79
1289 574 92 79
1290 572 91 78
1292 576 89 76
1288 572 91 78
1291 575 89 76
1289 572 90 77
1292 574 88 76
1291 574 87 75
1291 572 87 75
1292 572 88 76
1291 573 89 77
1291 571 88 76
1291 574 90 77
1293 573 88 75
1291 575 88 75
1292 573 88 75
1293 573 87 74
1291 575 88 75
1293 574 88 75
1293 574 86 74
1294 575 86 74
1293 574 86 74
1294 574 87 75
1294 574 85 74
1295 574 84 73
1295 573 85 73
1294 574 87 74
1295 575 86 73
1296 575 85 72
1294 576 86 73
1296 574 88 75
1295 573 87 74
1297 577 86 73
1294 573 88 75
1298 575 87 74
1292 573 88 75
1297 573 86 73
1297 573 86 73
1297 574 86 73
1297 573 85 72
1297 574 86 73
1298 573 84 72
1299 574 85 73
1297 573 86 74
1301 575 85 73
1295 573 87 74
1300 575 85 73
1294 573 87 75
1300 573 85 73
1296 574 85 73
1299 575 86 74
1296 574 84 73
1300 575 82 71
1294 574 82 71
1298 578 79 69
1293 576 81 70
1297 579 79 68
1293 578 81 70
1293 578 81 70
1293 577 82 71
1293 576 82 71
1294 576 82 71
1294 575 85 73
1295 574 85 73
1298 574 86 73
1297 573 88 75
1297 573 89 76
1298 573 89 76
1298 572 89 76
1297 573 89 76
1298 571 88 75
1299 572 88 75
1295 571 89 76
1296 571 89 76
1297 570 88 75
1296 572 88 75
1297 570 88 75
1297 571 88 75
1297 569 89 76
1298 572 89 76
1297 570 88 75
1298 572 87 74
1298 571 88 75
1299 570 87 74
1297 572 88 75
1299 571 88 75
1299 570 87 74
1298 573 88 75
1299 571 87 74
1300 572 87 74
1298 571 86 73
1299 573 86 73
1300 571 87 74
1300 572 87 74
1300 571 89 75
1300 570 89 75
1299 571 89 75
1299 570 90 76
1299 571 91 77
1299 569 91 77
1299 571 91 77
1300 569 90 76
1299 570 90 76
1298 570 90 76
1299 571 88 74
1300 571 87 73
1300 571 88 74
1302 571 87 73
1302 571 87 73
1302 571 87 73
1303 571 87 73
1306 572 86 73
1308 572 86 73
1309 571 86 73
1307 570 87 74
1309 570 88 75
1309 569 88 75
1313 570 86 73
1312 569 89 75
1314 570 88 74
1316 570 87 74
1317 570 87 74
1318 570 88 74
1320 571 87 74
1322 571 87 74
1324 571 88 74
1326 571 88 74
1328 571 89 75
1330 569 89 75
1329 569 91 77
1333 569 91 77
1335 569 89 76
1337 569 88 76
1340 570 87 75
1341 569 88 76
1344 570 87 75
1344 569 89 76
1347 570 87 74
1346 570 89 76
1353 571 85 73
1352 569 89 76
1354 571 88 75
1359 571 87 74
1357 570 91 77
1360 570 91 77
1363 572 87 74
1365 572 88 75
1368 573 87 74
1369 573 88 75
1372 574 86 74
1374 574 86 74
1376 574 86 74
1378 574 86 74
1380 574 86 74
1381 574 87 75
1384 574 84 73
1386 574 84 73
1388 574 84 73
1390 573 85 74
1388 572 87 76
1391 573 84 74
1392 572 85 75
1393 571 85 75
1393 571 86 76
1395 571 86 76
1395 570 86 76
1396 570 85 75
1396 569 86 76
1395 569 87 77
1395 569 87 77
1396 569 87 77
1396 569 87 77
1398 570 86 76
1398 569 87 77
1397 569 87 77
1398 568 87 77
1398 568 88 78
1399 568 87 78
1398 568 88 79
1399 568 87 78
1399 567 88 79
1401 567 87 78
1397 567 89 80
1400 568 86 77
1399 567 87 78
1398 568 86 77
1400 568 85 76
1397 567 87 77
1400 569 85 75
1399 567 88 77
1399 566 89 78
1397 569 90 79
1403 569 86 76
1397 567 90 79
1403 567 87 76
1397 568 91 80
1402 568 88 77
1400 566 90 79
1399 566 91 80
1401 567 90 79
1401 567 89 79
1401 567 88 79
1402 566 88 79
1400 565 90 80
1399 566 91 81
1402 566 89 79
1398 565 91 81
1402 565 89 79
1397 565 93 82
1401 564 91 81
1396 563 94 84
1401 563 91 82
1397 563 94 85
1402 562 91 83
1396 562 94 86
1401 561 91 83
1396 562 94 86
1401 561 92 84
1397 562 94 86
1400 561 92 84
1396 563 95 86
1402 562 92 83
1396 562 94 85
1399 561 94 85
1396 561 94 85
1396 560 95 86
1395 561 96 87
1398 560 95 86
1395 561 95 86
1396 562 96 87
1399 562 95 86
1396 562 95 86
1398 561 96 87
1399 559 96 87
1395 560 97 88
1397 560 96 87
1398 559 96 87
1394 560 97 88
1396 560 97 88
1396 559 98 89
1394 558 99 90
1395 558 99 90
1395 558 98 90
1395 559 99 90
1393 560 100 91
1398 562 97 88
1396 560 98 89
1396 561 97 88
1396 561 96 87
1399 561 95 86
1393 561 96 87
1397 565 94 85
1402 563 92 84
1395 564 94 86
1401 566 92 84
1399 562 93 85
1397 561 96 87
1399 561 95 86
1394 561 97 88
1397 565 95 86
1401 564 92 84
1398 563 93 85
1399 563 92 84
1397 564 91 83
1400 565 88 80
1396 566 90 81
1399 567 88 79
1397 566 88 79
1399 565 88 79
1396 565 90 81
1398 566 89 80
1398 566 88 79
1399 564 90 81
1396 564 91 82
1398 564 91 82
1396 564 91 82
1397 564 91 82
1398 564 92 83
1401 563 91 82
1395 564 94 85
1400 565 91 82
1398 562 94 85
1399 562 93 84
1395 563 95 85
1399 563 92 83
1397 562 93 84
1397 563 92 83
1399 564 91 82
1394 563 94 85
1397 561 93 84
1392 561 96 87
1392 558 97 88
1381 557 100 91
1377 555 100 91
1364 551 101 92
1352 549 102 93
1340 546 104 95
1331 543 107 98
1324 540 108 99
1320 542 111 102
1317 540 112 103
1317 542 110 101
1318 540 110 101
1316 539 111 102
1313 541 111 102
1316 539 112 103
1315 542 110 101
1315 540 111 102
1313 541 111 102
1315 539 113 104
1316 540 111 102
1313 542 110 101
1316 539 110 101
1311 541 110 101
1315 538 111 102
1310 541 109 101
1314 539 108 100
1313 539 109 101
1312 539 110 102
1315 538 110 102
1311 536 112 104
1313 538 113 105
1317 535 112 104
1312 539 112 104
1316 535 113 105
1311 535 112 104
1313 536 115 107
1316 534 114 106
1314 535 115 107
1315 533 114 106
1314 533 117 109
1313 543 115 107
1316 537 116 108
1318 532 118 110
1311 530 119 111
1316 530 120 111
1312 531 121 112
1317 530 120 111
1310 530 123 114
1317 530 122 113
1312 526 123 114
1315 530 123 114
1312 527 122 113
1316 528 123 114
1309 525 126 117
1316 529 128 119
1313 522 129 120
1313 525 132 123
1313 521 132 123
1316 523 135 126
1313 523 136 127
1315 523 137 128
1314 524 138 129
1314 524 138 129
1314 525 138 129
1316 524 138 129
1316 524 138 129
1316 524 138 129
1316 525 138 129
1318 522 138 129
1313 522 139 130
1314 527 140 131
1317 524 141 132
1314 523 141 132
1315 527 141 132
1314 524 142 133
1316 524 142 133
1314 521 143 134
1312 525 145 136
1311 523 146 137
1313 525 147 138
1309 527 149 140
1304 532 153 144
1308 523 150 141
1310 529 150 141
1304 536 153 144
1300 541 155 146
1296 543 158 149
1294 540 162 152
1293 539 164 154
1291 539 166 156
1293 539 167 157
1294 536 166 156
1288 542 168 158
1289 537 165 155
1290 543 167 157
1291 538 164 154
1290 542 167 157
1289 534 165 155
1293 539 166 156
1291 534 167 157
1287 538 168 158
1294 540 167 157
1289 535 167 157
1293 542 168 158
1290 534 166 156
1295 541 167 157
1292 534 165 155
1291 541 166 156
1293 535 164 154
1294 543 165 155
1294 532 163 153
1295 542 164 154
1296 534 163 153
1295 539 162 152
1293 541 162 152
1292 540 162 152
1292 543 163 153
1290 535 163 153
1292 540 164 154
1294 534 163 153
1293 537 163 153
1290 537 163 153
1288 539 164 154
1290 534 164 154
1292 537 164 154
1290 535 164 154
1290 535 164 154
1291 537 165 155
1287 528 165 155
1283 530 165 155
1282 529 163 153
1283 528 162 152
1286 531 160 150
1285 526 159 149
1284 532 158 148
1275 525 157 147
1302 520 158 148
1293 517 158 148
1291 524 157 147
1290 527 156 146
1288 532 155 145
1280 537 154 144
1278 540 148 138
1278 547 141 132
1276 557 137 128
1282 562 134 126
1312 529 133 125
1310 520 134 126
1309 518 133 125
1308 520 135 127
1305 523 135 127
1306 532 136 128
1306 535 137 129
1304 538 138 130
1298 545 139 131
1293 551 139 131
1310 521 139 131
1308 528 140 132
1306 534 142 134
1305 536 143 135
1303 540 145 137
1304 543 147 139
1303 540 148 140
1298 542 151 143
1308 508 153 145
1311 520 153 145
1311 527 150 142
1309 531 149 141
1304 533 149 141
1303 537 153 144
1311 509 153 144
1307 522 154 145
1310 509 154 145
1305 525 154 145
1307 510 153 144
1303 526 154 145
1304 521 152 143
1307 544 152 143
1303 520 155 146
1305 542 156 146
1304 511 159 149
1306 536 160 150
1299 515 163 152
1298 540 163 153
1306 506 168 158
1301 529 168 158
1297 541 169 159
1302 535 164 154
1301 539 161 151
1309 505 166 155
1305 526 166 156
1300 531 165 155
1301 532 161 151
1300 531 158 148
1297 532 160 150
1303 533 160 150
1300 529 158 148
1303 528 159 149
1302 523 157 147
1305 522 155 145
1307 520 152 142
1307 514 153 143
1310 508 151 141
1315 501 150 140
1317 503 152 142
1321 500 152 142
1322 497 154 144
1321 496 157 147
1320 493 159 148
1320 490 161 150
1322 487 163 152
1322 486 164 153
1320 486 165 154
1313 486 166 155
1313 491 169 158
1306 486 170 159
1307 489 173 162
1305 491 177 166
1300 490 180 169
1295 497 184 173
1289 509 191 179
1282 515 193 181
1269 525 197 185
1276 526 198 186
1268 534 200 188
1277 519 199 187
1265 528 203 191
1273 520 203 191
1273 514 204 192
1266 519 208 196
1274 511 206 194
1268 512 209 197
1273 514 210 198
1280 511 210 198
1276 505 213 201
1277 503 216 204
1273 496 218 206
1271 512 218 206
1287 514 216 204
1290 507 216 204
1282 503 214 202
1285 497 214 202
1288 504 214 202
1290 503 213 201
1290 507 212 200
1293 502 213 201
1296 506 213 201
1294 503 215 203
1299 504 215 203
1296 513 216 204
1287 502 221 208
1291 507 220 207
1286 501 219 206
1290 503 218 205
1290 504 217 204
1288 504 215 202
1287 504 213 200
1294 501 210 197
1293 512 209 196
1288 505 206 193
1289 500 202 189
1290 509 200 187
1288 503 194 182
1289 514 191 180
1294 506 183 173
1290 514 181 171
1288 517 176 167
1281 520 174 165
1277 525 171 162
1270 532 169 160
1258 541 163 155
1263 538 157 150
1263 540 151 144
1257 543 146 140
1298 531 146 140
1300 531 147 141
1307 528 143 137
1308 527 142 136
1312 522 139 133
1316 514 136 130
1322 512 134 128
1320 516 134 128
1319 514 130 125
1320 516 128 123
1322 518 125 120
1321 519 122 117
1322 519 118 113
1324 521 115 110
1328 522 112 107
1328 525 110 105
1327 525 106 102
1329 526 107 103
1329 528 105 101
1328 528 105 101
1327 528 104 100
1324 530 103 99
1319 527 104 100
1315 526 108 104
1315 527 110 106
1314 524 112 108
1315 525 111 107
1316 521 112 108
1323 520 113 109
1321 519 117 113
1319 517 121 116
1319 515 124 119
1320 512 127 121
1317 512 129 123
1317 512 131 125
1314 513 134 128
1314 510 137 130
1314 508 139 132
1316 506 141 133
1309 506 144 136
1311 501 144 136
1311 496 145 137
1310 500 148 140
1311 500 150 142
1311 503 152 144
1308 502 154 145
1306 502 154 145
1308 502 154 145
1308 503 155 146
1311 508 155 146
1310 508 154 145
1316 507 150 142
1315 507 150 142
1318 508 147 139
1316 508 146 138
1319 508 145 137
1318 508 143 135
1319 513 142 134
1321 518 140 132
1320 525 140 132
1321 523 139 131
1322 522 138 130
1320 525 138 130
1322 523 137 129
1324 523 136 128
1327 524 136 128
1330 526 135 127
1326 531 135 127
1329 528 135 127
1330 527 134 126
1329 530 133 125
1331 535 134 126
1331 545 136 128
1319 531 134 126
1317 533 135 127
1318 528 137 129
1321 530 140 132
1324 531 142 134
1325 536 145 137
1326 544 149 141
1308 524 150 142
1312 525 151 143
1314 525 153 145
1321 520 155 147
1325 526 157 149
1324 529 155 147
1324 527 153 146
1327 524 152 145
1332 524 151 144
1330 521 149 142
1333 519 149 142
1329 520 148 141
1327 522 146 139
1316 520 146 139
1318 509 145 138
1314 502 145 138
1308 510 146 139
1311 511 147 140
1309 507 149 142
1306 511 151 144
1304 514 152 145
1300 517 154 147
1303 537 155 148
1309 510 153 146
1304 516 153 146
1302 539 155 148
1306 524 153 146
1309 548 154 147
1304 512 155 148
1306 537 156 148
1311 555 163 155
1306 556 164 156
1307 551 161 153
1310 556 161 153
1315 556 159 151
1314 556 157 149
1323 558 155 147
1324 556 151 143
1322 556 150 143
1327 555 150 143
1327 555 149 142
1330 554 149 142
1311 525 149 142
1316 541 150 143
