621 426 39 34
621 425 39 34
621 425 38 33
621 424 38 33
621 424 38 33
622 422 39 34
622 422 38 33
623 420 39 34
624 420 39 34
624 420 39 34
628 418 38 34
629 418 38 34
631 417 39 35
631 418 38 34
634 416 38 34
634 416 38 34
634 416 38 34
634 416 37 33
634 416 37 33
635 416 37 33
635 416 37 33
635 416 36 32
634 415 37 33
634 415 37 33
634 415 37 33
635 415 36 32
635 415 36 32
635 415 36 32
635 415 36 32
635 415 36 32
636 414 36 32
636 414 36 32
636 414 36 32
636 414 36 32
636 414 35 31
636 413 35 31
636 413 35 31
636 413 34 30
637 413 34 30
637 413 34 30
637 413 34 30
637 413 34 30
637 413 34 30
637 412 33 29
637 412 34 30
637 411 34 30
637 411 34 30
637 411 34 30
637 411 34 30
637 410 34 30
637 410 34 30
637 410 34 30
638 409 34 30
638 409 34 30
638 409 33 29
637 409 34 30
638 408 33 29
637 407 34 30
638 407 34 30
639 407 34 30
639 407 33 30
640 406 33 30
640 406 34 31
641 406 33 30
642 406 33 30
642 406 32 29
643 405 33 30
643 405 33 30
643 405 32 29
643 404 33 30
643 405 32 29
644 404 32 29
644 404 32 29
644 403 33 30
644 403 33 30
644 403 32 29
644 403 32 29
644 402 33 30
644 402 33 30
644 402 33 30
644 402 32 29
646 401 32 29
645 401 32 29
646 401 31 29
646 400 31 29
646 400 31 29
646 400 31 29
646 400 31 29
646 399 31 29
646 399 31 29
646 399 31 29
646 398 31 29
646 398 32 30
647 398 31 29
647 398 31 29
647 398 31 29
647 397 31 29
646 397 32 30
647 397 32 30
647 397 31 29
647 397 31 29
648 396 31 29
647 396 31 29
647 396 31 29
648 396 31 29
648 396 31 29
648 395 31 29
648 395 31 29
649 395 31 29
649 394 31 29
649 394 31 29
649 394 31 29
649 394 31 29
649 394 31 29
649 394 31 29
650 393 31 29
649 393 31 29
650 393 31 29
650 393 31 29
650 392 31 29
650 392 31 29
650 392 31 29
651 392 30 28
651 392 31 29
651 391 30 28
651 391 30 28
651 391 31 28
651 391 31 28
651 391 31 28
652 391 31 28
652 390 30 27
652 389 31 28
652 390 30 28
653 390 30 28
653 390 30 28
654 390 30 28
654 389 29 28
654 389 29 28
654 389 29 28
654 389 29 28
655 389 29 28
655 389 28 27
656 388 28 27
655 388 29 28
655 388 29 28
655 388 28 27
656 388 28 27
657 388 28 27
657 387 28 27
657 387 28 27
657 387 29 28
657 387 28 27
658 387 28 27
658 387 28 27
658 386 28 27
658 386 28 27
658 386 28 27
658 386 28 27
658 386 28 27
659 386 28 27
659 385 28 27
659 385 28 27
660 385 27 26
660 385 28 27
660 385 27 27
660 385 27 27
660 385 27 27
660 384 27 27
660 384 27 27
661 384 26 26
661 384 26 26
662 384 27 27
662 383 27 27
662 383 27 27
662 383 27 27
662 383 27 27
662 383 27 27
662 383 26 26
662 383 27 27
662 383 27 27
662 383 27 27
662 383 27 27
662 383 27 27
662 383 27 27
663 382 27 27
663 382 27 27
663 382 27 27
663 382 27 27
664 382 27 27
664 381 27 27
664 381 27 27
663 381 27 27
662 381 27 27
661 380 27 27
660 380 27 27
659 381 27 27
658 380 27 27
658 380 26 26
659 380 26 26
659 380 27 27
659 379 27 27
659 379 27 27
659 379 27 27
659 379 27 27
659 379 27 27
660 379 26 26
660 379 27 27
660 378 27 27
660 378 27 27
660 378 27 27
660 378 27 27
660 378 27 27
661 378 26 26
662 378 26 26
662 378 25 25
661 378 25 25
660 378 25 25
658 377 26 26
657 377 25 25
655 377 26 26
655 377 25 25
654 377 26 26
655 376 26 26
655 377 26 26
655 377 26 26
656 377 25 25
655 376 26 26
656 376 26 26
656 376 25 25
656 376 25 25
656 376 25 25
656 376 25 25
656 375 25 25
657 376 24 24
657 376 24 24
658 376 24 24
658 376 24 24
658 375 25 25
658 374 25 25
658 375 25 25
658 374 25 25
658 374 25 25
658 374 25 25
659 374 26 26
659 374 26 26
660 374 25 25
660 374 25 25
660 374 26 26
660 374 25 25
660 374 25 25
661 374 25 25
661 373 26 26
661 374 25 25
661 373 25 25
661 374 25 25
660 373 25 25
657 372 26 26
654 372 27 27
650 371 27 27
646 371 27 27
642 371 27 27
638 370 27 27
637 371 27 27
636 371 26 26
637 371 26 26
637 372 26 26
637 372 26 26
638 372 26 26
638 372 26 26
638 372 26 26
638 372 26 26
639 372 26 26
639 372 26 26
639 372 26 26
639 372 26 26
640 372 25 25
640 372 25 25
639 372 25 25
640 372 25 25
640 372 25 25
640 372 24 24
641 373 24 24
642 373 24 24
642 373 24 24
642 373 24 24
642 373 24 24
643 373 24 24
643 372 25 25
642 372 25 25
643 372 25 25
643 371 25 25
643 372 25 25
643 372 24 24
644 372 23 23
644 371 23 23
644 371 23 23
644 371 23 23
645 371 24 24
645 372 25 25
644 371 26 26
645 371 26 26
646 371 26 26
646 370 27 27
645 370 27 27
645 370 27 27
646 370 27 27
646 369 27 27
646 369 27 27
646 369 27 27
646 369 27 27
647 369 26 26
647 369 27 27
646 369 27 27
647 369 27 27
647 368 27 27
647 368 28 28
647 368 28 28
647 368 28 28
647 368 28 28
648 367 28 28
648 368 28 28
648 367 28 28
648 367 28 28
648 367 28 28
648 366 28 28
648 366 28 28
649 366 27 27
648 366 27 27
648 366 28 28
648 366 28 28
648 365 28 28
649 365 28 28
648 365 27 27
648 365 27 27
648 365 27 27
648 365 27 27
648 365 27 27
648 364 27 27
649 364 26 26
649 365 26 26
649 364 26 26
649 364 26 26
649 364 26 26
649 364 26 26
649 363 26 26
649 363 26 26
649 363 26 26
649 363 25 25
649 362 25 25
649 362 25 25
649 362 25 25
649 362 25 25
649 361 25 25
649 361 26 26
649 361 26 26
649 361 26 26
649 360 26 26
649 360 26 26
649 360 26 26
649 359 26 26
649 359 26 26
649 359 26 26
649 359 26 26
649 359 26 26
649 359 26 26
649 359 26 26
649 359 26 26
648 358 26 26
649 359 26 26
648 358 26 26
649 358 26 26
648 358 26 26
649 358 26 26
648 358 26 26
648 358 26 26
648 357 26 26
648 357 26 26
648 357 26 26
648 357 26 26
648 356 26 26
648 356 26 26
648 356 27 27
647 356 27 27
647 355 26 26
648 356 26 26
648 355 26 26
647 355 26 26
648 355 26 26
647 355 26 26
648 355 26 26
647 355 26 26
647 355 26 26
647 354 26 26
647 355 26 26
647 354 26 26
647 355 26 26
647 354 26 26
647 355 26 26
647 354 26 26
646 354 26 26
647 354 26 26
646 354 26 26
646 353 26 26
646 353 26 26
646 353 26 26
646 353 26 26
646 353 26 26
646 353 26 26
646 352 26 26
645 352 26 26
645 351 26 26
645 351 26 26
645 351 26 26
645 351 26 26
645 350 26 26
645 350 26 26
645 350 26 26
645 350 26 26
644 349 26 26
645 349 25 25
644 349 25 25
644 350 25 25
644 350 25 25
644 350 25 25
644 350 25 25
644 350 25 25
644 350 25 25
644 350 25 25
644 350 25 25
644 350 25 25
644 350 25 25
644 350 25 25
644 350 25 25
644 349 25 25
644 349 25 25
644 349 25 25
644 349 25 25
644 348 25 25
643 348 25 25
644 348 24 24
644 349 24 24
644 349 24 24
644 349 24 24
644 348 24 24
644 347 24 24
644 348 24 24
644 347 24 24
644 348 24 24
644 347 24 24
644 347 24 24
644 346 24 24
644 345 24 24
644 345 24 24
644 345 24 24
644 344 24 24
645 343 24 24
644 343 24 24
644 342 24 24
645 341 24 24
644 341 24 24
644 340 24 24
644 339 24 24
645 338 24 24
645 337 24 24
645 336 24 24
645 335 24 24
645 334 24 24
645 334 24 24
645 333 24 24
645 332 24 24
645 331 24 24
645 331 24 24
644 331 24 24
644 331 24 24
644 331 24 24
645 330 24 24
645 330 24 24
645 329 24 24
644 329 24 24
645 329 24 24
645 329 24 24
644 329 24 24
645 328 24 24
644 327 24 24
644 327 24 24
644 327 24 24
644 326 24 24
644 327 24 24
644 326 24 24
644 326 24 24
644 326 24 24
644 326 24 24
644 326 24 24
644 326 24 24
644 325 24 24
643 325 24 24
644 326 24 24
644 325 24 24
643 325 24 24
643 326 24 24
644 325 24 24
643 325 24 24
643 324 24 24
643 324 25 25
643 323 25 25
642 323 25 25
643 323 25 25
642 323 25 25
642 322 25 25
642 322 25 25
642 322 25 25
642 322 25 25
642 322 25 25
642 322 25 25
642 322 25 25
642 322 25 25
642 322 25 25
642 322 25 25
642 322 25 25
642 322 25 25
641 322 25 25
642 322 25 25
641 322 25 25
642 322 25 25
642 322 25 25
641 322 25 25
641 322 25 25
641 322 25 25
641 322 25 25
641 322 25 25
641 322 25 25
641 322 25 25
641 323 25 25
642 323 24 24
642 323 24 24
642 324 24 24
642 323 23 23
642 323 23 23
641 323 23 23
642 324 23 23
641 324 23 23
641 324 22 22
642 325 22 22
641 325 22 22
642 325 22 22
641 325 22 22
642 325 22 22
642 326 22 22
641 325 22 22
641 325 22 22
641 325 22 22
642 325 22 22
641 325 22 22
641 325 22 22
642 326 21 21
643 326 21 21
644 326 21 21
645 326 21 21
647 326 21 21
650 326 21 21
652 326 21 21
654 326 21 21
655 325 21 21
656 326 21 21
656 325 21 21
657 326 21 21
657 326 21 21
658 326 22 22
659 326 22 22
660 326 22 22
661 326 21 21
662 326 21 21
662 326 22 22
663 326 22 22
663 326 22 22
663 326 22 22
664 326 22 22
664 327 22 22
665 326 22 22
665 327 22 22
665 327 22 22
665 327 22 22
666 327 22 22
666 327 22 22
666 328 22 22
667 327 22 22
667 327 22 22
668 327 22 22
668 328 22 22
666 328 22 22
664 328 23 23
661 327 23 23
659 327 23 23
658 327 23 23
659 327 23 23
660 327 23 23
660 327 23 23
660 327 23 23
660 327 23 23
660 327 23 23
660 328 23 23
660 327 23 23
660 328 23 23
659 327 23 23
658 328 23 23
658 328 23 23
658 328 23 23
658 328 23 23
658 328 23 23
658 328 23 23
659 328 23 23
659 328 23 23
659 328 23 23
659 329 24 24
657 328 24 24
653 328 24 24
649 328 24 24
646 328 24 24
635 328 23 23
632 328 24 24
622 328 24 24
618 329 24 24
615 329 24 24
614 330 24 24
614 330 24 24
613 331 24 24
612 331 24 24
611 331 24 24
610 331 24 24
609 331 24 24
609 332 24 24
608 332 24 24
607 332 23 23
606 332 23 23
605 332 23 23
604 332 23 23
604 332 23 23
603 333 23 23
603 333 23 23
602 333 23 23
602 333 23 23
602 333 23 23
602 333 23 23
601 333 23 23
601 334 23 23
601 334 23 23
601 334 23 23
601 334 23 23
601 334 23 23
601 334 23 23
601 335 23 23
601 335 23 23
605 336 22 22
613 334 25 24
618 335 25 25
623 335 24 24
626 335 23 23
627 335 23 23
627 335 23 23
627 335 23 23
627 336 23 23
628 337 23 23
628 336 23 23
629 336 23 23
630 337 23 23
630 337 23 23
631 337 23 23
632 337 23 23
632 338 23 23
632 338 23 23
633 338 23 23
633 339 23 23
633 340 23 23
634 341 23 23
634 341 23 23
635 341 23 23
635 341 23 23
635 342 23 23
635 342 23 23
636 342 23 23
636 343 23 23
636 343 23 23
637 343 23 23
637 343 23 23
637 343 23 23
638 343 23 23
638 343 23 23
638 344 23 23
638 344 23 23
639 344 23 23
639 344 23 23
639 344 23 23
639 344 23 23
639 344 23 23
640 344 23 23
641 344 23 23
641 345 23 23
641 345 23 23
641 345 23 23
642 345 23 23
642 346 23 23
642 345 24 24
643 345 24 24
643 345 24 24
644 345 24 24
644 346 24 24
644 346 24 24
645 346 24 24
645 347 24 24
646 347 24 24
646 348 24 24
646 348 24 24
647 348 24 24
647 348 24 24
648 348 24 24
648 349 24 24
648 349 24 24
648 350 24 24
649 350 24 24
649 350 24 24
649 349 25 25
649 349 25 25
649 350 25 25
650 349 25 25
650 350 25 25
650 351 25 25
651 351 25 25
651 351 25 25
652 352 25 25
652 352 25 25
652 352 25 25
652 352 25 25
653 353 25 25
653 353 25 25
653 353 25 25
654 354 24 24
655 355 24 24
655 354 25 25
655 353 26 26
654 355 25 25
656 354 26 26
656 353 26 26
657 353 26 26
657 353 25 25
657 353 25 25
657 353 24 24
658 353 24 24
659 353 24 24
659 354 24 24
660 354 24 24
660 354 24 24
660 354 24 24
661 354 24 24
661 353 24 24
662 353 24 24
662 353 24 24
662 352 24 24
663 352 24 24
663 353 24 24
663 353 24 24
664 354 25 25
663 352 26 26
662 354 25 25
664 353 26 26
664 352 26 26
665 351 27 27
664 350 27 27
665 350 27 27
665 349 27 27
665 348 28 28
666 348 28 28
666 348 28 28
667 348 27 27
666 348 27 27
666 348 27 27
667 348 26 26
668 349 25 25
668 349 25 25
668 349 25 25
669 350 24 24
669 351 24 24
669 351 24 24
669 351 24 24
670 351 24 24
670 350 24 24
670 349 24 24
670 349 24 24
670 349 24 24
670 348 24 24
671 347 24 24
671 346 24 24
671 347 24 24
671 347 24 24
672 348 24 24
673 349 23 23
672 349 23 23
673 349 23 23
674 350 22 22
674 350 22 22
675 350 22 22
675 350 22 22
675 350 22 22
675 349 22 22
675 350 22 22
676 350 22 22
676 351 22 22
677 351 22 22
677 350 22 22
678 351 22 22
678 351 22 22
678 351 22 22
678 351 22 22
678 352 22 22
678 351 22 22
678 351 22 22
678 350 22 22
679 350 22 22
679 351 22 22
680 351 22 22
680 351 22 22
680 351 22 22
680 352 22 22
681 352 22 22
681 352 22 22
681 353 22 22
682 354 22 22
681 354 22 22
682 353 22 22
682 352 22 22
682 353 22 22
681 352 22 22
682 353 22 22
682 354 22 22
683 354 22 22
683 354 22 22
683 354 22 22
683 355 22 22
684 355 22 22
684 355 23 23
684 354 23 23
684 354 23 23
684 354 23 23
685 354 23 23
685 355 23 23
685 354 23 23
684 355 23 23
685 356 23 23
685 356 23 23
685 358 23 23
685 357 23 23
685 356 23 23
686 357 23 23
686 357 23 23
684 358 23 23
685 358 23 23
686 358 23 23
686 358 23 23
687 358 23 23
684 361 23 23
686 360 23 23
686 360 23 23
686 360 23 23
683 363 22 22
685 363 23 23
683 364 22 22
685 364 23 23
686 364 23 23
685 363 23 23
685 363 23 23
685 363 23 23
684 364 23 23
684 364 23 23
683 363 23 23
683 363 23 23
683 365 22 22
683 365 23 23
682 364 23 23
682 363 23 23
681 363 23 23
680 364 23 23
680 370 22 22
680 350 33 30
679 346 33 30
679 337 33 30
677 324 33 30
677 312 33 30
677 312 34 31
677 313 34 31
678 315 34 31
679 316 33 30
680 318 32 29
681 319 32 29
680 320 32 29
680 320 32 29
680 322 32 29
680 322 32 29
680 323 32 29
680 323 32 29
681 324 32 29
682 326 32 29
682 325 31 28
684 327 32 29
685 328 32 29
686 328 32 29
688 328 32 29
691 328 32 29
694 327 32 29
697 327 32 29
700 326 32 29
702 324 31 29
705 322 30 28
707 322 29 27
708 322 29 27
708 323 29 27
708 323 29 27
707 323 29 27
707 324 29 27
708 325 29 27
709 326 29 27
709 327 29 27
709 328 29 27
709 329 29 27
709 330 29 27
710 328 28 26
709 329 29 27
708 329 29 27
708 329 29 27
708 329 29 27
708 329 28 26
709 331 27 25
709 331 26 24
710 331 25 24
710 331 25 24
716 340 25 24
716 341 25 24
717 343 25 24
718 345 25 24
719 346 24 24
719 347 23 23
720 348 22 22
721 350 21 21
722 351 21 21
722 352 20 20
723 352 19 19
724 353 19 19
725 354 19 19
725 354 19 19
725 354 19 19
723 356 18 18
724 356 19 19
724 356 19 19
722 359 18 18
721 360 19 19
725 364 19 19
726 363 19 19
723 366 19 19
723 366 19 19
723 366 19 19
720 369 31 28
719 372 31 28
718 371 32 29
718 373 33 30
718 376 34 31
719 376 35 32
719 379 36 33
719 380 37 34
719 383 38 35
720 384 39 36
720 387 40 37
720 389 41 38
721 390 41 38
722 392 41 38
722 393 41 38
723 393 41 38
722 396 41 38
723 396 40 37
724 399 40 37
725 401 40 37
726 403 40 37
726 406 40 37
727 408 39 37
727 411 39 37
728 411 39 37
728 412 39 37
727 414 39 37
728 416 39 37
729 417 40 37
729 419 41 38
729 421 42 39
729 422 43 40
728 423 43 40
727 425 43 40
727 425 44 41
727 426 44 41
727 426 44 41
728 429 44 41
728 430 44 41
727 433 45 42
722 434 45 42
716 436 45 42
711 437 45 42
705 438 45 42
700 440 45 42
695 443 44 42
681 444 43 41
669 446 43 41
658 448 42 40
647 449 43 41
634 452 42 40
619 451 41 39
604 452 40 38
590 454 40 39
587 457 41 39
566 455 41 39
553 461 41 39
551 464 41 39
538 466 41 39
537 468 41 39
535 471 40 38
536 474 39 37
525 481 39 37
526 484 39 37
526 483 39 37
529 484 39 37
534 485 39 37
545 491 39 37
550 493 39 37
561 496 39 37
575 498 40 38
579 500 40 38
589 503 40 38
594 505 40 38
607 510 40 38
612 512 40 38
629 517 39 37
634 519 40 38
647 523 40 38
652 525 40 38
665 531 40 38
669 531 40 38
681 540 40 38
681 540 41 39
691 551 41 39
691 550 41 39
701 557 41 39
699 561 41 39
706 566 41 39
707 575 41 39
707 575 41 39
707 575 41 39
707 575 41 39
707 575 41 39
707 575 41 39
707 575 41 39
707 575 41 39
707 575 41 39
707 575 41 39
707 575 41 39
707 575 41 39
707 575 41 39
707 575 41 39
691 546 41 39
693 548 40 38
692 551 40 38
696 554 40 38
693 554 40 38
694 562 40 38
698 565 40 38
695 564 40 38
697 571 40 38
700 575 40 38
701 582 39 37
701 584 39 37
698 585 39 38
701 592 39 38
700 594 40 39
705 598 39 38
703 599 39 38
703 610 39 38
703 613 39 38
703 616 39 38
709 621 39 38
707 623 39 38
709 630 38 37
708 633 39 38
709 635 40 39
708 637 41 40
706 639 42 41
705 637 42 41
711 654 42 41
709 657 42 41
708 660 44 43
706 663 46 45
706 668 46 45
706 671 46 45
707 675 46 45
707 678 46 45
708 681 46 45
711 683 46 45
714 686 46 45
717 688 46 45
723 689 47 46
738 694 47 46
742 697 48 47
747 700 48 47
772 707 47 45
779 710 47 45
802 713 47 45
818 715 47 45
837 715 47 45
857 719 48 46
882 727 44 41
907 729 40 36
