887 377 19 38
886 378 18 37
887 378 18 36
885 377 19 37
884 377 19 37
883 378 19 37
882 379 19 36
881 379 19 36
880 380 19 36
879 379 19 36
879 379 19 36
878 378 19 37
877 377 19 37
876 376 19 37
875 376 19 37
874 376 19 36
873 376 20 37
873 375 19 36
872 376 19 36
871 375 19 36
871 376 19 36
869 375 19 37
869 375 19 36
868 376 19 36
866 375 20 37
866 375 20 38
865 374 19 37
865 375 19 36
863 373 20 37
862 374 19 36
861 375 19 36
861 374 19 36
860 374 19 36
860 374 18 35
861 374 19 36
859 375 19 36
858 375 19 35
856 375 19 36
855 376 19 36
854 376 19 37
853 376 19 37
852 376 19 38
852 377 19 38
851 377 19 38
850 375 20 40
849 375 20 41
848 375 20 41
847 374 20 41
847 373 20 41
846 373 20 41
845 373 20 41
844 373 20 41
844 374 20 41
844 373 20 41
843 373 19 40
841 374 19 41
839 372 20 43
838 373 21 44
836 372 21 44
836 375 21 45
836 374 21 46
835 371 21 47
835 372 21 47
834 372 21 47
833 373 21 46
832 372 21 45
831 371 21 44
831 370 21 43
830 371 21 43
829 370 21 43
828 370 21 42
829 372 20 41
829 372 20 41
828 373 21 42
826 375 21 43
825 375 22 44
823 370 21 43
823 372 22 44
823 374 22 45
823 374 22 46
820 368 22 46
821 371 22 46
821 372 22 46
822 373 22 46
817 367 22 46
817 371 22 46
816 374 22 46
816 373 22 46
815 372 22 46
815 375 22 46
815 377 22 46
814 378 22 47
811 367 22 47
811 372 22 48
810 374 22 48
809 371 22 48
807 371 22 48
807 367 21 47
805 366 22 48
806 365 21 47
803 365 22 48
801 362 23 49
800 360 24 50
800 359 25 51
800 360 26 52
801 360 27 53
801 363 27 53
800 361 27 53
800 364 27 53
800 363 27 53
800 362 27 53
807 373 27 53
807 374 27 53
798 359 27 53
795 356 27 54
795 354 28 54
794 354 28 54
795 357 28 55
792 357 28 56
794 359 29 56
793 361 29 57
792 358 30 58
792 359 30 59
791 357 30 59
791 359 30 59
791 358 30 59
784 359 30 59
783 359 30 59
786 360 30 59
792 358 30 59
797 357 30 59
795 359 30 59
798 357 29 58
796 359 30 58
795 359 30 58
796 357 29 57
786 358 29 56
795 358 29 57
796 359 30 58
797 357 30 57
799 359 29 56
799 358 28 55
801 359 27 53
800 358 27 52
800 359 26 51
801 360 25 50
801 357 25 50
800 357 25 50
800 358 25 50
800 358 25 50
800 357 25 50
801 358 25 51
802 355 25 51
801 357 26 53
802 353 26 54
802 354 26 55
802 353 27 56
802 353 28 59
804 354 29 61
800 353 29 61
804 354 29 62
805 356 29 62
805 359 30 64
804 360 30 63
804 362 30 63
802 361 31 64
802 359 32 65
801 360 32 65
802 359 32 65
801 359 32 64
800 360 32 63
795 350 32 64
795 346 33 65
797 346 33 66
799 353 34 66
799 352 34 66
798 352 35 67
800 352 34 66
798 352 35 67
797 352 35 66
796 355 35 65
795 354 34 64
794 355 33 62
794 354 32 61
794 354 31 59
798 355 31 59
797 357 31 59
794 356 31 59
792 354 31 59
790 354 31 60
791 354 31 60
790 353 31 60
790 354 31 60
788 352 31 61
789 350 31 62
787 349 31 62
786 351 32 63
787 349 33 65
786 348 34 67
801 347 33 66
801 349 34 67
802 349 33 64
805 352 32 63
806 349 31 62
806 352 32 64
806 350 32 63
806 351 32 63
806 349 32 62
807 351 32 63
806 349 32 64
807 351 33 65
806 349 33 65
805 351 34 66
805 350 33 65
804 350 34 66
806 351 34 66
805 351 34 67
806 352 34 66
805 352 35 67
805 352 35 67
805 354 35 67
805 354 35 67
805 355 35 67
804 354 35 67
805 355 35 67
805 356 35 67
805 356 35 68
804 361 35 68
802 363 35 68
802 365 35 68
803 367 35 68
803 368 35 68
804 370 35 68
802 373 35 68
804 376 35 68
802 379 35 68
802 381 35 68
804 384 35 68
804 387 35 68
803 386 35 68
804 388 34 67
805 389 34 66
805 389 34 65
805 389 34 65
805 390 34 65
805 391 33 64
805 393 33 63
804 391 33 63
805 394 33 62
805 393 33 62
804 395 33 61
805 395 32 60
806 395 32 60
805 394 33 61
806 395 33 61
806 394 33 61
805 395 33 61
805 395 33 60
805 397 33 60
805 397 32 59
806 398 32 59
806 396 32 59
806 396 32 59
806 397 33 60
806 397 33 60
806 397 33 60
806 397 33 59
805 397 33 60
806 399 33 60
805 398 33 60
805 399 33 59
805 397 33 59
806 399 34 60
805 396 34 59
806 398 34 59
806 397 34 59
806 398 34 60
806 399 34 59
805 398 34 59
806 400 34 59
805 398 34 58
807 399 34 58
806 399 34 58
806 400 34 59
806 398 34 59
806 399 34 59
806 397 34 59
807 397 34 59
806 397 34 59
806 397 34 59
806 398 34 59
806 398 34 59
806 398 34 59
806 398 34 60
806 397 35 61
805 397 35 61
805 398 35 61
806 397 35 60
805 397 35 61
805 397 35 61
806 398 35 61
806 396 35 61
806 396 35 61
806 396 35 61
806 396 35 61
806 397 35 61
805 396 35 61
806 397 35 61
805 395 35 62
806 397 34 61
807 396 34 61
806 394 34 62
806 395 34 62
806 396 34 62
806 396 34 63
807 395 34 63
807 394 35 65
806 395 35 65
806 393 35 65
806 394 35 65
807 392 35 65
806 393 35 65
806 393 35 64
806 393 35 64
806 392 35 64
806 390 35 64
806 392 35 64
807 389 35 64
806 390 36 65
806 388 36 64
806 390 36 64
806 387 36 63
806 388 36 63
806 388 36 63
806 386 36 62
806 387 37 63
806 384 37 63
805 383 38 64
805 384 38 63
808 382 31 62
806 381 32 64
807 381 32 64
806 379 33 65
805 378 33 65
806 377 33 65
805 377 34 66
806 375 34 66
805 376 34 66
805 373 34 66
805 374 34 65
805 373 34 64
806 372 34 64
805 370 34 64
805 370 34 64
805 368 34 65
805 367 34 65
805 366 34 66
805 365 34 66
805 365 34 66
805 363 34 66
805 363 34 66
804 361 34 66
805 363 34 65
804 359 34 65
805 359 34 65
804 356 34 66
804 358 34 65
804 355 34 65
804 355 34 65
803 353 34 65
804 355 34 64
803 352 34 64
802 352 34 64
803 352 34 63
802 348 34 63
801 350 34 62
801 348 34 61
801 348 34 61
800 346 34 61
800 345 34 60
800 346 34 60
799 343 34 60
798 343 34 59
797 341 34 59
796 342 33 58
795 341 32 57
794 341 31 55
793 340 30 53
793 340 29 52
792 339 28 51
793 337 28 50
792 338 28 49
791 336 28 48
790 335 28 47
790 334 28 47
788 336 28 47
788 333 28 47
789 331 28 47
787 330 27 46
786 329 27 46
785 329 27 46
785 328 27 46
784 326 27 45
782 326 27 45
783 325 27 45
782 323 27 45
781 324 27 45
781 322 27 45
780 320 27 44
781 321 22 45
780 318 22 45
780 315 23 46
780 317 24 47
779 315 24 46
777 314 24 47
776 312 24 47
774 311 24 47
773 309 24 47
772 309 24 47
771 307 24 47
770 307 24 47
769 306 24 46
768 307 24 45
765 305 23 44
764 304 23 44
763 302 23 43
762 302 22 42
761 302 22 41
760 301 21 40
759 302 20 39
758 300 19 38
757 301 19 38
756 299 18 37
755 299 18 37
753 298 18 36
751 298 18 36
750 297 18 36
749 296 18 36
747 295 18 36
745 294 18 36
743 293 18 35
741 292 18 35
740 290 18 35
738 289 18 35
737 288 18 34
735 287 18 34
734 287 18 34
733 286 18 33
731 285 18 33
729 284 18 33
727 283 18 34
728 281 19 35
727 280 19 34
726 281 19 34
726 282 19 34
725 281 19 34
725 281 19 34
724 280 19 34
724 279 19 34
723 280 19 33
722 281 19 33
721 281 19 33
720 280 19 33
718 280 19 33
717 280 19 33
716 280 19 33
715 280 19 33
714 280 19 33
713 279 20 34
712 279 20 34
710 280 20 34
708 280 20 34
706 281 20 35
704 280 20 36
703 281 20 37
701 279 20 38
699 279 20 38
697 279 20 38
695 279 20 38
694 279 20 38
693 279 20 39
692 277 21 40
689 277 22 41
687 276 22 41
686 277 22 41
684 278 23 42
682 277 24 43
680 276 25 44
678 278 26 45
676 275 26 45
673 274 26 45
671 275 25 44
669 275 25 44
668 276 25 44
656 273 25 44
655 272 25 44
653 273 24 43
652 272 23 42
651 273 23 41
650 274 23 40
648 275 23 39
646 274 23 38
646 274 19 37
645 275 19 37
643 275 19 37
641 274 19 37
638 274 19 37
636 274 19 37
634 274 19 38
632 275 19 38
