649 359 40 32
650 360 39 32
649 360 40 33
650 360 39 32
650 361 40 32
651 361 39 32
651 361 40 33
652 362 39 32
650 363 39 32
651 363 39 32
651 363 40 33
651 363 39 33
650 363 41 34
650 364 41 34
650 364 42 34
650 365 42 34
649 365 42 34
650 366 42 34
649 366 42 34
649 367 42 34
650 368 41 33
650 368 40 33
650 368 39 32
650 369 41 33
650 369 39 32
650 369 39 32
650 370 39 32
650 370 38 31
651 372 38 31
651 372 38 31
651 372 38 31
651 373 38 31
650 372 39 32
650 373 39 32
650 373 38 31
650 374 39 32
650 374 40 32
650 374 40 32
650 375 40 32
651 375 39 31
651 375 40 31
651 375 39 30
651 376 40 31
651 376 39 31
651 376 39 31
652 376 39 31
652 377 39 31
652 377 40 32
652 377 40 32
652 377 40 32
654 377 40 32
653 377 41 33
652 377 41 33
652 377 42 34
652 378 42 34
653 378 42 34
653 379 40 33
654 379 39 32
655 380 38 31
656 381 37 30
656 382 37 30
656 382 37 30
656 382 37 30
656 382 36 30
656 382 36 30
657 380 36 30
656 380 38 31
656 380 39 32
656 381 40 33
656 379 41 34
656 380 40 33
655 379 41 34
654 379 43 35
655 379 42 34
656 380 42 34
656 380 41 34
655 380 42 35
655 380 42 35
656 380 41 34
655 380 41 34
655 379 41 34
655 379 40 34
656 379 40 34
656 379 40 34
655 379 41 35
656 379 39 34
656 379 39 34
656 379 39 34
656 379 39 34
656 379 39 34
656 379 39 34
656 379 39 34
656 379 39 34
656 379 39 34
655 378 39 34
655 378 39 34
654 378 39 34
654 378 39 34
654 378 39 34
654 378 39 34
654 377 39 34
654 377 39 34
654 378 39 34
654 377 39 34
654 378 39 34
655 377 39 34
655 377 39 34
655 377 39 34
655 377 39 34
655 376 39 34
655 377 39 34
656 376 39 34
656 377 39 34
656 377 39 34
655 376 39 34
655 376 39 34
655 376 39 34
655 376 39 34
655 375 39 34
655 374 39 34
654 374 39 34
654 374 39 34
654 375 39 34
655 376 39 34
655 375 39 34
655 375 39 34
655 375 39 34
655 375 39 34
655 374 39 34
655 374 39 34
655 374 39 34
655 374 39 34
655 373 39 34
655 374 39 34
655 373 39 34
655 372 39 34
655 373 39 34
655 372 39 34
655 373 39 34
655 372 39 34
656 373 39 34
656 371 39 34
656 372 39 34
656 372 39 34
657 373 39 34
657 371 39 34
658 372 39 34
658 371 39 34
659 372 39 34
658 370 39 34
659 371 39 34
659 371 39 34
659 371 39 34
659 371 39 34
659 370 39 34
659 371 39 34
659 370 39 34
659 371 39 34
659 370 39 34
659 371 39 34
659 371 39 34
659 371 39 34
659 371 39 34
659 371 39 34
660 371 39 34
660 372 39 34
659 370 39 34
660 372 39 34
659 372 39 34
660 373 39 34
659 371 39 34
659 373 39 34
659 373 39 34
659 372 39 34
659 373 39 34
658 373 39 34
658 376 39 34
658 375 39 34
659 376 39 34
657 374 41 36
656 373 43 38
655 373 43 38
654 372 43 38
653 370 44 39
652 370 45 40
653 371 45 40
653 369 46 41
651 369 45 40
652 369 44 39
653 369 45 40
652 369 47 41
652 368 47 41
651 369 47 41
651 369 47 41
651 369 47 41
650 369 47 41
650 369 47 41
650 368 47 41
650 368 47 41
649 368 46 40
651 369 45 39
649 368 46 40
651 369 45 39
650 368 46 40
650 369 45 39
649 369 46 40
649 369 46 40
649 370 46 40
649 371 46 40
650 371 45 39
649 371 45 39
649 370 46 40
650 371 45 40
650 372 44 39
651 371 44 39
651 373 44 39
651 372 44 39
651 373 43 38
651 374 44 39
651 374 43 38
652 373 43 38
653 374 42 37
653 374 42 37
654 373 42 37
654 373 41 36
654 373 42 37
655 371 42 37
655 371 41 36
655 370 43 37
655 370 42 36
655 369 42 36
655 369 43 36
655 369 42 35
655 367 44 36
655 368 43 35
654 367 43 35
655 367 43 35
653 366 45 36
653 366 45 36
653 365 45 36
654 365 45 36
653 366 44 35
654 364 44 35
653 364 45 36
652 364 45 36
652 364 45 36
652 364 44 35
652 362 45 36
652 363 44 35
652 362 43 35
650 360 44 36
652 361 45 37
650 360 43 36
653 361 43 36
652 361 41 35
652 359 42 36
653 360 41 35
653 360 41 35
653 360 41 35
652 360 41 35
651 359 42 36
652 359 42 36
651 358 43 37
650 357 44 37
650 358 44 37
651 358 43 36
650 358 44 37
652 359 43 36
651 360 42 35
651 358 44 36
651 359 43 36
650 359 43 36
651 361 43 36
651 360 42 35
651 360 43 36
651 360 42 35
651 360 42 35
651 361 42 35
651 361 42 35
651 362 43 35
650 362 43 35
650 363 44 36
650 363 43 35
650 364 44 36
650 364 43 35
649 364 45 37
650 364 43 35
649 365 43 35
649 366 43 35
649 365 43 35
649 366 43 35
649 366 43 35
649 366 43 35
649 367 43 35
649 366 43 35
649 367 43 35
649 366 43 35
647 366 45 37
647 365 45 37
647 365 44 36
648 366 44 36
648 366 44 36
648 366 45 37
647 366 44 36
647 367 45 37
647 366 44 36
647 367 45 37
647 366 44 36
647 368 44 36
646 367 45 37
646 366 46 38
646 367 46 38
647 367 45 37
646 366 46 37
646 367 47 37
646 366 47 37
646 367 47 37
645 367 47 37
646 367 46 37
646 367 46 37
647 366 46 37
648 366 44 36
648 366 43 36
648 365 43 36
649 366 43 36
649 366 43 36
649 365 43 36
649 366 44 37
651 365 43 36
650 365 44 37
650 365 44 37
650 364 44 37
651 365 44 37
651 364 43 36
651 365 44 37
651 364 44 37
652 364 45 37
651 364 45 37
651 364 45 37
651 364 45 37
651 363 45 37
652 363 45 37
652 363 44 36
653 363 43 35
653 363 42 34
654 363 42 34
654 363 42 34
654 363 43 34
652 363 44 35
652 362 44 35
652 363 44 35
652 363 44 35
652 363 44 35
652 363 44 35
652 363 45 35
651 363 45 35
651 363 45 35
651 363 45 35
651 363 45 35
651 364 44 34
651 364 45 35
651 364 44 34
651 364 45 35
650 364 44 34
652 363 44 34
652 364 43 33
651 363 44 33
652 364 43 33
651 363 43 33
651 363 44 34
651 364 44 34
651 363 45 35
651 363 45 35
651 363 45 35
650 364 46 36
649 364 46 36
650 363 47 37
649 363 46 36
651 365 46 36
651 365 45 35
651 365 44 34
651 366 46 35
650 366 45 34
651 367 45 34
650 366 44 34
651 365 45 35
651 366 43 34
652 367 43 34
652 367 42 33
652 366 44 34
652 367 43 33
652 367 45 34
652 368 44 33
653 368 45 34
651 368 45 34
652 367 46 35
653 368 45 34
652 369 46 35
654 369 45 34
652 369 46 35
653 369 45 35
653 369 44 34
654 370 45 35
653 370 44 34
654 370 46 35
653 370 45 34
654 370 44 33
654 370 46 34
655 370 44 33
655 370 44 33
656 370 44 33
656 370 43 32
656 371 44 33
657 370 45 33
655 370 46 34
656 370 46 34
656 370 46 34
655 370 46 34
655 369 47 35
655 370 47 35
655 370 46 34
655 369 47 35
654 370 47 35
654 370 46 35
655 370 46 35
655 370 46 35
655 370 45 35
654 370 45 35
655 369 45 35
654 369 45 35
654 369 44 34
655 370 44 34
655 370 43 33
654 370 44 34
655 369 44 34
654 369 44 34
654 369 46 35
653 369 46 35
653 368 46 35
654 369 46 35
653 369 47 35
652 369 47 35
652 369 47 35
652 369 47 35
652 369 47 35
652 369 47 35
653 370 46 35
653 370 46 35
654 369 46 35
654 370 46 35
654 369 45 35
654 368 45 35
654 367 46 35
655 369 45 35
655 368 44 34
655 369 46 35
655 368 45 34
654 368 47 36
655 367 46 35
654 367 47 36
654 367 47 36
654 368 47 36
653 367 48 36
653 368 49 37
652 367 48 37
652 365 50 39
652 366 48 38
653 366 49 39
653 366 47 38
654 367 47 38
654 366 48 38
653 366 48 38
653 366 47 37
653 366 47 37
653 366 47 37
653 365 47 37
653 365 46 36
653 366 48 37
653 366 47 36
652 366 49 37
651 367 48 36
651 366 50 38
651 368 49 37
651 367 48 36
651 368 49 37
651 368 47 36
651 367 49 37
651 368 48 36
651 368 49 37
650 368 48 37
650 368 49 38
650 368 48 38
651 367 48 38
652 367 46 37
652 366 46 37
651 365 47 38
651 365 47 38
651 366 46 37
651 367 47 37
650 366 47 37
651 367 48 38
651 367 46 37
651 366 47 38
651 367 47 38
651 367 46 37
652 367 46 37
651 367 45 36
651 368 47 37
650 368 45 36
651 367 46 37
652 367 46 37
650 367 46 37
650 366 47 38
650 366 48 39
650 366 47 38
649 366 48 39
650 366 46 37
649 366 47 38
650 366 46 37
650 367 46 37
651 366 46 37
651 366 46 37
651 367 46 37
650 366 46 37
651 367 47 38
650 367 45 37
651 366 46 38
651 366 46 38
652 366 46 38
652 365 46 38
651 365 48 39
651 365 47 38
650 365 48 38
650 366 49 39
649 365 47 38
649 366 47 38
649 366 47 38
649 366 47 38
649 366 46 37
650 366 46 37
649 365 47 37
649 366 47 37
649 366 47 37
649 367 47 37
648 366 47 37
648 368 48 38
648 367 47 37
648 366 47 37
648 367 48 38
648 367 47 37
648 366 47 37
647 365 48 38
648 366 49 39
647 365 47 38
647 366 48 39
648 365 47 38
648 365 47 38
648 364 47 38
648 365 47 38
648 366 46 38
648 365 45 38
648 365 46 39
648 364 46 39
648 366 46 39
648 365 45 38
648 366 47 40
648 366 45 38
648 367 46 39
649 366 45 38
648 366 47 39
647 367 46 38
648 367 47 39
648 366 46 38
649 367 47 38
647 367 46 37
647 367 48 39
648 367 46 38
648 366 46 38
648 366 46 38
648 366 46 38
648 366 46 38
647 366 47 38
647 367 48 38
647 367 47 37
646 367 48 38
646 368 49 38
646 367 48 37
646 367 49 38
645 367 49 38
644 367 49 38
645 366 50 39
645 366 49 39
645 365 49 39
645 366 49 39
645 366 48 39
646 365 48 39
646 366 47 38
646 365 47 38
646 366 46 37
646 365 46 37
646 364 47 38
645 366 48 39
646 366 46 37
645 365 47 38
645 366 48 39
645 366 47 38
644 365 48 39
646 366 48 39
646 366 47 38
644 366 48 39
645 365 48 39
646 366 49 40
645 366 48 39
646 366 48 39
646 365 48 39
646 366 47 39
647 365 46 38
648 365 46 38
648 366 46 38
648 366 45 37
648 366 46 38
649 366 46 38
648 366 47 39
648 366 46 38
648 366 48 39
648 366 47 38
648 367 48 39
649 366 48 39
649 366 48 39
649 366 47 39
648 366 48 40
649 367 47 39
649 366 47 39
649 367 47 39
649 366 47 39
649 365 46 38
651 366 45 37
649 365 46 38
650 366 46 38
650 365 46 38
650 367 47 39
650 367 45 38
649 366 46 39
649 366 47 40
649 365 47 40
649 366 48 41
650 366 48 41
650 366 47 40
650 367 47 40
650 367 47 40
650 367 48 41
651 367 46 40
651 366 47 41
651 366 47 41
651 366 47 41
651 365 46 40
652 365 45 39
652 365 45 39
651 365 46 40
651 364 46 40
651 365 47 41
651 364 47 41
652 365 45 40
652 365 46 40
652 365 46 40
652 366 46 40
651 365 47 41
651 365 47 41
651 365 46 40
653 366 46 40
651 366 48 41
651 366 47 40
650 365 48 41
651 365 46 40
652 365 45 39
651 364 46 40
651 365 46 40
651 365 46 40
651 365 46 40
651 365 46 40
651 365 46 40
