663 281 40 51
663 283 39 50
662 284 40 52
664 287 39 50
663 288 39 50
663 290 38 48
662 290 39 49
663 292 38 48
663 293 38 48
663 294 38 48
663 295 38 48
663 296 37 47
663 297 37 47
662 297 38 48
663 301 37 46
662 301 36 45
662 303 35 44
662 305 35 44
662 305 35 44
662 308 35 44
661 309 34 43
661 314 33 42
661 312 34 43
660 312 34 43
659 313 33 42
659 316 33 42
659 316 33 42
659 316 33 42
659 316 33 42
659 316 33 42
659 316 33 42
659 316 33 42
659 316 33 42
659 316 33 42
659 316 33 42
659 316 33 42
659 316 33 42
659 316 33 42
659 316 33 42
659 316 33 42
659 316 33 42
659 316 33 42
659 316 33 42
660 330 33 42
657 327 33 42
660 334 34 43
662 336 33 41
662 336 32 40
662 337 32 39
662 338 32 39
663 342 32 38
663 341 32 38
663 342 32 38
663 342 31 37
663 342 31 36
662 343 31 36
662 345 30 35
663 345 29 34
663 346 29 34
663 347 29 34
662 346 29 34
662 346 30 35
662 347 30 35
662 347 30 35
660 348 30 35
661 348 30 35
662 349 29 34
661 351 29 33
660 351 29 33
660 352 29 33
659 351 29 33
658 351 29 33
658 351 29 33
658 351 29 33
658 351 29 33
659 352 28 32
659 353 28 31
660 355 28 31
660 353 29 32
660 354 29 32
659 353 29 32
659 354 30 33
660 354 30 33
660 354 30 33
660 355 30 33
661 355 29 32
661 356 29 32
661 357 28 31
662 357 28 30
662 358 28 30
662 358 28 31
662 358 28 30
663 360 28 30
663 360 27 29
663 360 27 29
663 360 27 29
662 360 28 30
663 361 28 30
663 361 29 31
662 360 30 32
664 361 29 31
664 360 29 31
664 361 29 31
664 360 30 32
664 361 31 33
664 360 31 33
663 361 32 34
663 360 33 35
666 361 27 35
665 360 27 35
665 361 28 36
666 360 28 36
667 361 27 35
666 361 27 34
667 363 26 33
667 363 26 33
667 364 26 32
667 365 26 32
667 365 26 32
667 366 26 32
667 366 26 31
667 366 26 31
666 366 27 32
666 366 27 32
665 366 27 32
665 366 27 33
664 366 28 34
665 366 28 34
665 366 29 35
664 366 29 36
664 366 29 37
664 365 30 38
665 366 29 37
665 366 29 37
665 366 28 36
665 366 28 36
666 366 28 35
666 366 29 36
666 366 30 37
666 365 30 37
666 365 30 37
667 366 30 37
667 367 29 36
667 368 28 35
668 368 28 35
669 368 28 35
670 369 27 34
668 370 27 34
669 369 27 34
669 370 27 34
669 370 27 34
669 371 26 33
670 370 26 32
670 371 26 32
670 372 26 32
670 372 27 33
670 371 27 33
670 372 28 34
671 373 28 34
670 372 29 35
671 371 29 35
671 372 30 36
671 372 30 36
671 373 30 36
671 374 30 36
672 373 30 36
672 373 31 37
671 372 32 38
671 372 31 37
672 373 31 37
671 373 31 37
672 373 31 37
671 372 31 36
672 373 31 36
672 374 31 36
672 374 31 36
673 374 31 36
671 373 31 36
672 373 32 37
672 373 32 37
672 374 32 37
672 373 32 37
672 374 32 37
672 375 32 37
672 373 32 37
673 375 31 36
673 376 31 36
672 376 31 37
672 376 31 37
673 376 31 37
673 376 31 37
672 377 31 37
672 377 31 37
672 377 31 37
673 377 31 36
673 377 32 37
674 377 31 36
673 376 31 36
673 377 31 36
674 377 30 35
674 377 30 35
674 377 30 35
675 377 30 35
675 377 31 36
674 378 30 35
676 377 30 35
675 378 30 35
675 377 31 36
675 378 31 36
674 377 32 37
674 377 32 37
674 377 32 37
674 377 32 37
674 378 33 38
674 380 33 38
673 379 33 38
673 378 33 38
673 379 32 37
673 378 32 37
673 379 31 36
673 380 31 36
673 380 32 37
673 379 33 38
673 379 34 39
673 379 33 38
673 379 33 38
672 380 32 37
672 379 33 38
672 379 33 38
672 379 33 38
672 379 32 37
671 378 33 38
671 379 33 38
671 379 33 38
671 379 33 38
671 379 33 38
670 378 34 39
670 378 35 40
670 379 34 39
670 378 34 39
669 378 35 40
669 378 35 40
669 379 35 40
669 379 35 40
669 378 35 40
669 379 35 40
669 379 35 40
668 379 36 41
668 378 36 41
668 378 36 40
668 379 36 40
667 378 37 41
667 378 36 40
667 379 36 40
667 378 36 40
667 379 36 41
666 378 37 42
666 379 36 41
666 378 36 41
666 378 36 41
666 378 36 41
666 377 36 41
666 377 37 42
664 377 38 43
665 378 37 42
664 377 37 42
663 377 38 43
663 376 38 43
664 377 38 43
664 378 37 42
663 377 37 42
663 378 37 42
663 377 37 42
663 378 37 42
663 377 37 42
663 377 38 43
663 377 38 43
663 377 38 43
662 376 38 44
663 377 37 43
662 376 38 44
662 375 38 45
662 377 37 44
663 378 37 44
663 378 37 44
663 378 38 45
663 377 38 45
663 376 38 45
663 377 37 44
663 378 38 45
663 378 38 45
663 377 39 46
662 377 40 47
662 375 40 47
663 376 39 46
664 377 39 45
664 377 39 45
664 377 39 45
664 378 39 45
665 379 39 45
665 380 39 45
665 380 39 45
665 380 39 45
664 379 40 46
665 381 40 46
665 381 41 47
664 380 42 48
665 379 43 49
665 380 42 48
665 380 42 48
664 380 43 49
665 380 43 49
665 381 43 49
665 381 43 49
665 380 43 49
664 380 44 50
666 380 44 50
666 380 44 50
665 381 46 52
665 380 46 52
666 382 46 52
666 382 45 51
665 380 46 52
666 382 45 51
664 380 47 53
665 380 47 53
665 381 47 53
665 380 47 53
665 380 47 52
665 381 47 52
664 381 48 53
665 380 47 52
664 380 48 53
664 381 47 52
663 380 47 52
662 380 47 52
661 379 48 53
662 380 47 52
662 381 47 52
661 379 48 53
663 380 47 52
663 381 46 51
662 379 47 52
662 378 48 53
662 377 48 53
662 378 48 53
662 379 48 53
661 378 50 55
661 376 50 55
661 376 50 55
661 376 49 54
660 376 50 55
660 376 50 55
659 375 51 56
658 375 52 57
658 375 51 56
658 376 51 56
658 376 51 56
658 375 51 56
657 375 52 57
657 373 52 57
658 375 51 56
658 375 51 56
657 374 52 57
657 372 52 57
658 373 52 57
658 373 53 58
657 372 53 58
658 373 53 58
657 372 53 57
657 372 52 56
657 373 52 56
656 371 52 56
657 373 53 57
657 371 52 56
657 372 52 56
657 370 52 56
657 370 52 56
656 369 52 56
656 367 53 57
655 365 55 59
656 365 54 58
656 366 53 57
657 367 52 56
657 369 51 55
655 365 52 56
656 367 51 55
656 365 50 54
657 368 49 53
656 366 49 53
657 367 48 52
658 367 48 52
656 365 49 53
657 365 49 53
657 363 50 54
657 364 52 56
658 364 52 56
658 365 51 55
658 363 51 55
657 362 51 55
656 364 52 57
655 361 53 58
656 363 53 58
654 360 52 57
655 361 51 56
654 358 50 55
657 361 49 54
655 357 49 54
654 356 50 55
654 353 51 56
654 353 51 56
654 350 50 55
655 350 50 55
654 348 49 54
654 347 48 53
655 345 49 54
655 345 48 53
655 343 48 53
655 341 49 54
656 341 48 53
656 339 48 53
656 339 48 53
656 337 48 53
657 337 47 52
657 337 48 53
656 335 48 53
657 335 47 52
657 336 46 51
656 335 47 52
657 338 46 51
656 336 45 50
657 339 44 49
657 338 43 48
656 338 45 50
656 337 45 50
656 336 46 51
655 333 47 52
656 334 45 50
657 335 45 50
656 334 45 50
657 333 44 49
658 333 44 49
659 333 43 48
659 334 42 47
659 333 41 46
659 334 40 45
660 332 40 44
661 333 40 44
660 330 41 45
659 330 41 45
659 329 41 45
659 329 40 44
659 330 39 43
658 329 40 44
659 329 39 43
658 328 40 44
659 329 39 43
658 327 40 44
659 329 39 43
658 328 40 44
659 328 39 43
659 328 40 44
659 329 40 44
659 328 40 44
659 329 40 44
659 330 40 44
659 330 40 44
659 330 39 43
659 330 39 43
659 331 38 42
659 332 38 41
659 331 38 41
659 333 37 40
659 334 37 40
658 333 38 41
658 334 37 40
659 335 36 39
658 335 37 40
658 336 37 40
658 336 37 40
658 336 36 39
658 337 36 39
658 337 36 39
658 338 36 38
661 339 30 38
659 339 31 39
658 337 32 41
658 337 32 41
659 337 31 40
658 338 31 40
658 340 31 40
659 339 31 40
659 339 31 40
659 340 30 39
659 340 30 40
660 341 30 40
660 341 30 40
660 342 30 39
660 342 30 40
661 343 29 39
660 343 30 40
661 343 30 39
661 343 30 39
661 344 29 38
661 344 29 38
661 344 29 38
661 345 29 38
661 345 29 38
661 345 29 38
662 345 29 38
662 345 29 38
662 346 29 38
662 347 29 38
662 347 29 38
662 347 29 38
662 347 29 38
662 348 29 37
662 347 29 37
663 348 28 36
664 349 27 35
664 348 27 35
664 347 28 36
664 348 28 35
665 349 27 34
665 349 28 35
664 348 28 35
664 348 28 35
664 348 28 35
665 349 28 35
665 348 28 35
665 349 28 35
665 348 29 36
664 349 30 37
664 348 30 37
664 348 30 37
664 349 30 36
664 351 29 35
664 350 29 35
664 351 29 35
664 350 29 35
664 352 28 34
665 354 28 34
665 354 27 33
664 353 27 33
664 354 28 34
664 355 28 34
664 355 28 34
664 355 29 35
662 354 30 36
663 354 29 35
663 356 28 34
664 356 28 34
664 356 28 34
663 355 29 35
663 355 30 36
663 355 30 36
663 355 29 35
663 355 29 35
663 354 29 35
663 354 28 34
663 356 28 34
664 356 28 35
663 355 29 36
663 355 29 36
663 354 29 36
663 354 29 36
663 355 28 35
664 355 28 35
663 354 27 34
663 356 27 34
663 356 27 34
663 357 27 34
663 358 26 33
664 358 26 32
663 357 26 33
663 358 26 32
663 359 26 31
664 359 26 31
663 358 27 32
663 358 27 32
663 359 27 32
663 359 27 31
663 361 26 30
663 361 26 29
663 361 26 29
663 360 26 29
663 361 26 29
663 362 26 29
663 363 26 29
664 363 26 29
664 364 27 30
663 363 28 31
664 364 28 31
664 364 28 32
664 364 29 33
663 363 30 34
664 363 30 34
664 363 30 34
664 363 29 33
664 363 29 33
664 363 28 32
665 364 28 31
665 365 27 30
666 366 27 30
666 367 27 30
666 367 27 30
666 368 26 29
666 368 26 29
666 368 26 29
667 368 26 29
667 368 26 29
668 369 26 29
667 368 26 29
667 368 26 29
667 368 26 29
667 368 26 30
668 368 26 30
668 368 26 30
668 368 25 29
668 368 25 29
668 368 25 29
668 369 25 29
668 369 25 29
668 369 26 30
669 369 25 29
669 369 25 29
669 369 26 30
670 369 26 30
669 368 27 31
668 368 27 31
668 368 26 30
669 369 26 30
669 369 26 30
669 369 26 30
669 369 26 30
669 369 26 30
669 369 26 30
669 368 26 30
669 368 26 30
669 368 26 31
670 368 26 31
669 368 26 31
669 369 26 31
669 369 26 30
669 369 26 30
670 370 26 30
669 370 26 30
670 370 25 29
669 370 26 30
670 370 26 30
669 370 26 30
670 370 26 30
670 371 26 30
670 371 25 29
670 371 25 29
670 371 25 29
670 371 25 29
671 371 25 29
670 371 25 29
670 372 25 29
670 372 25 29
671 372 25 29
670 372 25 29
670 371 25 30
670 371 25 30
671 371 25 30
670 370 25 30
670 371 25 30
670 370 25 30
670 371 24 29
670 371 24 29
671 372 24 29
671 372 24 29
671 372 24 29
671 372 24 29
671 372 24 29
671 371 24 29
671 371 24 29
670 372 24 29
671 371 24 29
671 371 23 28
671 372 23 28
671 373 23 28
670 373 23 28
670 373 23 28
670 374 23 28
670 374 24 29
670 373 24 29
670 374 24 28
670 375 24 27
670 375 24 27
670 375 24 27
670 375 24 27
670 375 24 27
670 375 24 27
671 375 24 27
671 375 24 27
670 375 24 27
670 376 24 27
669 375 25 28
669 375 24 27
669 375 24 27
669 374 24 27
669 374 25 28
669 374 24 27
669 374 24 27
669 374 24 27
669 374 24 27
668 375 24 27
668 375 25 28
668 376 24 27
667 374 25 28
667 375 25 28
667 376 25 28
666 375 26 29
666 374 26 29
666 375 26 29
666 374 27 30
666 374 27 30
666 374 27 30
666 374 27 30
667 374 26 29
667 375 26 29
667 374 26 29
667 374 25 28
668 375 25 27
667 375 26 28
667 375 26 28
668 374 26 28
668 375 26 28
668 376 26 28
668 375 26 28
668 376 26 28
669 376 26 28
668 375 27 29
668 375 27 29
668 374 26 28
669 375 25 27
668 375 24 26
669 375 24 26
669 376 24 26
669 375 24 26
669 376 24 26
669 375 24 26
669 375 24 26
669 376 24 26
669 376 24 26
669 376 25 27
668 375 25 27
668 374 25 27
668 374 24 26
670 375 24 26
670 375 24 26
670 375 24 26
670 375 25 27
670 374 25 27
670 374 25 27
670 374 25 27
670 374 25 27
670 374 25 27
671 375 25 27
671 375 24 26
672 375 24 26
672 375 24 26
672 375 23 25
672 374 23 25
672 374 23 25
672 374 24 26
672 374 24 26
672 373 25 27
672 373 25 27
672 373 25 27
672 374 25 27
671 373 26 28
672 373 26 28
671 372 27 29
670 371 28 30
671 372 28 30
672 371 28 30
671 371 28 30
671 371 28 30
671 371 28 30
671 371 27 29
671 370 26 28
672 371 25 27
672 371 25 26
674 372 20 25
673 372 21 26
672 372 22 27
672 371 22 27
672 371 22 27
672 371 22 27
671 370 23 28
671 370 23 28
670 370 24 29
671 370 24 29
670 369 24 29
670 369 24 29
670 370 24 29
670 370 24 29
670 369 24 29
670 369 24 28
670 370 23 27
670 371 23 26
670 372 23 26
670 372 23 26
670 372 23 26
669 372 23 26
669 372 23 27
669 371 24 28
669 371 24 28
669 372 24 28
669 372 24 28
669 372 24 28
668 371 25 29
668 371 25 28
668 371 25 28
668 371 25 28
668 372 25 28
668 373 25 28
668 373 25 28
668 374 24 27
669 373 24 27
669 374 23 26
669 374 23 26
668 374 24 27
669 374 24 27
669 374 24 27
669 374 24 26
669 374 24 26
669 374 24 26
669 374 24 26
669 375 24 26
669 375 24 26
669 375 24 26
669 374 24 26
669 375 24 26
669 374 24 26
669 375 24 26
669 375 24 26
669 375 24 26
669 376 25 27
668 375 25 27
668 374 25 27
668 374 25 27
668 374 25 27
669 374 25 27
669 373 25 26
671 373 20 26
671 373 21 27
670 372 22 28
670 373 22 28
670 373 22 28
670 373 23 29
669 372 23 29
669 372 23 29
669 372 23 29
669 372 23 29
669 371 23 29
669 371 23 29
669 371 23 29
669 372 23 29
669 371 23 29
669 371 23 29
668 371 23 30
668 371 23 30
669 371 23 29
668 372 23 29
668 372 23 29
669 372 23 28
668 373 22 27
669 374 22 26
669 374 22 26
668 374 23 27
667 373 24 28
667 374 24 28
667 373 24 28
667 373 23 27
667 373 23 27
667 373 23 27
667 372 23 27
667 372 23 27
666 372 23 27
666 372 23 27
666 372 23 27
667 372 23 26
666 372 23 26
666 373 23 26
666 372 24 27
667 371 24 27
667 372 23 26
667 372 24 27
667 371 24 27
667 372 24 27
667 371 24 27
667 371 25 28
667 370 26 29
667 369 26 29
667 370 26 29
667 369 26 29
667 370 26 29
667 369 26 29
667 369 26 29
668 370 26 28
667 371 26 28
668 371 26 28
668 371 25 27
667 371 24 26
668 371 24 26
668 371 24 26
668 371 24 26
668 371 24 26
668 371 24 26
668 371 24 25
670 371 19 25
669 370 20 26
669 370 21 27
670 370 21 28
669 369 22 29
669 368 22 29
669 368 22 29
669 369 22 29
669 368 22 29
669 369 22 29
670 368 22 29
670 368 22 29
670 369 22 28
670 370 22 28
669 370 22 29
670 369 22 29
670 368 23 30
670 368 23 30
670 368 23 30
669 368 23 30
669 368 22 29
670 368 22 29
670 369 22 29
670 368 22 29
670 368 22 29
670 368 22 29
670 367 22 29
670 368 22 30
670 367 22 30
670 367 22 30
670 366 22 30
670 366 23 31
669 366 23 31
669 366 23 31
669 367 23 30
670 367 23 30
670 366 23 30
670 366 23 29
670 367 23 29
670 369 23 28
670 370 23 28
670 370 23 28
670 370 23 28
670 370 23 28
670 369 23 28
670 369 23 28
670 369 23 28
670 369 23 28
670 370 23 28
671 369 23 28
671 370 23 28
671 369 23 28
670 370 23 28
670 370 23 28
670 370 23 28
670 370 23 28
671 370 23 28
671 369 23 28
671 370 23 28
671 371 23 28
670 370 24 29
671 371 24 29
671 370 24 29
671 369 24 29
671 369 24 29
671 369 24 29
671 369 24 29
671 369 25 30
670 369 26 31
670 368 26 31
671 369 26 31
671 369 26 31
671 369 25 30
671 370 25 30
670 371 25 30
671 371 25 30
671 370 25 30
671 371 25 30
671 370 25 30
671 370 25 30
671 371 24 29
671 370 24 28
671 370 24 28
671 370 24 28
671 371 24 28
671 371 24 28
671 372 24 27
671 372 24 27
671 372 24 27
671 372 24 27
671 372 24 27
671 373 24 27
672 374 23 26
671 374 23 26
671 374 23 26
671 374 23 26
672 375 23 26
672 374 23 26
672 373 23 26
671 374 23 26
672 374 23 26
671 373 23 26
671 374 23 26
672 375 23 26
671 374 24 27
672 373 24 27
671 373 24 27
672 373 24 27
672 373 24 27
671 373 24 27
672 374 24 27
672 374 24 27
672 374 24 27
672 374 24 27
672 373 24 27
670 375 24 27
671 375 24 27
673 376 23 26
673 376 23 26
673 377 23 26
674 378 23 26
674 378 23 26
675 379 23 26
675 378 23 27
674 378 23 27
675 379 23 27
676 380 23 27
676 381 23 27
677 381 23 27
677 381 23 27
678 382 23 27
679 383 23 27
679 383 23 27
679 383 23 27
680 384 24 28
681 385 24 28
681 386 24 27
682 386 24 27
682 386 24 27
683 387 24 27
683 386 24 27
684 387 24 28
685 387 24 28
