655 566 38 61
657 564 38 61
659 563 37 60
661 561 36 59
663 556 35 57
667 554 34 55
670 551 33 54
672 547 32 53
675 543 32 53
677 538 32 53
679 533 31 52
681 530 31 52
682 524 32 53
683 518 32 53
685 513 32 53
688 506 32 53
689 502 31 52
693 495 32 52
696 487 31 51
697 481 31 51
700 475 31 50
701 470 31 50
703 466 31 49
703 464 31 49
703 463 31 48
707 466 30 47
707 466 30 47
707 466 30 47
707 466 30 47
707 466 30 47
707 466 30 47
730 465 30 47
741 470 30 47
746 473 30 46
747 474 30 47
746 473 31 49
745 470 32 51
745 478 32 51
746 474 32 51
748 478 31 49
746 481 31 49
749 475 31 50
746 481 30 49
750 478 31 50
753 473 32 52
758 477 32 52
766 479 32 52
763 479 33 53
761 475 34 55
764 474 34 55
767 472 35 57
767 485 34 56
770 481 35 57
768 487 34 56
772 482 35 56
771 491 34 55
773 486 35 55
771 490 34 54
775 487 35 54
777 487 35 54
777 487 37 57
778 485 38 59
779 483 39 60
781 484 39 60
782 486 39 60
786 487 38 59
789 487 38 59
789 491 39 61
790 494 39 61
791 492 40 62
793 494 42 65
794 497 43 66
795 498 45 69
797 498 45 70
799 501 44 69
803 500 43 68
805 501 44 69
808 503 43 68
810 505 43 69
814 504 42 67
816 505 44 70
819 506 45 72
822 509 44 71
824 506 43 70
827 508 43 69
830 512 42 68
832 515 41 66
833 517 40 64
837 520 39 62
836 523 39 63
841 523 38 61
843 525 38 60
844 526 39 61
846 525 39 60
848 528 38 59
849 530 38 60
851 530 37 59
852 530 36 58
853 530 36 58
854 532 36 57
856 533 36 57
857 535 36 57
858 537 36 57
860 539 35 56
860 541 36 57
861 543 35 56
862 545 35 55
863 548 34 54
865 551 33 52
866 554 32 51
868 554 31 50
869 555 31 50
870 556 32 52
872 555 32 53
874 556 33 54
875 557 34 55
877 558 34 55
879 560 34 55
881 560 35 56
881 561 37 59
884 561 38 61
886 560 39 62
888 563 38 61
892 564 37 59
895 567 36 58
899 570 35 57
902 571 35 57
905 572 35 57
907 574 35 57
908 575 36 58
911 577 36 58
913 579 35 57
914 582 35 56
916 582 35 55
918 582 35 54
920 583 35 53
923 583 34 52
925 584 34 52
928 585 34 52
932 587 34 51
933 589 36 53
935 591 37 54
937 593 38 56
937 595 39 58
940 595 39 58
941 598 40 59
943 600 40 58
944 598 40 58
946 597 41 59
947 597 43 62
950 598 44 63
953 599 44 63
954 600 45 65
954 598 46 67
955 601 47 68
957 602 48 69
959 602 49 71
960 604 49 71
961 604 51 73
962 605 53 76
965 605 54 78
966 603 57 82
968 603 58 84
971 603 59 85
972 601 59 85
973 603 59 85
974 605 58 84
975 608 57 83
975 608 57 83
977 608 56 82
979 611 56 81
980 615 54 79
982 615 54 79
983 616 55 80
984 618 54 79
987 618 53 78
988 620 53 78
990 619 54 79
992 617 56 81
993 619 56 81
993 616 58 84
994 620 58 84
995 621 59 86
996 621 58 85
997 622 59 86
998 622 60 88
1000 622 60 88
1003 623 59 87
1006 623 57 85
1011 624 55 82
1014 626 53 79
1016 629 52 78
1017 631 55 82
1021 633 55 82
1023 632 55 82
1026 634 55 82
1028 634 55 82
1029 634 58 86
1031 634 58 86
1034 637 56 83
1037 639 54 81
1041 638 52 78
1044 641 51 76
1044 642 51 76
1047 643 49 74
1049 645 48 72
1050 647 47 71
1052 648 48 72
1053 649 50 76
1055 649 52 79
1057 649 52 79
1060 645 52 79
1063 646 53 81
1065 648 52 79
1068 650 52 78
1070 655 51 76
1073 658 49 73
1074 660 49 73
1077 662 49 73
1078 664 49 74
1079 664 50 75
1080 662 51 77
1081 661 51 76
1083 663 51 76
1084 662 51 77
1087 660 49 75
1088 660 48 73
1089 665 48 73
1090 664 47 72
1091 666 48 73
1093 665 49 74
1092 667 51 76
1093 669 53 79
1095 669 54 81
1095 664 54 81
1096 664 54 81
1097 664 53 80
1100 666 52 78
1102 670 51 76
1101 678 50 74
1104 677 50 75
1106 675 51 76
1105 677 51 76
1107 677 52 77
1107 684 52 76
1107 686 52 77
1109 686 53 79
1110 684 52 78
1112 683 53 80
1113 684 53 81
1115 680 54 83
1117 672 55 85
1117 669 56 86
1117 667 57 87
1115 664 60 91
1116 665 62 94
1117 666 65 98
1119 670 65 98
1117 669 68 102
1117 664 71 107
1116 664 74 111
1128 675 74 112
1122 670 75 112
1118 668 76 114
1122 668 76 114
1124 669 75 112
1147 685 68 102
1143 686 68 102
1139 686 66 99
1155 689 65 98
1157 696 66 99
1159 701 64 96
1163 706 61 92
1166 710 60 90
1169 713 59 88
1171 713 58 87
1171 709 59 89
1171 711 62 93
1174 711 60 90
1178 713 59 88
1180 711 59 88
1182 712 59 88
1184 713 59 88
1185 715 60 89
1185 714 61 91
1186 712 62 92
1188 715 63 93
1189 717 63 94
1190 717 63 94
