641 253 68 109
640 252 69 111
638 252 68 110
638 253 67 109
637 253 67 109
635 251 68 110
634 252 67 108
633 252 66 107
631 250 67 109
630 249 67 109
629 250 67 108
628 251 66 107
627 249 67 108
626 250 67 107
624 248 67 108
624 248 67 108
623 248 67 108
623 247 67 109
623 244 67 109
623 244 67 109
623 244 67 109
624 243 67 110
624 241 67 111
625 240 67 111
626 241 66 110
628 239 67 111
628 240 66 109
630 238 66 110
630 238 67 111
631 238 67 111
632 235 67 111
633 236 67 110
634 236 67 110
636 235 66 109
638 234 66 109
640 235 66 109
641 233 66 109
644 234 66 109
645 234 65 108
647 233 65 108
649 235 65 107
648 231 66 109
650 232 65 107
650 233 65 108
651 230 65 109
652 230 65 109
652 228 66 110
653 230 66 110
653 227 67 111
653 226 67 111
653 227 66 110
655 225 65 109
655 224 65 108
655 226 65 108
654 223 65 108
655 225 64 107
653 220 66 110
653 223 65 108
652 220 66 110
652 221 65 109
649 217 66 111
649 219 65 110
648 216 65 110
647 216 65 111
646 211 66 112
646 215 66 111
645 211 65 110
644 213 66 111
643 208 67 112
643 211 66 111
641 204 68 114
642 211 67 112
640 204 67 112
640 209 67 111
634 200 69 114
634 205 68 112
630 199 69 114
630 203 68 113
626 196 69 115
626 199 69 114
623 195 70 115
622 195 70 115
620 195 70 115
617 192 70 116
616 194 71 117
614 190 70 116
613 191 71 117
611 189 70 116
609 188 71 118
608 189 71 119
607 184 70 118
606 189 70 118
604 186 69 116
605 188 69 115
603 188 68 114
603 186 68 115
607 191 68 116
602 185 69 117
601 182 68 115
600 183 67 113
600 186 66 111
601 183 65 109
600 184 64 107
602 186 63 106
600 184 62 105
600 185 62 105
602 185 62 105
600 184 62 105
601 184 61 103
600 185 61 102
599 187 61 101
598 189 60 99
600 190 60 98
598 193 59 96
600 195 58 95
600 197 57 94
602 198 56 92
604 198 56 91
605 196 56 91
604 196 55 90
605 195 55 89
605 196 55 89
605 195 55 89
604 196 55 89
605 195 56 90
604 196 56 90
604 194 58 93
604 192 58 93
604 191 58 94
603 190 59 96
604 190 59 95
604 191 59 94
603 192 59 93
602 191 60 95
600 189 62 98
599 188 63 99
597 188 64 100
597 189 64 100
598 187 64 100
597 186 66 103
595 187 67 104
595 185 67 103
592 186 68 104
591 188 69 105
591 185 69 105
591 188 70 106
590 184 71 107
589 188 71 107
589 183 71 107
588 187 71 107
588 184 71 108
588 186 72 110
588 183 71 109
586 184 71 109
585 180 71 109
583 180 70 108
585 180 70 107
583 183 70 107
585 183 70 107
586 184 70 106
584 187 69 104
585 188 69 104
585 189 68 103
585 189 69 104
584 191 69 104
584 190 69 105
583 189 70 107
583 186 71 108
581 188 71 108
581 187 72 109
581 186 73 111
580 186 73 111
578 186 72 110
576 183 73 111
574 183 72 109
578 186 72 108
580 186 71 106
582 189 71 105
585 191 71 105
589 191 71 105
592 192 71 105
596 193 71 105
600 191 71 105
602 192 70 104
606 193 70 103
609 194 70 104
612 196 70 105
616 194 70 105
620 195 70 105
625 195 70 105
630 196 70 105
634 196 70 105
639 196 70 105
644 197 71 106
648 195 72 107
653 195 72 107
658 197 72 107
663 195 72 107
668 195 72 107
673 195 72 108
677 196 73 109
680 196 72 108
685 198 72 108
688 200 71 107
690 201 70 106
693 202 70 106
695 203 71 107
696 200 71 108
699 204 71 107
700 203 70 106
703 205 70 106
705 206 69 105
707 205 68 104
709 207 68 104
709 206 67 103
710 208 67 104
712 205 67 104
711 206 68 105
713 206 69 107
712 203 69 107
715 205 69 107
715 205 69 106
716 207 69 105
715 211 69 105
716 209 70 106
717 212 70 106
717 208 70 106
719 213 70 105
718 210 70 105
719 215 70 105
719 212 70 105
719 215 71 106
719 212 71 106
719 213 72 108
719 213 72 108
719 214 73 109
717 211 73 109
717 214 74 111
717 212 75 112
716 213 76 114
717 213 76 114
716 212 77 115
715 213 77 116
716 215 76 115
717 217 75 113
716 217 74 111
718 220 74 110
716 220 73 109
716 221 73 109
714 221 73 109
714 222 73 109
714 223 73 108
712 224 73 108
711 222 73 108
710 226 73 108
709 224 73 108
708 228 73 108
706 224 73 108
706 228 73 108
703 224 74 109
703 229 74 108
700 227 75 109
699 227 75 109
696 228 75 109
693 228 75 110
692 229 75 110
688 229 75 110
685 229 75 110
683 231 75 109
679 230 75 108
677 233 75 108
672 232 74 107
670 234 75 108
665 233 75 108
663 235 75 108
658 234 75 108
655 234 75 109
652 236 74 107
649 235 75 108
645 237 74 107
641 235 76 110
638 237 75 109
634 234 76 110
632 239 76 110
626 235 76 110
625 240 75 108
619 238 75 109
617 237 75 109
612 238 75 109
610 238 74 108
606 239 75 109
601 237 75 109
600 241 74 108
594 241 74 108
594 243 73 106
587 244 73 107
585 243 73 106
580 244 74 107
576 243 73 106
574 247 72 104
569 246 72 105
567 246 72 105
562 246 72 106
559 246 72 106
554 248 72 106
550 246 73 107
546 248 72 106
543 248 72 105
540 248 72 105
536 250 72 105
532 248 72 105
528 250 72 105
523 249 72 105
519 251 72 105
515 250 72 105
512 252 71 104
508 253 70 103
506 253 69 102
504 254 68 100
502 255 67 99
499 255 66 98
498 255 66 99
497 254 66 99
497 254 67 100
497 255 66 98
498 255 67 99
498 256 65 96
500 257 65 96
500 257 66 97
502 257 65 95
503 258 65 95
504 259 64 94
506 260 63 93
508 261 62 91
510 260 62 91
512 261 61 90
514 262 60 89
516 259 62 91
519 260 62 91
522 260 62 91
525 258 62 91
532 256 62 91
538 256 62 91
540 254 62 91
547 257 62 91
553 255 62 91
560 256 62 91
566 255 62 91
573 255 62 91
580 254 62 91
586 254 62 91
593 252 62 91
600 257 62 91
607 255 62 91
613 253 62 91
619 251 62 91
620 250 62 91
627 255 62 91
628 257 60 88
631 257 58 85
633 258 57 84
634 258 56 83
636 258 56 83
637 257 57 84
638 255 57 84
640 257 56 83
641 255 57 84
641 252 58 86
641 252 59 87
641 251 60 88
642 251 60 89
643 249 60 89
643 248 61 91
644 245 62 93
643 243 63 95
642 242 64 97
643 240 66 99
641 237 67 101
641 232 68 103
640 237 67 102
642 233 67 101
640 235 69 104
641 232 69 104
640 233 70 105
639 229 72 108
640 232 71 106
638 227 73 109
639 228 73 109
637 224 75 112
636 224 76 113
637 224 76 113
638 221 75 111
637 222 75 112
636 223 76 114
635 224 76 114
633 220 77 116
632 222 77 117
631 220 79 119
632 218 79 119
632 220 80 120
631 219 81 121
632 218 80 120
633 221 80 119
632 219 80 119
632 219 80 120
633 217 79 119
634 217 80 121
635 218 81 122
635 218 80 121
636 218 80 121
637 220 82 124
637 212 84 127
637 216 86 131
637 221 86 131
638 220 86 131
637 219 87 133
636 214 88 134
636 210 88 133
636 209 90 136
636 209 92 138
635 210 91 137
633 212 91 137
632 211 92 139
631 203 93 141
629 198 93 141
628 200 93 142
631 198 94 143
626 196 95 144
634 200 95 145
639 202 95 145
625 200 95 145
636 198 95 146
625 186 95 147
635 188 96 147
644 199 92 141
637 195 92 141
646 196 92 142
666 177 91 140
668 190 91 141
668 182 91 141
671 195 92 142
670 185 92 143
672 197 93 143
675 214 91 141
670 187 92 143
672 195 92 143
675 204 93 144
676 214 95 147
674 193 94 145
675 201 94 145
677 217 94 145
676 197 97 149
675 215 97 150
673 195 99 154
676 211 100 154
678 191 102 157
682 202 103 158
687 212 103 158
703 180 103 158
711 186 103 158
719 192 103 158
726 200 102 157
729 207 101 155
731 204 102 156
734 207 102 157
738 208 101 156
727 184 102 158
738 190 103 159
747 192 101 156
753 195 100 154
757 201 100 154
782 194 99 153
791 198 100 154
799 200 101 156
810 205 99 153
815 211 97 149
821 215 96 147
811 189 98 150
817 188 98 150
824 190 97 149
831 191 97 148
832 190 97 148
833 190 97 148
835 186 98 149
835 179 97 148
834 177 94 144
831 179 92 141
829 184 90 138
827 188 88 135
831 195 85 130
832 197 84 128
834 196 82 126
838 197 80 122
839 202 79 121
839 202 79 122
837 201 80 124
838 197 81 126
837 194 83 129
834 191 85 132
832 190 87 135
829 187 89 138
825 184 90 140
823 180 90 140
817 182 90 140
815 184 91 141
811 184 90 139
808 185 89 138
804 185 87 136
800 186 85 133
797 192 83 130
796 190 82 128
792 195 80 125
791 193 78 122
787 195 77 121
785 197 75 119
785 203 73 116
782 204 72 115
783 207 71 113
783 209 71 113
784 207 70 112
784 210 71 113
786 211 72 114
782 208 73 116
776 205 74 117
772 203 74 117
768 200 75 118
763 197 76 120
757 195 77 122
753 195 77 122
752 200 75 119
749 203 74 118
747 209 72 115
748 219 69 110
749 221 68 108
748 220 68 108
749 221 68 108
747 220 68 109
748 217 69 110
747 217 69 110
748 216 69 110
749 215 69 109
750 213 69 108
751 213 68 106
748 214 68 105
747 214 67 104
743 215 66 102
740 218 65 100
735 222 64 98
729 225 63 96
724 228 62 94
719 232 61 92
715 236 58 88
712 238 56 85
711 240 54 82
711 241 53 80
712 247 51 77
712 247 51 77
712 247 51 77
712 247 51 77
712 247 51 77
712 247 51 77
712 247 51 77
712 247 51 77
752 245 50 76
749 244 51 76
746 242 52 77
744 241 53 79
740 241 54 80
741 245 54 80
742 247 53 78
750 252 53 78
