505 152 18 19
505 152 18 19
505 152 18 19
505 152 18 19
505 152 17 18
505 153 17 18
505 153 18 19
505 152 18 19
505 151 18 19
505 151 18 19
505 151 18 19
504 151 18 19
504 151 17 18
504 151 17 18
504 151 18 19
504 150 18 19
503 150 18 19
503 149 18 19
503 149 18 19
503 149 17 18
503 150 17 18
503 150 17 18
503 150 17 18
503 150 17 18
503 150 17 18
502 149 17 18
502 149 17 18
502 149 17 18
502 149 16 17
502 148 17 18
501 148 17 18
501 148 17 18
501 148 17 18
501 148 17 18
501 148 17 18
500 147 18 19
499 147 18 19
499 146 18 19
499 146 18 19
499 146 18 19
499 145 18 19
499 145 17 18
499 146 16 17
499 146 17 18
498 146 17 18
498 146 17 18
498 146 16 17
498 145 17 18
498 146 16 17
498 145 16 17
498 145 16 17
498 145 16 17
497 145 16 17
497 144 17 18
496 144 17 18
496 144 17 18
496 144 16 17
497 144 16 17
497 144 16 17
497 143 16 17
496 143 16 17
496 143 17 18
496 143 17 18
496 142 17 18
495 142 17 18
495 142 16 17
495 142 17 18
495 142 17 18
495 141 16 17
495 141 16 17
495 141 16 17
495 141 16 17
495 141 16 17
495 141 15 16
495 141 15 17
495 141 15 17
495 140 15 17
495 140 15 17
494 139 15 17
494 139 15 17
494 139 15 17
494 139 15 17
494 139 15 17
494 139 15 17
494 139 15 17
494 138 15 17
494 138 16 18
493 138 16 18
493 138 16 18
493 139 15 17
493 138 15 17
494 138 14 16
494 138 14 16
494 138 14 16
494 137 14 16
494 136 14 16
494 136 14 16
494 136 14 16
493 136 14 16
493 136 14 16
493 136 14 16
492 135 15 17
492 134 15 17
491 133 15 17
491 134 15 17
491 133 15 17
490 132 15 17
490 132 16 18
490 132 16 18
490 132 16 18
490 132 16 18
489 131 17 19
489 131 16 18
490 132 15 17
490 131 14 16
490 132 15 17
490 132 15 17
490 132 15 17
489 131 15 17
489 130 15 17
489 131 15 17
489 131 15 17
489 130 15 17
489 130 15 17
489 130 14 16
490 131 15 17
489 129 15 17
489 129 15 17
489 129 15 16
489 130 15 16
489 129 15 16
489 129 15 16
489 129 15 16
489 128 14 15
490 128 14 15
490 128 14 15
490 127 14 15
489 127 15 16
489 127 15 16
489 127 15 16
489 127 15 16
489 127 15 16
489 127 14 15
489 126 15 16
488 125 15 16
488 125 15 16
488 125 15 16
488 124 15 16
488 124 14 15
488 123 14 15
488 123 14 15
487 122 15 16
487 122 15 16
487 122 15 16
487 122 14 15
487 121 15 16
486 122 15 15
486 122 15 15
486 121 14 14
487 122 14 14
487 121 14 14
487 121 14 14
487 121 14 14
486 121 14 14
486 121 14 14
486 121 13 13
486 120 13 13
486 120 13 13
486 119 13 13
485 119 13 13
485 119 13 13
485 119 13 13
485 118 13 13
485 118 13 13
485 117 13 13
485 117 13 13
485 116 13 13
484 116 13 13
484 116 13 13
484 116 13 13
484 115 13 13
483 115 13 13
483 115 13 13
483 114 13 13
483 114 14 14
483 113 14 14
483 113 14 14
482 113 14 14
483 113 13 13
482 112 13 13
482 112 13 13
482 111 13 13
481 111 13 13
482 111 13 13
481 111 13 13
481 110 13 13
481 110 13 13
481 109 13 13
481 110 13 13
481 109 13 13
481 108 13 13
481 108 13 13
481 108 13 13
481 107 13 13
480 106 14 14
480 106 14 14
479 106 14 14
479 106 14 14
480 105 14 14
480 106 14 14
480 105 14 14
480 105 14 14
479 104 14 14
480 104 14 14
479 104 14 14
479 103 13 13
479 103 14 14
479 102 14 14
479 102 14 14
479 102 14 14
479 101 14 14
479 100 14 14
479 99 14 14
479 98 14 14
479 97 14 14
479 98 14 14
479 98 14 14
478 98 14 14
478 97 14 14
478 97 13 13
479 97 13 13
479 97 13 13
479 96 13 13
479 96 13 13
479 95 13 13
479 95 13 13
479 94 13 13
479 94 13 13
479 94 13 13
479 93 13 13
479 93 13 13
479 93 13 13
479 92 13 13
479 92 12 12
480 92 12 12
480 92 12 12
480 92 12 12
480 91 12 12
480 91 12 12
480 90 12 12
480 90 11 11
479 89 12 12
479 89 12 12
479 90 12 12
479 89 12 12
479 88 12 12
479 88 12 12
479 87 12 12
479 87 12 12
479 87 11 11
479 86 11 11
479 85 11 11
479 85 11 11
479 85 11 11
479 84 11 11
478 84 11 11
478 83 11 11
478 83 11 11
478 83 11 11
478 82 11 11
478 82 11 11
478 82 10 10
479 82 10 10
478 82 10 10
478 81 10 10
478 81 10 10
478 81 10 10
478 80 10 10
478 80 10 10
478 79 10 10
478 79 10 10
478 79 10 10
478 78 10 10
478 78 10 10
478 78 10 10
478 78 10 10
478 77 10 10
478 77 10 10
478 77 10 10
477 76 10 10
477 76 10 10
477 76 10 10
477 75 10 10
477 75 10 10
477 75 10 10
477 74 10 10
477 74 10 10
477 74 10 10
477 74 10 10
476 74 10 10
476 73 10 10
476 73 10 10
476 73 10 10
476 72 10 10
476 72 10 10
476 72 10 10
476 72 10 10
476 71 10 10
476 71 10 10
475 71 10 10
475 70 10 10
475 70 10 10
475 70 10 10
475 70 10 10
475 69 10 10
475 69 10 10
474 69 10 10
475 69 10 10
475 69 10 10
474 68 10 10
474 68 10 10
474 68 10 10
474 68 10 10
474 68 10 10
474 68 10 10
474 67 10 10
473 67 10 10
474 66 10 10
473 66 10 10
474 65 10 10
473 65 10 10
473 65 10 10
472 64 10 10
473 64 10 10
474 63 10 10
473 63 10 10
473 63 10 10
472 63 10 10
472 63 10 10
473 62 10 10
472 63 10 10
472 62 10 10
472 62 10 10
472 62 10 10
471 62 10 10
471 61 10 10
471 61 10 10
471 61 10 10
471 60 10 10
471 60 10 10
471 60 10 10
471 60 10 10
472 59 10 10
471 60 10 10
471 60 10 10
471 59 10 10
471 59 10 10
471 59 10 10
471 59 10 10
471 59 10 10
471 58 10 10
471 58 10 10
471 58 10 10
470 57 10 10
470 57 10 10
470 56 10 10
470 56 10 10
470 56 10 10
469 56 10 10
469 55 10 10
469 55 10 10
470 55 10 10
470 55 10 10
469 55 10 10
469 54 10 10
469 54 10 10
469 55 10 10
469 55 10 10
469 55 10 10
469 54 10 10
469 54 10 10
468 54 10 10
468 53 10 10
469 52 10 10
468 52 10 10
468 52 10 10
468 52 10 10
468 51 10 10
468 50 10 10
468 51 10 10
468 50 10 10
468 50 10 10
468 50 10 10
467 50 10 10
467 50 10 10
467 49 10 10
467 49 10 10
467 49 10 10
467 49 10 10
467 49 10 10
467 48 10 10
467 48 10 10
467 48 10 10
466 48 10 10
466 47 10 10
466 47 10 10
466 47 10 10
466 47 10 10
466 46 10 10
466 46 10 10
466 46 10 10
466 46 10 10
466 46 10 10
465 45 10 10
465 45 10 10
465 45 10 10
465 45 10 10
465 45 10 10
465 45 10 10
465 45 10 10
465 44 10 10
465 44 10 10
465 44 10 10
465 44 10 10
464 44 10 10
464 44 10 10
464 43 10 10
464 43 10 10
464 43 10 10
464 43 10 10
464 43 10 10
464 43 10 10
464 42 10 10
