1731 926 87 118
1726 924 88 120
1720 923 88 120
1718 919 89 121
1712 916 89 121
1708 915 90 122
1699 909 93 126
1693 908 94 127
1686 908 96 130
1684 905 98 133
1682 891 93 126
1675 893 93 126
1666 893 93 126
1660 889 92 124
1656 877 94 126
1644 871 96 129
1631 864 101 135
1611 853 97 131
1599 857 98 131
1562 838 94 126
1553 842 94 126
1521 822 92 124
1495 814 93 124
1469 806 93 125
1458 807 94 126
1415 787 93 125
1406 788 94 126
1363 768 93 125
1354 774 94 126
1320 759 92 124
1309 759 93 124
1293 752 95 127
1259 742 93 125
1248 741 94 125
1232 734 96 128
1216 728 99 133
1207 726 97 130
1199 724 95 127
1191 725 93 125
1183 723 91 123
1176 722 88 119
1169 719 88 119
1162 716 88 118
1156 716 87 116
1146 712 89 119
1137 710 88 117
1132 709 86 114
1125 708 84 111
1119 707 82 109
1111 703 82 109
1105 702 80 106
1098 702 78 103
1091 699 77 102
1084 700 77 102
1075 697 77 102
1067 693 78 104
1062 694 77 103
1052 688 80 107
1045 687 80 108
1036 682 82 111
1027 679 83 113
1017 673 86 117
1003 670 90 122
981 665 90 122
972 664 91 123
957 661 94 127
945 658 93 125
937 660 90 121
932 660 87 117
927 657 85 114
920 657 83 111
915 658 80 107
909 656 78 105
903 655 75 102
897 653 73 99
891 652 72 98
884 651 72 98
877 649 72 98
872 650 72 98
864 646 73 99
856 645 73 99
848 643 73 99
842 643 72 98
836 643 73 99
827 639 75 102
820 639 74 100
813 638 73 99
806 637 73 100
799 637 72 99
791 635 73 100
784 634 72 99
777 630 74 101
773 631 73 99
763 630 74 100
754 629 75 101
743 625 77 104
731 622 80 108
719 621 80 108
705 619 82 110
695 622 81 108
688 622 79 105
682 620 76 101
678 622 73 97
672 619 72 95
667 620 71 94
662 621 68 90
656 620 67 89
650 620 65 87
644 619 65 86
637 616 65 86
632 615 63 84
627 616 63 84
622 616 62 83
617 612 63 84
612 614 62 83
608 610 62 84
602 611 62 84
598 609 62 84
593 609 62 84
590 607 61 83
585 608 61 83
579 606 61 83
574 603 60 82
570 604 60 81
567 603 59 79
562 603 59 78
559 604 58 77
556 600 59 78
551 604 58 77
547 600 59 78
542 602 59 78
537 601 59 78
534 602 58 76
528 603 57 75
523 601 58 76
518 601 57 75
515 601 56 74
510 604 56 74
508 603 55 73
502 603 55 73
498 605 54 72
494 607 54 72
490 607 54 72
486 609 55 73
479 606 56 75
479 610 56 75
472 609 58 77
467 610 58 77
463 612 59 79
459 612 59 80
454 615 59 81
448 613 61 84
442 617 63 86
436 614 63 86
434 619 63 86
426 618 62 85
422 619 62 86
417 623 63 88
410 620 63 88
408 626 62 87
400 624 61 86
396 628 62 88
389 628 62 88
384 634 62 88
376 630 63 89
372 637 62 88
364 635 63 90
360 639 62 89
353 640 63 91
347 641 64 91
342 641 66 93
334 642 67 95
329 643 68 96
323 648 68 96
316 645 69 98
313 653 67 95
306 655 67 94
300 658 69 97
293 656 68 96
290 663 66 93
282 663 67 94
278 667 65 91
272 668 65 90
267 673 64 89
260 673 65 90
254 677 65 90
245 678 64 89
239 683 63 87
234 684 64 89
226 686 63 88
219 691 63 88
215 693 62 86
211 694 63 87
