1169 445 27 78
1162 444 27 79
1155 444 27 80
1148 445 27 80
1141 445 27 80
1133 444 27 80
1126 443 27 79
1119 441 27 78
1112 441 27 78
1105 441 27 79
1098 439 27 79
1096 441 27 79
1098 441 26 76
1100 441 26 77
1102 442 26 77
1103 442 26 78
1105 441 26 79
1107 441 26 80
1110 443 26 81
1113 443 25 78
1114 441 25 77
1117 442 25 76
1119 446 25 74
1120 445 25 74
1122 444 25 73
1123 445 26 75
1125 446 25 73
1125 446 26 76
1126 446 26 75
1125 447 26 74
1124 449 25 72
1121 449 26 74
1120 451 25 71
1119 452 24 69
1118 452 23 67
1117 450 23 67
1115 452 23 68
1112 453 24 71
1111 453 24 70
1109 453 24 71
1107 451 24 71
1105 450 25 73
1101 450 26 75
1100 451 25 73
1098 450 26 77
1096 450 26 77
1095 452 26 76
1094 452 25 74
1092 452 25 74
1091 452 25 73
1091 449 26 75
1093 449 25 73
1093 449 25 73
1094 449 25 74
1094 450 26 76
1095 449 26 76
1096 451 26 75
1097 451 26 74
1097 452 26 75
1098 452 26 74
1100 454 25 72
1099 455 26 74
1102 454 25 72
1102 455 24 69
1104 455 25 71
1104 457 24 69
1104 457 25 71
1104 458 25 72
1105 456 26 74
1106 458 26 73
1106 459 25 71
1106 458 26 74
1108 459 25 72
1108 458 26 74
1109 460 26 74
1109 459 26 75
1110 458 26 76
1111 457 26 75
1112 457 26 74
1112 456 27 77
1113 456 27 77
1113 455 28 79
1114 455 28 79
1114 454 28 80
1115 456 28 81
1115 456 28 80
1116 457 28 79
1116 457 28 78
1116 458 28 78
1117 458 27 76
1116 459 28 78
1117 455 29 79
1117 461 29 78
1118 462 28 76
1120 461 29 78
1120 461 29 79
1120 461 30 81
1126 461 30 82
1122 464 31 82
1121 464 32 84
1122 466 32 84
1123 465 32 84
1124 467 31 82
1126 466 30 80
1129 467 30 80
1132 467 29 77
1133 467 29 76
1132 472 29 76
1133 473 28 74
1133 472 28 75
1133 470 29 78
1133 472 29 79
1133 470 30 82
1135 469 31 84
1135 471 31 83
1137 472 30 81
1139 474 29 78
1140 475 29 78
1143 473 29 78
1143 480 28 74
1145 480 27 72
1144 481 28 75
1144 478 29 77
1144 478 30 79
1145 478 30 80
1145 479 31 81
1145 477 32 84
1147 479 32 84
1154 478 32 85
1151 485 33 86
1150 487 33 86
1154 482 33 86
1157 484 33 86
1159 487 33 86
1160 489 32 83
1160 489 32 83
1162 492 31 80
1162 494 31 81
1162 493 32 83
1163 496 31 82
1163 497 30 80
1164 498 30 79
1162 501 29 76
1159 504 29 76
1155 507 29 75
1152 507 29 75
1149 507 29 75
1144 508 29 76
1137 507 30 78
1132 506 31 81
1127 506 32 83
1123 504 33 85
1118 508 32 83
1114 509 31 81
1109 512 31 80
1105 515 31 79
1095 514 31 79
1091 513 31 79
1086 512 31 79
1080 513 31 79
1075 514 31 78
1069 517 31 78
1064 519 30 77
1061 520 30 76
1045 519 29 75
1045 523 30 76
1044 524 30 76
1041 527 30 75
1036 528 30 75
1031 531 30 76
1018 530 30 76
1014 527 30 77
1009 524 31 78
1004 524 32 79
999 527 32 79
992 527 33 81
986 528 33 82
981 532 33 83
976 531 33 84
971 533 33 85
966 535 33 85
960 537 32 84
957 540 31 81
952 542 30 79
949 546 29 76
944 550 28 74
942 553 28 74
939 549 29 77
934 550 30 79
928 551 31 82
922 553 32 83
918 554 33 85
913 553 34 88
909 555 35 90
904 554 36 92
900 554 37 94
896 557 36 91
892 561 35 88
887 560 36 90
882 561 36 91
877 564 36 90
873 565 36 89
869 568 36 88
862 570 37 91
855 573 38 92
851 574 39 94
845 574 40 97
841 574 40 97
837 577 40 96
836 578 33 96
833 579 33 95
829 579 33 94
824 578 33 95
820 584 33 94
817 588 32 92
815 588 32 92
810 590 33 93
806 596 33 93
803 602 32 90
801 606 32 89
799 604 33 92
797 606 33 93
795 606 32 91
794 605 32 90
794 608 32 90
794 610 31 88
794 621 31 87
793 626 30 83
796 633 29 79
800 637 28 77
803 643 28 76
806 645 28 76
807 646 29 79
809 647 29 80
810 648 30 82
813 647 31 84
817 644 32 86
821 644 33 88
824 647 34 90
828 650 35 92
832 651 36 95
837 650 37 97
841 655 37 97
847 660 38 98
852 665 38 98
856 670 38 98
859 669 38 98
862 675 36 94
864 679 35 92
866 682 35 92
869 683 35 91
872 686 34 88
877 689 33 86
881 690 33 85
881 699 32 82
881 703 31 79
880 707 30 77
878 712 31 80
875 714 31 80
871 715 32 83
870 713 33 86
867 710 34 88
867 716 34 88
864 719 34 89
862 717 35 91
860 723 34 89
861 722 33 87
862 726 33 86
865 730 32 84
868 730 33 86
870 732 34 88
872 735 34 89
873 738 34 90
875 742 34 90
876 745 34 90
877 747 35 92
878 747 36 95
881 748 36 95
884 750 35 94
887 750 35 94
888 748 36 96
888 748 36 95
890 748 35 93
892 750 35 93
893 751 35 94
894 751 36 96
896 752 36 97
898 752 36 97
899 755 36 98
900 758 36 99
901 759 36 99
902 760 36 99
904 760 36 100
905 757 37 102
907 760 36 100
909 758 36 101
911 757 36 100
913 756 36 100
915 759 35 97
916 762 35 98
917 763 36 100
919 763 37 102
921 764 38 103
922 767 38 103
924 767 39 105
925 767 39 106
926 766 39 106
927 766 39 105
929 764 38 102
931 762 37 99
933 764 35 95
935 766 34 93
936 766 35 94
937 766 35 95
938 767 35 95
939 768 35 96
941 769 35 96
942 769 35 97
943 767 36 99
946 767 35 97
947 765 37 102
950 767 36 100
953 765 36 100
956 762 35 98
956 768 34 95
957 767 34 95
958 768 34 94
960 772 33 92
960 773 34 95
960 768 35 98
962 772 34 96
963 773 34 95
964 776 33 92
965 779 33 91
967 782 33 90
967 785 33 90
969 786 32 88
972 788 32 87
974 788 32 88
974 795 31 86
982 780 31 86
981 787 31 87
967 787 31 89
977 787 31 89
970 789 31 88
981 787 31 89
988 785 31 89
983 790 32 89
982 796 33 92
984 798 33 92
986 802 32 90
988 804 31 88
995 790 30 87
996 798 31 88
997 803 31 87
998 804 31 86
1000 811 31 85
1003 813 30 83
1007 815 30 82
1008 818 30 83
1014 806 29 81
1017 807 29 82
1018 803 29 82
1019 798 30 86
1020 797 30 86
1021 797 30 86
1023 797 30 86
1024 798 30 86
1026 799 30 86
1027 799 30 86
1027 799 31 90
1028 798 32 94
1030 798 33 97
1031 797 34 101
1033 794 35 105
1035 793 36 108
1037 794 36 109
1040 795 35 107
1042 796 35 107
1044 801 34 104
1047 803 33 102
1048 804 34 104
1050 805 34 104
1052 806 35 107
1054 806 36 110
1056 805 37 113
1057 808 38 116
1059 808 38 116
1060 805 38 116
1061 803 38 116
1062 803 39 118
1063 805 38 115
1064 805 38 114
1067 811 37 111
1069 812 36 109
1070 813 36 108
1071 815 37 110
1072 816 37 110
1075 817 37 109
1077 816 37 110
1079 815 38 113
1081 812 38 114
1086 810 38 114
1091 811 38 113
1096 814 37 111
1100 818 36 109
1103 819 35 106
1106 823 34 104
1109 826 34 103
1111 826 35 106
1113 825 35 106
1114 827 36 108
1116 828 36 107
1118 825 36 107
1118 819 37 110
1116 815 37 110
1116 819 37 109
1116 816 37 110
1116 821 37 110
1117 818 37 109
1116 823 36 107
1115 819 37 111
1113 819 38 113
1114 821 38 114
1115 821 38 114
1115 822 38 113
1115 821 37 111
1115 818 37 112
1115 815 37 112
1115 816 37 111
1113 812 39 116
1114 814 39 115
1113 813 39 116
1114 815 39 116
1115 817 39 117
1116 817 40 119
1117 817 40 120
1118 820 40 119
1120 819 40 118
1121 817 40 117
1122 813 40 118
1122 814 39 116
1122 810 40 118
1122 813 40 118
1122 810 41 121
1123 815 40 119
1125 817 39 116
1126 818 38 114
1128 820 38 115
1131 821 37 113
1132 820 38 115
1134 820 38 114
1136 817 38 114
1139 815 38 113
1141 814 39 115
1142 814 40 118
1144 813 40 119
1147 815 39 117
1149 819 38 115
1151 823 37 112
1152 826 37 112
1154 827 36 110
1156 828 36 111
1158 827 36 112
1160 826 37 117
1161 824 38 120
1162 819 39 122
1161 819 38 118
1161 816 39 120
1160 818 39 119
1161 819 38 117
1162 821 37 115
1161 826 36 112
1160 826 36 112
1158 827 37 116
1156 823 38 120
1155 823 38 121
1153 821 39 123
1152 819 38 120
1151 814 38 118
1150 813 37 114
1146 812 38 118
1146 813 37 114
1145 815 37 113
1143 816 37 113
1141 818 37 113
1139 817 38 115
1139 819 37 113
1139 819 36 111
1141 822 36 111
1141 822 37 115
1142 816 39 120
1143 812 38 117
1144 813 37 115
1145 812 38 118
1146 812 39 121
1148 817 38 118
1149 819 38 118
1151 819 38 118
1153 825 37 116
1154 824 37 116
1155 824 37 116
1157 828 36 114
1160 825 36 115
1162 824 36 115
1164 821 36 116
1166 819 37 118
1168 822 37 117
1171 825 36 114
1172 827 36 114
1173 830 35 112
1174 833 35 111
1176 836 34 109
1178 838 34 108
1179 839 34 108
1180 841 34 109
1180 842 35 112
1178 838 36 114
1178 834 36 114
1176 833 37 117
1175 831 38 120
1173 832 38 120
1173 835 38 119
1172 838 37 116
1171 841 36 114
1171 844 36 113
1169 843 36 114
1168 843 36 114
1168 843 36 114
1166 843 36 115
1165 839 37 117
1164 838 36 113
1163 836 37 115
1162 838 37 115
1162 839 37 115
1164 841 36 112
1165 847 35 109
1167 850 34 107
1169 853 34 106
1171 856 34 106
1172 855 35 109
1174 855 35 109
1175 855 36 111
1175 854 37 114
1175 853 37 115
1175 847 38 117
1175 847 38 117
1174 845 39 120
1173 849 39 120
1174 853 38 118
1174 858 37 116
1174 861 36 114
1173 861 37 117
1173 861 37 118
1173 864 36 116
1172 862 37 120
1172 861 37 119
1173 857 36 117
1173 857 36 116
1170 858 37 120
1170 859 37 119
1169 861 37 119
1168 863 38 122
1168 869 37 119
1168 871 37 119
1170 875 36 115
1172 879 35 111
1173 881 34 108
1173 882 35 111
1174 882 35 112
1175 882 35 112
1175 880 36 115
1176 878 37 118
1178 879 38 122
1181 882 37 120
1183 888 36 117
1184 893 35 115
1185 895 35 115
1186 897 36 118
1188 899 36 117
1190 900 36 117
1192 901 36 117
1194 901 36 118
1195 900 37 121
1196 897 38 124
1198 898 37 122
1200 902 36 119
1201 904 35 116
1201 912 34 113
1201 912 34 115
1202 916 33 113
1202 921 33 112
1202 925 33 112
1202 926 33 112
1201 925 33 112
1201 927 33 112
1201 930 33 112
1201 930 33 112
1200 929 33 112
1201 929 33 112
1201 932 33 112
1202 935 33 112
1203 941 33 112
1204 946 33 112
1205 950 33 112
1206 951 33 112
1207 952 33 112
1208 953 33 112
1209 953 33 112
1211 956 33 112
1213 957 33 112
1215 957 33 112
1217 956 33 112
1219 957 33 112
1221 959 33 112
1221 963 33 112
1222 964 33 112
1224 963 33 112
1224 965 33 112
1225 966 33 112
1225 969 33 112
1226 966 33 112
1225 968 33 112
1225 968 33 112
1224 972 33 112
