629 259 14 13
630 259 14 13
630 260 14 13
631 260 14 13
632 260 14 13
632 261 14 13
633 261 14 13
634 262 14 13
635 262 14 13
635 262 14 13
636 262 14 13
637 263 14 13
638 263 14 13
638 263 14 13
639 263 14 13
639 263 14 13
640 264 14 13
641 264 14 13
641 264 14 13
642 264 14 13
643 264 14 13
644 265 14 13
644 265 14 13
645 265 14 13
646 265 14 13
647 265 14 13
647 265 14 13
648 265 14 13
648 266 14 13
649 266 14 13
650 266 14 13
650 266 14 13
651 267 14 13
651 267 14 13
652 267 14 13
652 267 14 13
652 267 14 13
653 267 14 13
653 268 14 13
654 268 14 13
654 268 14 13
654 268 14 13
655 268 14 13
655 269 14 13
655 269 14 13
656 269 13 13
656 269 13 13
656 269 13 13
656 269 14 14
657 269 14 14
657 270 14 14
658 270 13 13
657 270 13 13
657 270 14 14
658 270 14 14
658 270 14 14
658 270 14 14
659 270 14 14
659 270 14 14
659 270 14 14
659 271 14 14
660 271 14 14
659 271 14 14
659 271 14 14
660 271 14 14
660 271 15 15
659 271 15 15
659 271 15 15
660 271 14 14
661 272 14 14
661 272 14 14
661 272 14 14
662 273 14 14
662 273 14 14
662 273 14 14
663 273 14 14
663 273 14 14
663 273 14 14
663 273 14 14
664 274 14 14
664 274 14 14
664 274 14 14
664 274 14 14
665 274 14 14
665 274 14 14
665 274 14 14
665 275 14 14
665 275 14 14
665 275 14 14
665 275 14 14
665 275 14 14
665 276 14 14
665 276 14 14
666 276 14 14
666 276 14 14
666 277 14 14
666 277 14 14
666 277 14 14
667 278 14 14
666 277 14 14
667 278 14 14
666 278 14 14
666 278 14 14
666 278 14 14
666 279 14 14
666 279 14 14
666 278 14 14
666 279 14 14
666 279 14 14
666 279 14 14
666 279 14 14
666 279 14 14
666 279 14 14
666 279 14 14
666 280 14 14
666 280 14 14
667 280 14 14
667 280 14 14
666 280 14 14
666 280 14 14
666 280 14 14
666 280 14 14
666 280 14 14
666 281 14 14
666 281 14 14
666 281 14 14
666 281 14 14
666 281 14 14
666 281 14 14
666 281 14 14
666 281 14 14
666 281 14 14
665 281 14 14
665 281 14 14
666 281 14 14
665 281 14 14
665 281 14 14
665 281 14 14
664 280 14 14
665 280 14 14
665 280 14 14
665 280 14 14
665 280 14 14
663 280 14 14
665 280 14 14
664 279 14 14
664 279 14 14
664 279 14 14
664 278 14 14
664 278 14 14
664 278 14 14
664 278 14 14
664 277 14 14
664 277 14 14
664 277 14 14
664 277 14 14
665 276 14 14
665 276 14 14
665 276 14 14
665 276 14 14
665 275 15 15
665 274 15 15
665 274 15 15
665 274 15 15
665 274 15 15
665 273 15 15
665 273 15 15
666 273 15 15
665 273 15 15
666 273 14 14
666 273 14 14
666 273 15 15
666 273 15 15
666 273 15 15
666 273 15 15
666 273 15 15
666 272 15 15
667 272 14 14
667 273 14 14
667 273 14 14
667 273 15 15
667 273 15 15
667 273 15 15
667 273 15 15
666 273 15 15
666 273 16 16
667 273 16 16
667 273 16 16
667 273 16 16
667 273 16 16
667 273 16 16
668 274 15 15
667 273 15 15
667 273 15 15
667 273 15 15
667 273 15 15
667 273 15 15
667 273 15 15
667 273 15 15
667 273 15 15
668 273 15 15
667 273 15 15
667 273 15 15
667 273 15 15
667 273 15 15
667 273 15 15
667 273 15 15
667 272 15 15
667 272 15 15
667 272 15 15
667 272 15 15
667 272 15 15
668 272 15 15
667 272 15 15
668 272 15 15
668 272 15 15
668 271 15 15
668 271 15 15
668 271 15 15
668 271 16 16
668 271 16 16
669 271 16 16
668 271 16 16
669 271 16 16
669 271 16 16
669 270 16 16
669 270 16 16
670 270 16 16
669 270 16 16
669 269 16 16
669 269 16 16
669 269 16 16
670 268 16 16
670 268 16 16
671 268 16 16
669 267 16 16
671 267 16 16
670 266 16 16
670 265 16 16
670 265 16 16
670 264 16 16
671 264 16 16
672 263 16 16
671 263 16 16
671 262 16 16
671 262 16 16
671 261 16 16
671 261 16 16
671 260 16 16
672 260 16 16
672 259 17 17
672 258 17 17
671 257 17 17
672 257 17 17
672 256 17 17
672 256 17 17
672 256 16 16
673 256 15 15
673 256 16 16
673 256 16 16
673 255 16 16
674 255 16 16
674 255 16 16
673 255 17 17
673 254 17 17
672 254 17 17
674 254 16 16
674 255 16 16
674 255 15 15
674 255 15 15
674 255 16 16
674 255 16 16
675 255 16 16
674 255 16 16
674 255 16 16
674 255 16 16
674 255 16 16
674 255 16 16
674 255 16 16
674 255 16 16
674 255 17 17
673 255 17 17
673 255 17 17
673 255 17 17
673 256 17 17
672 256 17 17
672 257 16 16
673 258 16 16
672 258 16 16
672 258 16 16
672 258 16 16
672 258 16 16
671 258 17 17
671 258 17 17
670 258 17 17
670 259 17 17
670 259 17 17
669 260 17 17
670 261 17 17
669 260 18 18
669 261 18 18
669 261 18 18
669 262 18 18
669 262 18 18
668 262 19 19
668 262 18 18
668 264 18 18
668 264 18 18
668 264 18 18
668 264 18 18
669 264 18 18
668 264 19 19
668 264 19 19
669 264 18 18
668 265 18 18
668 266 18 18
668 266 18 18
668 266 18 18
668 266 18 18
668 266 18 18
668 266 18 18
667 267 19 19
668 267 19 19
667 267 19 19
667 267 19 19
667 267 19 19
668 267 19 19
667 267 19 19
668 268 19 19
668 269 19 19
668 269 19 19
669 269 19 19
669 270 20 20
669 270 21 21
670 269 21 21
669 270 22 22
670 270 22 22
670 271 22 22
671 272 22 22
671 272 23 23
671 272 23 23
671 272 23 23
672 273 23 23
672 273 23 23
672 274 23 23
672 274 23 23
672 275 23 23
672 276 24 24
673 276 24 24
672 277 24 24
673 277 24 24
673 278 24 24
673 279 25 25
673 278 24 24
673 280 25 25
672 279 26 26
673 280 26 26
673 280 27 27
672 280 27 27
673 281 27 27
672 281 27 27
672 283 27 27
672 282 27 27
672 283 27 27
672 285 27 27
672 283 28 28
671 286 29 29
671 284 29 29
671 286 29 29
672 286 29 29
672 286 30 30
672 288 30 30
673 287 30 30
673 288 30 30
672 288 31 31
672 287 31 31
672 288 31 31
672 288 32 32
672 288 33 33
673 287 33 33
673 288 34 34
673 289 35 35
673 287 35 35
673 288 36 36
674 289 36 36
675 288 35 35
674 288 36 36
675 289 35 35
675 288 35 35
674 288 36 36
676 290 35 35
676 288 36 36
676 289 36 36
677 288 35 35
677 289 35 35
678 288 35 35
676 289 36 36
677 288 35 35
678 288 36 36
678 287 37 37
679 286 37 37
680 284 37 37
681 284 38 38
681 284 38 38
681 283 38 38
681 281 38 38
682 281 39 39
682 278 40 40
683 277 41 41
683 274 41 41
683 272 42 42
683 270 43 43
683 268 44 44
684 267 44 44
685 266 43 43
685 264 43 43
686 262 42 42
686 261 42 42
687 259 42 42
687 257 42 42
688 255 42 42
689 253 42 42
690 251 42 42
691 249 42 42
693 247 41 41
694 245 41 41
694 242 41 41
695 239 41 41
696 237 42 42
697 235 43 43
695 233 43 43
697 231 43 43
699 229 42 42
700 227 41 41
700 224 42 42
702 222 41 41
702 220 41 41
702 218 41 41
702 216 41 41
702 214 41 41
703 211 41 41
703 207 42 42
703 203 42 42
704 201 42 42
704 199 43 43
705 195 43 43
706 193 42 42
707 191 42 42
709 190 41 41
710 189 40 40
711 187 39 39
712 185 38 38
712 184 37 37
713 183 36 36
713 182 35 35
714 181 34 34
717 181 34 34
717 178 34 34
718 177 33 33
720 176 33 33
724 173 34 34
727 171 34 34
728 169 35 35
732 168 35 35
733 169 34 34
737 159 34 34
744 148 34 34
742 146 35 35
741 148 34 34
741 147 34 34
742 148 34 34
741 148 34 34
742 150 33 33
742 150 33 33
742 151 33 33
741 150 33 33
741 151 33 33
741 151 32 32
741 152 32 32
740 152 32 32
741 154 32 32
741 156 32 32
740 156 32 32
740 157 32 32
742 160 32 32
743 159 32 32
744 159 32 32
745 160 32 32
746 162 32 32
746 163 32 32
747 166 32 32
747 167 33 33
747 167 34 34
748 171 35 35
746 172 36 36
748 175 36 36
748 179 37 37
749 180 38 38
749 181 39 39
750 182 40 40
751 183 42 42
752 185 43 43
753 187 44 44
753 189 45 45
754 192 45 45
755 194 45 45
755 196 45 45
756 198 45 45
756 200 45 45
758 204 45 45
759 206 45 45
760 208 45 45
761 210 46 46
762 213 46 46
763 215 46 46
764 218 46 46
764 220 47 47
765 222 48 48
767 224 48 48
766 226 49 49
768 229 48 48
769 232 48 48
770 235 48 48
771 236 49 49
771 238 51 51
772 238 52 52
772 241 53 53
773 243 53 53
773 244 55 55
775 244 55 55
776 249 54 54
778 252 55 55
779 254 55 55
779 256 55 55
781 260 55 55
782 263 55 55
783 265 55 55
784 269 55 55
784 272 55 55
784 274 55 55
785 277 55 55
786 279 57 57
785 283 55 55
787 287 54 54
788 289 55 55
789 293 54 54
791 296 53 53
791 299 52 52
792 303 51 51
794 306 50 50
795 310 49 49
795 315 48 48
796 320 47 47
795 324 46 46
798 328 44 44
798 331 43 43
799 336 41 41
800 340 40 40
801 343 39 39
801 345 38 38
802 344 37 37
803 349 38 38
804 351 37 37
804 353 37 37
805 355 37 37
805 357 37 37
807 358 39 39
806 359 40 40
807 360 41 41
806 360 42 42
807 358 44 44
808 367 44 44
809 364 45 45
812 372 44 44
813 368 45 45
812 371 45 45
818 375 45 45
815 378 45 45
819 382 44 44
814 384 45 45
818 389 45 45
812 389 46 46
820 394 46 46
815 395 46 46
819 400 46 46
816 402 46 46
820 407 46 46
819 409 46 46
822 416 45 45
823 425 45 45
823 425 45 45
826 429 43 43
826 429 43 43
826 429 43 43
826 429 43 43
826 429 43 43
826 429 43 43
826 429 43 43
826 429 43 43
826 429 43 43
826 429 43 43
826 429 43 43
826 429 43 43
826 429 43 43
826 429 43 43
826 429 43 43
826 429 43 43
826 429 43 43
826 429 43 43
826 429 43 43
826 429 43 43
826 429 43 43
826 429 43 43
826 429 43 43
826 429 43 43
826 429 43 43
826 429 43 43
826 429 43 43
826 429 43 43
826 429 43 43
826 429 43 43
826 429 43 43
826 429 43 43
826 429 43 43
826 429 43 43
