301 524 23 31
300 522 23 31
299 521 23 31
298 520 23 31
297 518 23 31
296 517 23 30
295 516 24 31
295 514 23 30
294 513 23 30
293 512 24 31
292 510 23 30
291 509 24 31
291 506 23 30
289 506 23 30
288 505 23 30
287 502 24 31
286 501 25 32
284 499 25 32
284 498 26 33
283 496 26 32
282 496 26 31
282 494 26 31
281 492 26 31
281 490 26 31
280 489 26 31
279 487 26 31
277 485 26 31
278 483 26 31
276 482 27 32
275 480 26 31
274 479 25 30
273 478 25 30
273 477 25 29
272 476 25 29
271 475 25 29
270 475 24 28
269 476 24 28
269 475 24 28
269 476 24 28
269 475 24 28
269 476 24 28
269 476 24 27
269 476 24 27
269 476 24 27
269 477 24 27
270 476 24 27
270 476 23 26
270 478 23 26
271 477 23 26
271 476 22 25
274 477 23 25
278 478 19 25
277 478 19 26
277 478 19 26
277 478 19 26
277 478 19 26
277 478 19 26
277 478 19 26
278 478 19 26
278 478 19 26
277 478 19 27
277 478 19 27
277 478 19 27
277 478 19 27
276 478 19 27
276 477 19 27
276 477 19 27
276 477 19 27
276 477 19 27
276 477 19 27
276 477 19 27
276 477 19 27
276 477 19 27
276 477 19 27
274 475 18 26
275 477 19 27
276 476 19 27
276 476 19 27
276 476 19 27
276 476 19 27
276 476 19 27
276 476 19 27
276 476 19 27
276 476 19 27
276 475 19 27
276 476 19 27
276 476 19 27
276 475 19 27
276 475 19 27
276 474 19 26
276 474 18 25
277 475 17 24
277 476 17 24
278 474 17 24
279 470 17 24
279 466 17 24
278 454 16 23
279 445 16 23
281 433 16 23
281 433 16 23
281 433 16 23
281 433 16 23
281 433 16 23
281 433 16 23
281 433 16 23
281 433 16 23
281 433 16 23
281 433 16 23
281 433 16 23
281 433 16 23
281 433 16 23
281 433 16 23
281 433 16 23
281 433 16 23
292 414 16 23
295 417 17 23
299 426 16 22
305 433 16 22
305 443 16 22
306 452 16 22
305 455 17 23
303 456 17 24
301 457 18 25
302 458 18 25
303 456 18 25
304 454 18 25
305 455 18 25
305 454 18 25
305 454 18 25
306 453 19 26
307 453 19 26
307 453 19 26
307 452 19 26
307 455 20 27
309 462 20 26
309 474 19 25
310 486 20 26
310 496 20 26
309 500 20 26
310 500 21 27
310 499 21 27
310 499 21 27
311 499 21 27
312 498 21 27
312 497 21 27
313 497 21 27
314 495 21 27
315 494 21 27
316 494 21 27
316 493 21 27
316 492 21 27
317 491 21 27
318 492 21 27
318 491 21 27
319 490 21 27
319 489 21 27
319 488 21 27
319 486 22 28
320 486 23 29
320 484 24 30
321 483 25 31
321 484 25 31
322 486 25 31
323 493 24 30
324 500 23 29
325 507 23 28
324 511 24 29
324 510 25 30
325 510 25 30
326 510 25 30
325 509 26 31
326 507 26 31
327 506 26 31
327 507 27 32
327 506 27 32
327 505 28 33
328 504 28 33
330 502 27 32
331 502 26 30
332 502 26 30
332 503 26 30
333 501 26 30
333 501 27 31
332 499 27 31
333 499 27 31
333 501 28 32
334 503 28 32
335 506 27 31
335 509 27 31
335 512 26 30
337 515 25 29
337 514 25 29
338 513 25 29
338 512 26 30
339 513 26 30
339 512 27 31
338 511 27 31
339 510 27 31
340 509 27 32
341 508 26 31
342 507 26 31
343 507 26 31
344 506 26 31
345 506 25 30
345 506 25 30
345 505 26 31
345 503 27 32
345 504 26 31
346 502 27 32
346 502 27 32
347 500 26 31
349 499 26 31
349 499 25 30
349 499 25 30
350 499 25 30
351 499 25 30
351 498 25 30
351 496 26 31
352 495 26 31
353 494 26 30
354 494 25 29
354 493 24 28
355 493 24 28
355 493 24 28
356 493 24 28
357 492 24 27
357 491 23 26
357 490 24 27
358 488 24 27
359 488 24 27
360 487 23 26
