945 530 66 105
944 530 66 106
944 530 66 106
944 528 66 106
943 528 66 107
944 527 65 105
943 527 65 106
943 526 65 107
943 525 65 106
942 525 65 106
942 523 65 106
941 523 65 107
942 521 65 106
941 521 65 107
941 520 65 106
940 520 65 106
940 519 65 106
940 519 65 105
940 517 65 104
939 517 66 106
940 516 65 104
939 515 65 104
938 514 65 104
938 513 65 104
938 512 65 104
938 511 65 104
938 509 65 104
937 509 65 104
938 507 65 103
938 507 64 102
938 505 64 102
937 504 64 103
938 502 63 102
937 500 63 103
937 497 63 102
936 497 63 102
936 495 63 102
936 493 63 102
936 491 63 102
935 489 63 102
935 488 63 102
935 486 63 102
935 484 63 102
935 483 63 101
935 481 63 101
935 479 63 101
934 478 63 101
935 477 62 100
935 476 62 100
935 474 61 99
935 473 61 99
935 472 61 99
935 471 60 98
936 469 61 99
935 468 61 99
935 467 61 99
935 466 61 98
935 465 60 97
936 462 60 97
936 461 60 98
936 461 60 98
936 460 60 98
936 459 60 99
936 458 60 99
936 457 60 99
936 457 60 99
936 457 60 99
937 455 60 100
937 455 60 100
937 455 60 99
937 454 60 99
938 453 60 99
938 453 60 99
938 453 60 99
938 453 60 99
939 452 60 99
939 452 60 99
939 452 61 100
939 453 61 100
939 455 61 100
939 456 61 101
940 456 61 101
940 459 62 103
941 460 61 101
940 462 62 103
941 466 62 103
942 468 61 102
941 469 61 102
942 471 61 101
942 471 61 102
943 472 61 102
943 472 61 101
944 472 61 101
943 472 61 102
945 471 61 101
943 471 62 103
945 470 61 101
944 470 61 101
945 469 61 101
944 469 62 102
947 469 61 100
944 469 62 102
947 468 61 101
946 466 62 102
947 467 61 100
946 466 62 102
949 465 61 101
947 466 62 102
949 464 62 102
948 466 62 101
948 462 63 103
949 463 62 101
949 461 63 103
949 462 63 102
949 460 64 103
950 459 64 102
950 461 63 100
950 458 64 102
951 458 63 101
952 458 63 100
952 457 63 101
953 455 63 102
953 456 62 101
954 452 63 103
954 453 63 102
955 452 63 103
956 452 63 103
956 450 63 103
957 450 63 104
957 450 63 104
958 449 63 105
959 447 63 106
959 447 63 106
960 447 63 106
960 448 62 105
962 448 62 104
963 448 62 104
964 448 62 104
964 449 62 104
965 449 62 103
965 450 62 103
966 450 62 103
967 451 62 103
968 451 62 103
969 452 62 103
968 454 62 104
970 454 61 102
970 456 62 104
971 454 62 105
972 454 62 106
973 456 62 106
974 457 62 106
974 459 62 106
974 459 62 106
975 462 62 105
974 462 63 106
975 463 63 106
974 463 64 108
974 464 64 109
974 464 65 111
965 467 66 114
967 467 67 114
968 469 66 112
969 471 66 112
970 471 67 114
970 473 68 115
970 471 69 117
968 476 68 116
967 479 69 117
965 479 70 118
963 482 70 118
961 485 71 119
959 484 73 122
958 483 74 123
958 485 73 122
957 486 73 122
955 486 74 123
955 484 75 125
954 482 76 127
954 479 77 128
952 483 76 126
953 479 77 127
950 480 76 126
949 479 76 126
948 479 75 125
947 480 74 124
946 480 74 124
945 481 74 124
945 480 74 124
944 481 73 122
943 483 72 120
942 482 72 120
941 483 71 118
940 485 70 117
938 483 71 118
936 484 71 118
933 484 71 119
931 482 72 120
928 480 72 121
925 480 73 122
922 477 74 123
920 476 74 124
916 473 75 126
914 470 76 127
912 467 76 127
894 477 76 128
896 471 77 128
895 472 76 127
892 471 76 127
890 471 76 126
889 470 75 125
889 469 75 124
890 467 74 123
891 466 73 122
892 467 73 121
893 466 73 121
893 466 73 121
893 465 73 120
894 467 73 120
894 465 73 120
895 467 73 120
895 466 73 120
896 464 73 120
896 466 73 121
896 462 73 121
897 464 73 121
897 462 73 121
898 464 73 121
898 459 74 122
899 464 74 121
899 460 75 123
899 458 75 122
899 463 75 121
899 458 76 122
900 463 75 121
900 458 76 123
902 459 75 122
902 457 74 121
903 463 73 119
902 459 74 120
904 462 73 119
902 458 73 119
903 463 72 117
902 459 73 118
903 462 72 117
903 457 72 117
905 464 71 115
902 459 72 116
904 464 71 114
902 462 70 113
903 462 69 112
904 464 68 111
904 463 67 110
905 465 67 109
904 467 67 108
904 466 67 108
904 466 67 108
905 465 67 108
906 464 66 107
907 466 65 106
907 466 65 105
907 465 65 104
908 467 65 103
908 466 65 102
908 468 65 101
908 468 64 100
908 469 63 99
909 470 62 98
910 468 61 97
910 471 60 96
910 469 60 95
910 471 60 94
910 470 59 93
909 470 58 91
909 474 57 89
907 472 57 88
907 474 56 87
907 476 56 87
907 475 56 86
907 475 56 86
907 474 56 87
906 473 56 87
906 473 56 87
906 473 56 87
906 471 56 86
906 474 56 86
906 470 56 85
906 473 56 85
907 470 56 84
906 472 56 84
907 470 55 83
906 472 55 82
906 472 54 81
907 472 53 80
906 473 52 79
905 472 51 77
905 475 51 76
904 474 49 74
903 475 49 73
902 474 48 72
902 475 48 72
902 473 48 72
902 475 47 71
902 474 46 69
901 474 46 69
900 474 46 69
899 473 46 68
898 475 46 67
898 476 45 66
899 477 45 65
898 475 45 65
899 477 44 64
899 476 43 63
898 475 43 63
898 474 43 63
898 472 44 64
898 472 45 65
896 470 44 64
896 471 44 65
894 469 44 65
894 470 44 65
893 468 44 65
894 469 43 64
893 470 42 63
893 469 41 62
892 471 42 62
891 471 42 62
891 471 42 62
891 471 42 61
890 471 41 60
889 474 40 59
895 474 40 59
895 474 40 59
895 474 40 59
895 474 40 59
895 474 40 59
895 474 40 59
895 474 40 59
895 474 40 59
895 474 40 59
895 474 40 59
895 474 40 59
895 474 40 59
895 474 40 59
895 474 40 59
895 474 40 59
895 474 40 59
895 474 40 59
895 474 40 59
895 474 40 59
895 474 40 59
895 474 40 59
895 474 40 59
895 474 40 59
895 474 40 59
895 474 40 59
895 474 40 59
895 474 40 59
895 474 40 59
895 474 40 59
895 474 40 59
895 474 40 59
895 474 40 59
895 474 40 59
895 474 40 59
895 474 40 59
895 474 40 59
895 474 40 59
895 474 40 59
895 474 40 59
895 474 40 59
895 474 40 59
895 474 40 59
895 474 40 59
895 474 40 59
895 474 40 59
895 474 40 59
895 474 40 59
895 474 40 59
895 474 40 59
956 479 61 96
964 480 61 97
966 479 61 97
967 476 61 97
968 481 61 97
969 484 61 97
968 487 61 97
969 487 61 97
970 489 61 97
971 492 58 92
973 491 56 89
974 490 54 86
