658 382 58 90
659 383 56 87
658 383 57 88
658 384 56 87
658 383 57 88
658 384 56 86
659 385 55 84
658 385 56 85
659 387 55 83
659 387 55 83
659 388 55 82
659 388 55 82
659 388 55 82
658 388 57 84
658 389 56 83
658 389 57 84
658 390 56 83
658 390 57 84
657 390 57 84
657 391 58 85
657 392 57 84
656 392 58 85
657 393 57 83
656 393 57 84
656 393 57 84
656 393 57 84
656 393 57 84
656 393 57 84
656 393 57 84
656 393 57 85
656 393 57 85
655 393 58 86
656 394 57 85
655 394 58 86
655 395 57 85
655 395 57 85
655 395 57 86
655 395 57 87
655 395 57 87
655 395 57 87
655 395 57 87
654 395 58 88
654 395 58 88
654 395 58 89
654 394 58 89
654 394 57 88
653 393 59 91
654 393 57 88
652 393 60 92
653 395 57 88
652 395 58 89
653 394 57 88
652 393 59 91
652 392 58 89
652 393 59 91
652 393 58 90
652 393 58 90
651 393 58 91
651 392 58 92
651 393 58 92
651 392 58 92
651 392 58 92
650 391 58 93
650 389 59 94
650 390 59 94
650 390 59 93
650 390 59 93
650 390 59 93
650 389 59 93
650 389 59 93
650 388 59 93
649 388 59 93
648 387 60 94
649 387 60 93
649 387 59 91
649 386 59 91
648 385 59 92
649 385 58 90
649 383 58 91
650 383 57 90
649 381 58 92
650 382 57 90
650 381 58 91
650 380 57 89
650 378 58 91
651 378 57 90
651 377 57 90
651 377 56 89
651 376 56 89
651 375 56 89
651 374 56 88
651 374 56 88
651 372 56 89
651 371 55 88
651 371 55 89
651 368 54 88
651 368 54 89
651 366 55 90
651 366 54 88
650 364 55 90
651 364 54 89
652 362 53 88
651 360 55 91
651 359 54 89
652 360 54 88
652 358 54 87
652 357 54 87
652 356 54 87
652 356 53 86
652 355 52 85
652 352 53 87
651 352 54 89
653 352 52 85
652 350 54 88
652 350 54 88
652 349 53 86
651 347 54 87
652 347 53 86
652 347 53 86
652 346 53 85
652 345 53 84
652 344 53 83
652 344 53 83
652 343 53 82
652 343 52 81
651 341 53 82
651 340 53 82
650 339 54 83
651 338 54 83
651 337 54 84
651 336 54 85
651 334 54 85
651 333 54 84
651 332 54 84
651 331 54 84
651 329 54 84
650 328 55 86
650 327 54 84
650 327 54 84
650 327 54 84
650 327 54 84
650 326 54 84
649 326 55 85
649 326 55 84
649 327 54 83
649 328 53 82
649 328 53 83
649 324 53 83
649 327 54 84
648 324 55 85
648 325 54 84
649 319 55 85
646 326 54 84
646 326 54 84
646 326 54 84
646 326 54 84
646 326 54 84
646 326 54 84
646 326 54 84
646 326 54 84
646 326 54 84
646 326 54 84
646 326 54 84
646 326 54 84
646 326 54 84
646 326 54 84
646 326 54 84
646 326 54 84
646 326 54 84
646 326 54 84
646 326 54 84
646 326 54 84
646 326 54 84
646 326 54 84
646 326 54 84
646 326 54 84
646 326 54 84
646 326 54 84
646 326 54 84
646 326 54 84
646 326 54 84
646 326 54 84
646 326 54 84
646 326 54 84
646 326 54 84
646 326 54 84
630 279 54 84
629 281 55 85
628 283 55 85
627 282 56 86
626 282 55 85
627 282 56 87
625 280 57 88
626 278 56 87
627 278 55 86
626 277 53 83
627 280 52 82
627 278 52 82
629 276 51 80
628 276 50 78
628 280 49 77
628 276 48 75
628 278 48 75
628 278 47 74
628 277 46 72
627 277 46 72
627 276 47 73
626 274 46 72
625 275 48 75
625 274 47 73
625 275 46 72
624 274 46 73
624 272 47 74
624 272 47 73
623 272 47 72
623 272 47 72
622 272 47 71
622 272 46 70
622 272 46 70
622 272 46 70
622 271 46 70
622 271 46 69
622 271 46 69
622 270 46 68
622 271 46 68
622 271 46 67
622 271 46 66
622 271 46 66
621 270 46 66
621 272 45 65
620 268 46 66
620 270 46 66
620 270 45 65
620 270 44 64
619 269 45 66
619 269 45 66
619 270 45 65
619 270 45 65
619 269 45 66
619 269 45 66
618 269 45 67
618 268 45 66
618 269 45 65
617 268 45 65
617 269 45 64
617 270 44 63
616 268 45 64
616 270 44 63
616 269 45 65
616 269 44 64
616 269 44 64
616 269 44 63
616 269 44 63
615 269 44 63
615 269 44 63
615 269 44 63
615 269 44 62
615 269 44 62
615 269 44 62
615 269 44 61
614 269 44 61
614 269 44 61
613 269 45 62
613 269 44 61
613 269 44 61
613 269 45 62
613 268 45 62
613 268 45 62
613 268 45 61
612 268 45 61
611 268 46 62
611 268 46 62
612 268 46 61
612 267 46 61
612 267 46 61
611 267 46 61
612 267 45 60
612 267 45 60
612 267 45 60
612 267 45 60
611 267 46 61
612 265 46 60
612 265 46 60
611 265 46 60
611 265 46 60
611 265 46 61
611 264 46 62
611 264 46 61
610 263 47 62
610 263 46 61
610 262 46 62
611 262 46 62
611 262 46 62
611 261 46 62
611 261 46 62
611 261 46 62
611 260 46 62
611 261 45 61
610 259 47 63
610 260 46 62
610 259 47 63
610 259 47 63
610 257 48 64
611 259 47 62
610 257 48 63
