104 480 59 64
105 481 60 65
108 479 59 64
111 481 59 64
112 479 61 66
114 476 64 69
116 477 64 69
119 479 65 70
132 482 63 68
138 482 63 68
145 483 63 68
154 486 60 65
158 485 60 65
163 488 57 62
168 492 55 60
171 492 56 62
176 492 56 62
181 492 55 61
186 493 54 60
191 495 52 58
195 496 51 57
198 497 51 57
202 496 52 58
206 497 52 58
210 495 54 60
213 495 56 62
216 494 57 63
219 494 59 65
222 494 59 65
227 494 58 64
232 497 56 62
237 499 55 61
241 500 55 61
245 499 54 60
248 499 55 61
252 498 55 61
256 498 56 62
260 498 57 63
265 500 56 62
272 502 54 60
279 504 52 58
283 503 52 58
287 505 52 58
292 505 50 56
295 506 51 57
298 505 52 58
303 507 51 57
306 506 51 57
309 508 51 57
313 508 51 57
318 509 50 56
321 510 50 56
326 511 49 55
329 509 50 56
334 511 48 54
338 511 48 54
341 511 48 54
346 512 47 53
348 511 49 55
351 511 49 55
355 512 49 55
358 512 49 55
362 512 50 56
365 513 51 58
368 512 52 59
373 513 51 57
375 514 53 59
379 514 53 59
383 514 53 59
385 515 53 59
389 514 53 59
392 515 53 59
396 517 51 57
399 517 52 58
402 517 53 59
405 516 54 60
408 517 55 61
411 518 55 61
414 518 55 61
418 519 55 61
421 518 56 62
424 518 56 62
427 518 56 62
430 519 56 62
434 518 56 62
437 520 56 62
440 519 57 63
442 519 57 63
444 520 58 64
448 519 58 64
450 520 58 64
454 521 56 62
457 521 56 62
458 521 57 63
461 521 57 63
465 522 55 61
466 522 56 62
469 522 55 61
471 521 56 62
474 523 55 60
475 522 56 61
477 523 57 62
480 524 56 61
482 523 57 62
484 522 58 63
487 522 57 62
487 522 58 63
491 522 57 62
493 523 57 62
494 523 57 62
497 523 56 60
499 523 56 60
502 524 55 59
503 522 57 61
505 523 56 59
506 523 56 59
507 523 56 59
508 523 56 59
510 522 56 59
511 523 57 60
511 523 57 60
512 523 56 59
514 523 56 59
515 523 56 59
516 523 56 59
517 522 56 59
518 523 57 60
519 524 56 59
520 523 57 60
518 524 57 60
521 524 55 58
522 523 56 59
523 523 57 60
521 524 57 60
523 523 56 59
525 523 55 58
523 524 56 59
525 522 56 59
524 523 56 59
526 523 55 58
524 524 56 60
526 522 56 60
526 523 55 59
527 521 57 61
525 523 55 59
526 520 56 60
526 522 56 60
528 522 56 60
526 523 55 59
527 520 57 61
527 521 56 59
528 521 56 59
527 521 56 59
528 522 55 57
528 523 56 58
529 522 57 59
527 523 55 57
528 522 56 58
530 522 55 57
528 523 56 58
530 521 56 58
529 523 56 58
531 522 56 58
529 523 56 58
531 521 56 58
530 523 56 58
531 522 56 58
531 523 56 58
531 522 57 59
530 523 56 58
532 522 56 58
531 522 56 58
533 522 56 58
531 523 56 59
533 520 57 60
530 521 57 60
533 521 55 58
531 522 56 59
533 520 57 60
531 522 56 59
534 521 55 58
532 522 56 59
534 520 57 60
531 521 57 60
534 521 56 59
535 521 56 59
533 521 56 59
535 520 56 59
533 521 57 60
535 521 56 59
535 521 57 60
532 521 57 60
535 521 56 59
535 521 57 60
534 522 56 59
537 521 56 59
534 522 56 59
537 521 56 59
535 522 56 59
537 521 56 59
534 522 57 60
536 522 56 59
534 522 56 59
536 522 55 58
534 522 57 60
536 523 55 58
534 523 56 59
537 521 56 59
534 522 57 60
536 523 56 59
536 522 57 60
533 523 57 60
536 522 56 59
535 522 57 60
535 523 57 60
536 524 56 59
536 522 57 60
533 523 58 61
536 522 57 59
534 523 57 59
536 523 56 58
534 523 58 60
536 524 56 58
534 524 57 59
535 524 57 59
535 524 57 59
535 525 56 58
536 524 57 59
533 524 57 59
534 524 56 58
535 525 56 58
535 525 56 58
536 525 56 58
534 526 56 58
536 525 56 58
535 526 56 58
537 526 55 57
535 527 56 58
537 526 55 57
535 526 56 58
537 526 55 57
535 527 56 58
536 527 55 57
536 527 55 57
534 527 55 57
536 526 55 57
534 527 56 58
536 526 55 57
535 528 56 58
537 527 56 58
536 528 55 57
538 527 55 57
536 528 56 58
538 528 55 57
537 528 54 56
538 527 56 58
537 528 55 57
537 528 56 58
539 529 54 56
537 529 55 57
538 528 55 57
537 528 55 57
537 527 56 58
538 528 55 57
537 529 55 57
538 528 56 58
537 529 55 57
538 528 55 57
536 529 56 58
538 528 55 57
536 528 56 58
538 528 55 57
536 529 56 58
538 527 56 58
537 529 55 57
537 527 56 58
538 529 55 57
537 528 56 58
539 528 55 57
536 529 56 58
539 528 55 57
537 529 56 58
539 528 55 57
537 529 56 58
539 528 55 57
537 529 56 58
539 528 56 58
538 529 56 58
539 528 56 58
538 529 56 58
538 529 56 58
535 528 56 58
536 530 56 58
533 528 56 58
531 530 57 59
530 529 55 57
529 529 57 59
531 529 56 57
530 530 56 57
531 530 56 57
531 530 55 56
529 532 55 56
529 530 57 58
530 530 56 57
530 529 57 58
529 530 57 58
530 530 56 57
530 529 57 58
530 530 56 57
530 528 58 59
529 530 56 57
527 530 57 58
526 531 56 57
526 530 55 56
523 530 57 58
522 531 56 57
523 530 56 57
524 532 55 56
521 531 55 56
520 532 57 58
521 532 56 57
522 531 57 58
522 530 56 57
521 531 57 58
522 531 56 57
523 531 57 58
521 531 56 57
522 529 58 59
523 530 56 57
522 530 56 57
522 529 57 58
521 530 58 59
523 530 57 58
522 529 56 57
522 529 57 58
521 530 57 58
523 530 56 57
523 529 56 57
522 530 57 58
523 530 57 58
522 529 57 58
522 530 57 58
522 530 57 58
523 530 56 57
523 529 56 57
521 530 57 58
522 529 56 57
523 528 57 58
521 530 57 58
523 529 57 58
522 530 56 57
523 528 56 57
524 529 56 57
522 529 57 58
522 529 57 58
518 529 58 59
518 530 56 57
515 529 56 57
513 531 57 58
513 531 56 57
513 529 57 58
511 530 57 58
512 529 57 58
512 530 56 57
513 529 56 57
512 530 57 58
513 529 57 58
511 529 58 59
514 529 56 57
512 530 57 58
513 530 57 58
512 529 57 58
513 529 56 57
513 529 57 58
511 528 57 58
513 528 56 57
512 528 57 58
513 528 57 58
511 529 57 58
513 529 55 56
513 529 56 57
514 529 56 57
512 529 56 57
514 527 56 57
512 529 57 58
514 528 56 57
512 528 57 58
514 528 55 56
512 529 56 57
514 527 56 57
512 528 57 58
514 527 57 58
513 528 57 58
515 528 56 57
513 528 57 58
514 528 56 57
511 527 56 57
507 529 56 57
502 528 57 58
494 530 56 57
484 531 56 57
477 532 56 57
472 532 56 57
470 532 57 58
470 532 57 58
470 532 57 58
470 532 57 58
470 532 57 58
471 531 57 58
469 531 57 58
471 531 56 57
470 531 57 58
469 531 57 58
471 531 56 57
470 532 57 58
470 532 57 58
468 532 57 58
465 531 58 59
467 532 56 57
464 533 56 57
461 533 56 57
460 533 57 58
455 533 57 58
450 534 57 58
444 537 56 57
437 537 57 58
428 537 57 58
419 538 57 58
412 539 57 58
404 540 58 59
396 540 58 59
390 541 57 58
382 542 57 58
376 543 57 58
368 544 57 58
362 545 56 57
357 548 55 56
350 548 56 57
345 551 56 57
339 550 57 58
333 550 58 59
328 549 60 61
324 553 58 59
319 554 59 60
314 556 60 61
308 557 61 62
302 555 63 64
298 557 64 65
294 557 65 66
290 559 64 65
288 556 63 64
282 557 62 63
280 559 60 61
277 558 59 60
272 559 57 58
267 558 57 58
262 558 57 58
256 558 57 58
254 560 57 58
249 560 55 56
246 562 56 57
