1322 678 90 88
1322 678 91 88
1322 678 91 88
1322 679 91 88
1322 679 93 89
1323 679 93 89
1324 680 93 89
1323 678 94 90
1324 680 94 90
1324 678 96 92
1326 681 94 91
1326 679 95 92
1326 681 94 91
1327 678 96 93
1328 682 93 90
1327 679 96 92
1329 683 94 90
1328 681 98 93
1328 682 97 92
1329 684 96 91
1328 682 99 94
1329 685 98 93
1328 683 100 95
1329 682 101 96
1329 686 99 94
1329 683 102 97
1330 684 101 96
1331 685 99 94
1332 686 100 95
1330 683 102 97
1330 687 101 96
1331 687 102 97
1332 686 103 98
1332 689 101 96
1332 688 101 96
1332 690 101 96
1334 692 101 96
1334 691 102 97
1334 690 103 98
1333 693 103 98
1335 694 103 98
1334 696 103 98
1334 695 104 99
1335 695 104 99
1335 697 104 99
1336 697 104 99
1337 698 103 98
1337 703 102 97
1338 702 104 99
1338 702 104 99
1339 703 104 99
1340 705 103 98
1341 708 103 98
1340 709 105 100
1340 709 106 101
1340 709 108 102
1340 711 109 103
1340 710 109 103
1342 713 110 104
1340 712 111 105
1341 713 111 105
1341 715 112 106
1342 715 113 107
1340 715 115 108
1341 717 116 109
1341 718 115 108
1342 721 115 108
1340 723 117 110
1339 721 117 110
1341 724 119 112
1338 723 120 113
1341 723 121 114
1339 726 121 114
1340 725 122 115
1339 729 123 116
1338 727 124 117
1338 731 124 117
1338 728 124 117
1338 737 124 117
1341 732 123 116
1339 740 125 118
1341 734 123 116
1340 744 124 117
1342 738 123 116
1340 747 124 117
1340 741 125 118
1337 749 127 120
1336 745 128 121
1334 750 128 121
1332 747 133 125
1329 751 134 126
1324 752 137 129
1326 749 138 130
1322 755 142 134
1327 753 139 131
1321 757 143 134
1326 754 144 135
1316 757 149 140
1319 753 150 141
1321 758 153 144
1318 758 149 140
1321 760 151 142
1322 764 149 140
1322 759 149 140
1320 764 153 144
1322 761 150 141
1321 765 154 144
1322 762 151 141
1318 766 156 145
1317 763 154 143
1315 766 161 150
1309 763 161 150
1308 768 167 156
1308 764 166 155
1305 765 173 161
1304 760 172 160
1306 757 170 158
1306 768 171 159
1302 769 172 160
1306 772 170 158
1305 772 171 159
1304 774 171 159
1307 778 168 157
1311 782 164 153
1315 780 162 151
1315 787 160 149
1315 783 160 149
1313 788 162 151
1315 785 160 149
1312 787 162 151
1310 784 165 154
1310 789 164 153
1310 786 163 153
1309 791 163 153
1308 788 162 152
1310 796 161 151
1307 789 162 152
1310 797 162 152
1306 789 164 154
1304 796 167 157
1301 789 167 157
1300 795 168 158
1297 790 169 159
1297 794 169 159
1294 790 171 161
1293 793 171 161
1291 793 171 161
1290 796 170 160
1290 793 171 161
1287 796 173 163
1286 791 175 165
1284 795 176 166
1281 791 179 169
1280 793 181 171
1277 788 182 172
1277 793 182 172
1274 789 185 174
1271 792 187 176
1269 790 187 176
1268 793 188 177
1268 791 188 177
1267 793 188 177
1265 791 190 179
1262 792 191 180
1261 793 191 180
1259 794 192 181
1258 790 194 183
1254 797 195 184
1254 793 196 185
1250 789 200 189
1250 796 198 187
1247 789 203 192
1245 795 204 193
1245 787 206 195
1243 792 207 196
1239 788 207 196
1238 792 209 198
1231 784 213 202
1222 793 212 201
1190 785 217 206
1152 784 218 207
1111 782 222 210
1076 783 225 213
1058 783 225 213
1051 783 224 212
1049 780 224 212
1046 787 224 212
1045 781 224 212
1043 784 224 212
1038 777 228 216
1040 787 221 209
1035 779 225 213
1038 789 218 207
1034 790 222 210
1031 787 226 214
1030 782 230 218
1033 788 225 213
1028 782 229 217
1031 780 229 217
1030 787 229 217
1026 777 233 221
1029 793 227 215
1023 783 233 221
1026 786 233 221
1021 780 237 225
1025 790 233 221
1021 778 237 225
1022 786 232 221
1022 783 233 222
1019 782 235 224
1017 788 236 225
1019 783 233 222
1015 786 237 226
1015 793 238 227
1020 794 233 222
1014 796 239 227
1014 803 235 223
1014 808 233 221
1013 812 231 220
1010 816 232 221
1010 819 228 218
1008 823 230 220
1008 828 228 218
1008 834 226 217
1005 834 227 218
1004 840 226 217
1001 836 229 219
999 841 232 221
996 843 235 224
992 843 237 226
992 849 234 223
990 849 236 225
987 850 240 229
983 852 244 233
977 852 250 239
974 853 251 240
970 854 256 244
969 856 257 245
964 858 262 250
959 861 267 255
952 860 275 263
952 864 276 264
949 868 280 268
945 872 289 276
941 880 294 281
938 885 297 284
936 889 297 284
934 889 299 286
932 891 302 289
932 895 303 290
929 899 304 291
932 898 303 290
929 900 303 290
933 903 301 288
929 909 303 290
925 900 309 296
926 913 304 291
923 903 311 298
923 920 305 293
921 917 312 299
919 917 311 298
917 920 310 297
914 922 312 299
913 926 312 299
909 925 314 301
910 930 316 303
908 937 317 304
910 949 313 300
916 954 308 295
915 954 306 294
914 953 308 296
915 965 307 295
909 967 316 304
910 965 316 304
909 976 317 305
903 975 323 311
900 980 326 314
899 985 327 315
896 991 330 318
894 989 332 320
891 992 334 322
890 992 333 321
886 998 336 324
882 1002 340 327
879 1001 345 331
874 1009 349 335
873 1013 350 336
867 1021 357 342
861 1025 363 348
852 1028 374 358
840 1025 387 370
839 1043 387 370
836 1056 387 370
833 1065 387 370
830 1074 387 370
829 1083 387 370
827 1091 387 370
831 1088 387 370
827 1094 387 370
825 1100 387 370
822 1109 387 370
819 1114 387 370
819 1119 387 370
813 1125 387 370
814 1143 394 377
799 1122 394 377
793 1138 394 377
793 1136 394 377
785 1138 394 377
784 1124 394 377
787 1137 394 377
785 1126 394 377
757 1175 397 380
777 1132 397 380
778 1150 397 380
777 1131 397 380
759 1159 397 380
795 1001 394 377
789 971 395 378
835 1042 331 317
829 1033 331 317
833 1013 343 329
819 1057 340 327
811 1056 341 327
809 1050 354 340
811 1030 367 352
816 1104 310 297
828 1129 269 259
900 1207 125 121
899 1232 125 122
883 1232 125 122
877 1241 124 121
863 1249 124 121
847 1259 126 123
825 1274 127 124
802 1282 128 125
773 1287 129 126
731 1306 129 126
685 1314 129 126
635 1327 130 127
581 1344 132 128
537 1373 108 105
482 1399 101 99
432 1419 95 92
392 1430 92 90
392 1430 92 90
392 1430 92 90
392 1430 92 90
392 1430 92 90
392 1430 92 90
392 1430 92 90
392 1430 92 90
392 1430 92 90
392 1430 92 90
392 1430 92 90
392 1430 92 90
392 1430 92 90
392 1430 92 90
392 1430 92 90
392 1430 92 90
392 1430 92 90
392 1430 92 90
392 1430 92 90
392 1430 92 90
392 1430 92 90
392 1430 92 90
392 1430 92 90
392 1430 92 90
392 1430 92 90
392 1430 92 90
392 1430 92 90
392 1430 92 90
392 1430 92 90
392 1430 92 90
392 1430 92 90
392 1430 92 90
392 1430 92 90
392 1430 92 90
392 1430 92 90
392 1430 92 90
