712 280 27 32
711 281 27 32
710 280 27 32
709 280 27 32
708 281 27 32
708 281 27 32
707 281 27 32
706 281 27 32
705 282 27 32
704 281 28 33
703 280 28 33
702 281 28 33
701 281 28 33
700 281 28 33
700 282 28 33
699 281 29 34
698 282 28 33
697 281 27 32
695 281 28 33
694 281 28 33
693 281 28 33
692 281 28 33
691 282 27 32
689 283 27 32
688 282 27 32
686 283 27 32
685 282 26 31
684 281 27 32
681 281 27 32
680 281 27 32
679 281 27 32
678 281 27 32
676 281 27 32
675 281 27 32
674 281 27 32
673 281 27 32
672 281 26 31
671 281 26 31
669 280 27 32
668 280 27 33
667 279 26 32
665 280 27 33
664 280 27 33
663 279 27 33
660 278 28 34
659 278 29 35
658 279 29 35
657 278 29 35
656 279 29 35
655 280 28 34
654 280 28 34
653 279 28 35
652 278 28 35
651 279 28 35
651 279 27 34
649 280 28 35
648 279 28 35
647 280 28 35
646 280 28 35
645 281 28 35
644 281 28 35
643 281 29 36
642 281 30 37
641 282 29 36
640 282 30 37
639 281 31 38
639 281 32 39
641 280 33 40
645 279 34 41
651 278 35 42
658 277 36 43
665 276 37 44
671 276 38 46
676 275 39 48
682 275 40 49
685 277 39 47
688 278 38 46
691 280 37 45
694 281 36 44
697 282 35 43
699 283 34 42
700 284 33 41
701 284 32 40
702 285 32 39
703 286 31 38
703 288 30 37
705 289 29 36
705 291 28 35
707 291 27 33
707 294 27 33
708 294 27 33
708 294 26 32
710 296 26 32
710 296 27 33
710 296 27 33
710 296 27 33
710 297 27 33
710 297 27 34
708 298 28 35
704 298 28 35
698 298 29 36
692 298 29 36
686 298 30 37
679 298 30 37
677 300 29 36
676 302 28 35
676 302 27 34
675 303 28 35
675 303 27 34
674 304 28 35
674 305 27 34
673 306 27 34
672 306 27 35
672 305 27 35
671 305 28 37
671 305 29 38
670 305 30 39
668 305 30 38
662 305 30 38
655 305 30 38
648 305 30 38
641 307 31 39
635 309 31 39
633 310 31 39
630 310 31 39
627 310 30 38
626 311 29 37
624 312 29 37
624 312 29 37
622 312 29 37
622 314 28 36
622 314 28 36
622 316 27 35
621 315 27 35
620 316 28 36
620 317 28 36
620 316 28 36
620 319 27 35
620 319 27 35
619 318 27 36
619 320 27 35
620 320 27 35
619 319 27 35
620 321 27 35
620 320 27 35
619 321 28 36
621 322 27 35
620 323 27 35
621 324 27 35
621 323 27 35
621 324 27 35
622 325 26 34
622 326 26 34
623 327 26 34
624 327 26 34
624 328 26 33
624 328 26 33
624 329 26 33
625 329 26 33
625 330 26 33
626 330 26 33
626 330 27 34
626 331 26 33
627 331 25 32
627 332 26 33
628 332 26 33
628 332 27 34
628 333 27 34
629 333 27 34
630 334 26 33
630 333 27 34
630 334 27 34
631 335 27 34
631 335 27 34
631 335 27 35
632 335 27 35
633 335 27 35
634 335 27 35
635 335 26 34
635 337 27 35
636 336 27 35
637 336 27 35
637 336 28 36
637 335 29 37
638 335 29 37
638 335 29 37
638 335 29 36
638 336 29 36
640 337 29 35
641 338 28 34
642 338 28 34
643 338 28 34
644 338 28 34
644 337 29 35
644 337 29 35
645 336 29 35
645 337 29 35
646 337 28 34
646 338 27 33
646 338 27 33
647 338 27 33
648 339 26 32
649 339 26 31
650 338 26 31
650 338 26 31
651 338 26 31
651 337 26 31
652 337 26 32
652 336 26 33
652 336 26 33
653 335 26 33
652 335 26 33
653 335 26 33
652 335 26 33
653 335 26 33
652 335 26 33
653 335 25 32
652 335 25 32
653 334 25 32
652 334 25 32
651 333 25 32
651 332 26 33
650 331 26 33
649 331 26 33
649 331 25 32
648 331 26 33
648 329 26 33
647 329 27 34
645 328 27 34
644 329 27 34
643 329 27 34
644 329 26 33
643 328 26 34
643 327 26 34
641 327 26 34
640 327 26 34
639 327 26 34
638 327 26 34
637 326 26 34
636 326 26 34
635 326 26 34
634 326 25 33
632 326 25 33
631 325 25 33
630 325 26 34
629 325 26 34
630 325 26 34
632 325 26 34
636 325 26 34
640 325 27 35
644 324 27 35
648 324 27 36
653 324 27 36
657 322 28 37
662 322 29 38
667 322 29 38
673 322 29 38
677 322 28 37
680 323 27 36
683 323 26 35
687 323 25 34
688 324 26 36
690 323 25 35
691 322 25 35
692 322 26 36
692 322 26 37
693 324 26 31
692 325 26 31
692 324 27 32
691 325 27 32
692 325 26 31
692 325 26 31
691 324 26 31
691 325 26 30
690 326 26 30
689 326 26 30
688 326 26 30
688 326 26 30
688 326 26 30
687 326 26 30
686 326 26 31
687 325 26 31
686 326 26 31
685 327 26 31
683 327 26 31
682 328 25 30
679 327 26 31
678 327 25 30
675 327 26 31
674 327 25 30
672 327 25 31
670 326 25 31
668 325 26 32
665 324 26 32
664 324 25 31
662 322 26 32
663 322 26 32
663 322 25 31
663 322 25 31
664 321 24 30
665 321 24 30
