2004 601 79 83
2005 602 77 81
2004 601 79 83
2005 602 77 81
2006 603 77 81
2005 601 78 82
2006 604 76 80
2007 604 77 81
2007 604 76 80
2007 605 77 81
1994 603 78 82
1979 602 77 81
1948 603 77 81
1918 603 76 80
1885 600 77 81
1872 601 78 82
1858 597 79 83
1856 598 76 80
1858 602 74 77
1857 600 75 78
1859 603 73 76
1859 604 74 77
1860 603 74 77
1860 604 74 77
1859 602 74 77
1846 599 77 80
1809 595 77 80
1765 588 77 80
1799 576 76 79
1799 576 76 79
1799 576 76 79
1799 576 76 79
1799 576 76 79
1799 576 76 79
1799 576 76 79
1799 576 76 79
1799 576 76 79
1799 576 76 79
1799 576 76 79
1799 576 76 79
1799 576 76 79
1799 576 76 79
1799 576 76 79
1799 576 76 79
1799 576 76 79
1799 576 76 79
1799 576 76 79
1799 576 76 79
1799 576 76 79
1799 576 76 79
1799 576 76 79
1799 576 76 79
1799 576 76 79
1799 576 76 79
1799 576 76 79
1799 576 76 79
1799 576 76 79
1799 576 76 79
1799 576 76 79
1799 576 76 79
1799 576 76 79
1799 576 76 79
1799 576 76 79
1799 576 76 79
1799 576 76 79
1799 576 76 79
1799 576 76 79
1799 576 76 79
1799 576 76 79
1799 576 76 79
1799 576 76 79
1799 576 76 79
1799 576 76 79
1799 576 76 79
1799 576 76 79
1799 576 76 79
1799 576 76 79
1799 576 76 79
1799 576 76 79
1799 576 76 79
1799 576 76 79
1869 536 77 80
1869 536 77 80
1869 536 77 80
1869 536 77 80
1869 536 77 80
1869 536 77 80
1869 536 77 80
1869 536 77 80
1869 536 77 80
1869 536 77 80
1787 526 77 80
1802 530 78 81
1818 531 78 81
1835 532 78 81
1852 533 78 81
1869 533 78 81
1886 534 78 81
1903 535 78 81
1920 537 77 80
1946 532 78 81
1962 536 78 81
1980 536 78 81
1998 538 78 81
2014 538 78 81
2028 538 78 81
2039 538 78 81
2080 539 80 83
2097 540 80 83
2111 542 80 83
2123 541 80 83
2158 544 82 85
2172 545 83 86
2207 543 85 88
2223 544 85 88
2257 545 86 89
2290 539 87 90
2305 543 87 90
2340 544 89 92
2369 545 88 91
2397 548 90 94
2429 552 91 94
2463 551 91 94
2495 558 91 94
2533 559 92 95
2568 561 92 95
2603 562 93 96
2603 562 93 96
2603 562 93 96
2603 562 93 96
2603 562 93 96
2603 562 93 96
2603 562 93 96
2603 562 93 96
2603 562 93 96
2603 562 93 96
2603 562 93 96
2603 562 93 96
2603 562 93 96
2603 562 93 96
2603 562 93 96
2603 562 93 96
2603 562 93 96
2603 562 93 96
2603 562 93 96
2603 562 93 96
2603 562 93 96
2603 562 93 96
2603 562 93 96
2603 562 93 96
2603 562 93 96
2603 562 93 96
2603 562 93 96
2603 562 93 96
2603 562 93 96
2603 562 93 96
2603 562 93 96
2603 562 93 96
2603 562 93 96
2603 562 93 96
2603 562 93 96
2603 562 93 96
2603 562 93 96
2603 562 93 96
2603 562 93 96
2603 562 93 96
2603 562 93 96
2603 562 93 96
2603 562 93 96
2603 562 93 96
2603 562 93 96
2603 562 93 96
2603 562 93 96
2603 562 93 96
2603 562 93 96
2603 562 93 96
2603 562 93 96
2603 562 93 96
2603 562 93 96
2603 562 93 96
2603 562 93 96
