840 463 57 59
831 460 57 59
824 457 57 59
818 456 56 58
812 454 56 58
806 452 55 57
801 449 55 57
797 448 55 57
795 445 55 57
790 443 55 57
786 441 55 57
782 438 55 57
778 436 55 57
775 433 55 57
771 432 55 57
769 431 52 54
768 429 51 53
766 427 50 52
764 428 50 52
762 426 48 50
759 425 48 50
758 425 47 49
754 421 48 50
754 422 46 48
752 420 46 48
750 418 46 48
749 417 45 47
747 414 45 47
746 415 43 45
744 412 44 46
743 411 43 45
740 408 43 45
738 408 43 45
736 405 44 46
734 404 45 47
731 402 45 47
729 400 45 47
727 400 45 47
725 398 44 46
724 398 44 46
722 396 44 46
721 396 43 45
720 394 43 45
718 392 43 45
717 393 42 44
716 391 42 44
715 391 41 43
713 388 41 43
712 387 41 43
710 385 40 42
709 385 41 43
707 383 41 43
705 382 41 43
702 380 41 43
700 379 43 45
698 378 42 44
698 378 42 44
696 377 42 44
695 377 40 42
694 376 41 43
692 376 40 42
691 374 42 44
691 374 40 42
690 375 38 40
689 373 39 42
688 371 38 41
687 371 37 40
685 369 37 40
685 370 36 39
682 367 37 41
681 366 37 41
679 365 37 41
677 364 37 41
676 364 37 41
674 363 37 41
673 363 37 41
671 362 38 42
670 362 38 42
670 361 37 41
668 360 37 41
667 360 37 41
666 360 36 40
666 360 38 42
664 359 37 41
663 357 36 40
662 357 36 40
661 356 36 40
660 355 35 39
658 354 36 40
657 354 36 40
656 354 35 39
654 353 35 39
653 352 36 40
652 353 35 39
650 351 36 40
649 351 36 39
648 350 37 40
647 350 36 39
646 349 36 39
645 349 36 39
643 348 36 39
642 347 36 39
641 346 36 39
639 346 36 39
638 346 36 39
637 345 36 39
636 343 36 39
635 343 36 39
633 341 36 39
632 341 36 39
631 340 36 39
630 339 36 39
628 338 36 39
626 337 36 40
625 337 37 41
623 335 37 41
622 335 37 41
622 334 36 40
621 334 36 40
620 333 36 40
619 333 36 40
618 332 36 40
616 330 36 40
615 331 35 39
614 329 35 39
613 329 35 39
612 328 35 39
610 325 36 41
608 324 37 42
606 323 38 43
606 322 38 43
606 322 38 43
606 322 37 42
606 322 37 42
607 321 37 42
609 321 36 41
611 319 37 42
613 320 36 41
616 319 35 40
619 321 34 39
623 319 34 39
626 319 34 39
630 318 33 38
633 319 33 38
638 319 33 38
642 318 33 38
645 316 33 38
649 316 33 39
652 315 33 39
652 313 34 40
654 313 34 40
655 312 35 41
656 312 34 40
659 313 34 40
659 311 34 40
661 311 34 40
663 312 34 40
664 311 34 40
666 312 34 40
668 312 33 39
669 310 34 40
670 312 33 39
672 309 34 40
673 310 34 40
676 309 33 39
677 310 33 39
679 309 33 39
680 309 32 38
683 309 32 38
685 309 32 38
688 308 32 37
689 309 32 37
691 307 32 37
693 307 33 38
694 307 33 38
697 307 32 37
699 306 33 38
701 306 32 37
703 305 33 38
706 306 32 37
708 305 32 37
711 304 33 38
711 305 32 37
712 304 32 37
712 304 32 37
713 303 32 37
713 303 32 37
713 303 31 36
712 303 32 37
713 302 32 37
713 302 32 37
713 302 31 36
712 302 32 37
713 301 32 37
713 302 32 36
713 302 32 36
713 302 31 35
712 301 31 35
712 301 31 35
711 301 32 36
711 301 32 36
711 301 32 36
711 300 32 36
711 301 31 35
711 299 31 35
711 300 30 34
711 300 30 34
710 299 31 35
710 299 31 35
710 299 30 34
709 299 31 35
709 298 31 35
708 297 31 34
708 299 30 33
707 298 31 34
707 298 30 33
707 297 31 34
707 297 30 33
706 295 31 34
705 296 31 34
705 296 31 34
705 297 30 33
705 295 31 34
705 295 31 33
705 295 30 32
705 296 30 32
704 296 31 33
703 295 31 33
703 295 31 33
703 295 31 33
702 294 31 33
702 294 31 33
702 295 31 33
702 294 31 33
701 294 31 33
701 294 31 33
700 293 31 33
700 294 31 33
700 294 30 32
700 295 31 33
699 293 30 32
699 294 31 33
699 293 30 32
699 295 30 32
698 294 30 32
697 294 31 33
697 294 30 32
696 294 31 34
696 292 31 34
695 292 31 34
695 292 32 35
695 292 31 34
694 292 31 34
694 293 30 33
694 293 31 34
693 293 31 34
693 294 30 33
693 294 30 33
693 294 30 33
693 294 30 33
693 294 30 33
692 294 29 32
691 294 30 33
691 295 30 33
691 294 30 33
691 295 30 33
690 294 30 33
689 294 31 34
689 295 31 34
689 295 31 34
689 296 31 34
689 296 30 33
688 295 31 35
687 295 31 35
686 296 31 35
686 297 32 36
686 298 32 36
686 297 31 35
686 297 30 34
685 298 30 34
685 298 29 33
684 298 30 34
684 299 30 34
684 299 29 33
683 298 30 34
683 300 30 34
682 299 30 33
682 301 30 33
681 299 31 34
681 301 30 33
680 301 31 34
680 301 30 33
679 301 31 34
678 302 31 34
678 302 31 34
678 303 31 34
677 303 31 34
676 303 31 34
676 304 31 34
676 304 31 34
675 304 32 35
675 304 31 34
675 305 31 34
674 305 31 34
674 305 31 34
673 306 31 34
673 307 31 34
672 307 31 34
672 307 31 34
672 308 31 34
671 308 31 34
671 309 31 34
670 308 31 35
670 308 31 35
669 309 31 35
669 310 31 35
669 310 31 35
669 310 31 35
668 311 31 34
668 311 32 35
668 312 31 34
667 312 31 34
667 313 31 34
667 314 31 34
667 314 31 34
666 314 31 34
666 315 31 34
665 316 31 34
664 316 32 35
664 316 32 35
664 316 32 35
663 316 32 35
663 317 32 35
663 318 32 35
663 318 32 35
662 318 32 35
661 319 33 36
661 321 33 36
661 322 33 36
661 322 33 36
660 323 33 36
660 324 34 37
660 323 33 36
660 325 33 36
660 326 32 35
660 325 32 35
660 327 32 35
660 326 32 35
660 327 32 35
660 329 31 34
659 329 32 35
658 329 33 36
658 331 33 36
658 332 32 35
658 331 32 36
658 332 32 36
658 333 32 37
658 333 32 37
658 334 32 37
658 335 32 36
658 337 31 35
657 337 32 36
657 339 32 36
657 340 32 36
657 341 32 36
657 342 32 36
657 343 32 37
656 343 32 37
656 344 32 37
656 345 32 37
656 346 33 38
655 347 33 38
654 348 33 38
655 349 34 39
655 349 33 38
655 350 33 38
655 351 32 37
655 352 32 37
655 353 32 37
655 354 32 37
657 355 31 36
658 358 31 36
661 358 31 36
661 358 32 38
663 358 33 39
665 359 33 39
667 360 33 39
669 360 34 41
671 361 34 40
673 363 34 40
676 363 35 41
678 364 35 40
680 366 35 40
683 366 35 40
686 367 35 40
688 369 34 39
691 369 35 40
692 368 35 40
692 370 35 41
693 372 34 40
694 372 34 40
694 374 33 39
694 374 35 41
693 374 35 41
694 376 35 41
693 375 35 42
694 378 34 41
694 376 35 43
694 378 34 42
694 379 34 42
694 378 34 42
694 380 33 41
693 384 34 35
694 385 34 35
694 385 34 35
693 385 34 35
693 387 34 35
693 387 34 35
692 387 34 35
692 388 34 35
693 389 34 35
692 389 34 35
692 390 34 35
692 390 34 35
692 391 34 35
692 391 34 35
692 392 34 35
692 392 34 35
691 391 34 35
691 392 34 35
690 391 34 35
690 392 34 35
690 392 34 35
690 392 34 35
690 392 34 35
689 393 34 35
689 393 34 35
688 393 34 35
688 393 34 35
687 393 34 35
687 393 34 35
686 392 34 35
686 393 34 35
685 391 36 37
683 391 36 37
682 391 36 37
681 390 36 37
680 389 37 38
678 388 37 38
676 387 37 38
675 388 37 38
674 388 37 38
673 388 37 38
672 388 36 37
671 387 37 38
669 387 36 37
669 387 36 37
668 386 37 38
666 386 37 38
665 386 36 37
665 385 36 37
664 385 36 37
663 385 35 36
662 384 35 36
661 384 35 36
660 384 35 36
659 383 36 37
659 382 36 37
658 381 36 37
658 381 36 37
657 381 35 36
656 380 36 37
656 380 36 37
655 379 36 37
655 379 36 37
656 379 36 37
656 378 36 37
657 378 36 37
658 377 37 38
660 378 37 38
662 377 37 38
665 376 37 38
667 377 37 38
669 375 37 38
672 375 37 38
674 375 37 38
676 375 37 38
678 375 37 38
681 375 37 38
683 375 38 39
685 373 38 39
687 374 39 40
688 373 38 39
691 374 38 39
693 373 37 38
694 374 36 37
696 374 36 37
697 375 35 36
697 374 35 36
697 374 35 36
697 374 35 36
697 374 36 37
697 373 35 36
697 374 36 37
698 373 35 36
698 374 35 36
698 373 35 36
697 373 35 36
697 373 35 36
696 373 36 37
696 372 35 36
695 373 35 36
695 373 35 36
694 373 35 36
693 372 35 36
692 372 35 36
691 373 36 37
691 372 36 37
689 371 36 37
688 371 36 37
687 371 36 37
685 371 36 37
684 372 36 37
683 372 36 37
681 371 37 38
679 371 37 38
677 371 37 38
675 371 38 39
673 371 37 38
671 372 37 38
669 372 37 38
666 371 38 39
664 370 38 39
661 370 37 38
658 371 38 39
656 371 39 40
652 370 39 40
649 370 39 40
647 371 38 39
645 371 38 39
642 371 39 40
638 371 40 41
637 371 39 40
632 372 40 41
630 372 40 41
628 372 40 41
624 372 41 42
620 371 42 43
617 371 42 43
613 371 43 44
609 372 42 43
608 373 41 42
605 373 42 43
602 372 43 44
599 373 44 45
600 372 43 44
599 374 42 43
595 375 42 43
593 375 42 43
593 370 42 43
592 374 42 43
589 375 43 44
586 375 44 45
584 375 44 45
582 376 43 44
581 378 42 43
580 377 43 44
577 377 44 45
575 377 45 46
573 378 46 47
571 377 46 47
569 378 46 47
566 377 47 48
563 378 48 49
562 378 47 48
559 379 48 49
558 380 48 49
556 380 49 50
554 380 49 50
552 380 49 50
551 381 48 49
549 381 47 48
548 384 47 48
547 382 47 48
546 384 47 48
544 383 48 49
545 383 48 49
543 383 49 50
542 384 50 51
541 383 51 52
540 383 51 52
539 383 52 53
540 383 52 53
539 383 52 53
538 384 51 52
536 384 51 52
534 384 52 53
535 383 52 53
533 383 52 53
532 384 53 54
533 383 53 54
532 385 53 54
534 384 53 54
534 385 53 54
535 386 54 55
537 384 54 55
537 386 56 57
539 386 55 56
538 388 55 56
539 388 55 56
538 387 55 56
538 389 56 57
538 388 56 57
536 388 56 57
534 389 58 59
533 387 58 59
532 389 60 61
530 389 59 60
527 390 60 61
524 389 60 61
521 391 61 62
517 395 59 60
516 393 57 58
518 400 56 57
515 396 55 56
520 398 56 57
520 402 56 57
523 400 54 55
520 404 52 53
516 402 52 53
512 402 53 54
511 401 55 56
507 400 56 57
506 401 57 58
504 402 57 58
504 403 58 59
502 402 58 59
500 401 58 59
499 402 60 61
497 402 60 61
493 400 61 62
495 405 60 61
492 402 60 61
493 405 60 61
493 408 59 60
491 409 60 61
490 407 58 59
490 413 59 60
489 415 58 59
492 414 58 59
489 416 57 58
490 416 58 59
492 417 57 58
481 417 56 57
489 417 57 58
488 419 57 58
487 419 58 59
485 419 59 60
483 420 60 61
484 419 59 60
483 421 59 60
483 420 58 59
484 422 58 59
482 422 59 60
483 422 60 61
483 420 60 61
484 423 61 62
483 424 60 61
485 425 60 61
485 425 60 61
485 424 60 61
486 423 60 61
487 424 61 62
488 424 62 63
490 424 61 62
491 426 61 62
492 427 60 61
495 427 59 60
496 428 59 60
498 429 58 59
499 428 58 59
501 429 58 60
503 429 58 60
505 429 58 60
506 429 58 60
507 428 59 62
510 427 59 62
513 427 58 61
515 426 59 62
518 427 58 61
522 428 57 60
525 428 56 59
528 429 56 59
532 428 55 58
534 429 55 58
537 428 55 58
539 429 55 58
542 429 54 57
547 429 52 55
551 431 51 54
554 432 50 53
558 431 49 52
562 433 48 51
567 433 47 49
571 434 46 48
576 435 45 47
581 434 44 45
586 436 43 44
591 435 42 43
596 436 41 42
600 438 40 41
604 438 39 40
608 439 38 39
611 438 38 39
614 438 38 39
617 438 37 38
620 439 36 37
623 440 35 36
625 440 35 36
626 438 36 37
628 437 35 36
629 438 35 36
630 437 35 36
630 436 35 36
631 435 35 36
631 435 35 36
630 434 36 37
630 433 35 36
629 432 36 37
627 429 37 38
625 428 39 40
623 425 41 42
622 422 42 43
620 420 44 45
617 417 46 47
614 416 47 48
610 413 48 50
608 412 48 50
605 411 48 50
601 410 47 49
598 409 46 48
595 407 45 47
591 407 45 47
587 406 45 47
585 405 44 46
583 405 43 45
579 404 43 45
577 403 42 44
577 403 41 43
577 401 40 42
579 401 39 40
581 401 38 39
583 399 39 40
586 397 39 40
590 396 39 40
594 395 38 39
599 393 38 39
603 391 38 39
608 390 37 38
613 388 38 39
618 387 37 38
623 386 37 38
628 386 36 37
634 385 36 37
640 383 36 37
645 382 36 37
652 381 36 37
658 379 35 36
664 377 36 37
669 375 35 36
675 374 35 36
679 372 35 36
685 371 35 36
688 369 35 36
692 368 35 36
695 366 35 36
699 365 34 35
702 363 34 35
705 362 33 34
706 361 33 34
708 360 33 34
709 358 33 34
711 357 32 33
712 355 32 33
713 354 32 33
714 353 31 32
714 352 31 32
714 350 32 33
714 348 32 33
714 346 32 33
714 344 32 33
714 343 31 32
713 341 32 33
712 339 32 33
711 338 32 33
710 335 33 34
708 334 33 34
708 333 33 34
705 330 34 35
703 328 34 35
702 326 33 34
699 325 33 34
697 324 33 33
696 323 33 33
694 321 33 33
693 319 34 34
692 318 33 33
690 316 32 32
688 316 32 32
686 314 32 32
682 312 33 33
678 310 33 33
675 309 33 33
672 308 33 33
668 306 33 33
664 306 33 33
658 305 32 32
654 304 33 33
649 303 32 32
645 303 31 31
641 301 31 31
636 301 30 30
632 300 29 29
628 299 29 29
624 298 28 28
620 298 28 28
616 298 27 27
613 297 27 27
611 296 26 26
608 295 26 26
605 294 26 26
601 294 26 26
598 293 27 27
595 291 28 28
592 291 29 29
590 289 30 30
588 290 31 31
587 288 32 32
586 289 33 33
586 287 33 33
585 286 33 33
586 286 32 32
587 286 31 31
587 285 31 31
588 285 30 30
589 285 30 30
588 284 31 31
589 283 31 31
590 282 30 30
591 283 31 31
591 281 31 31
592 281 32 32
593 280 32 32
594 281 33 33
594 280 34 34
595 280 33 33
595 279 34 34
596 279 34 34
597 279 33 33
597 278 33 33
598 278 32 32
599 278 33 33
599 277 33 33
600 276 33 33
600 276 33 33
601 276 33 33
600 276 33 33
602 276 32 32
603 276 32 32
603 276 32 32
604 276 32 32
605 276 32 32
605 276 32 32
605 275 33 33
605 274 33 33
606 275 33 33
605 275 33 33
607 275 32 32
607 276 33 33
608 276 32 32
609 276 33 33
608 275 32 32
610 276 33 33
609 276 32 32
610 276 33 33
610 276 32 32
610 276 33 33
610 276 33 33
611 276 33 33
611 276 33 33
612 276 33 33
613 277 33 33
613 277 33 33
613 277 33 33
613 277 33 33
613 277 34 34
612 278 34 34
613 278 34 34
613 279 35 35
613 278 34 34
613 279 34 34
613 280 33 33
614 280 32 32
613 280 33 33
613 280 33 33
612 280 33 33
612 280 34 34
611 280 36 36
611 281 36 36
611 282 35 35
611 282 35 35
610 282 36 36
611 283 36 36
610 284 37 37
611 284 35 35
610 284 36 36
610 285 36 36
611 285 35 35
611 285 35 35
610 285 36 36
611 285 36 36
611 285 37 37
611 285 37 37
610 285 37 37
611 285 37 37
611 285 37 37
612 286 37 37
612 286 38 38
612 286 39 39
612 285 39 39
612 288 40 40
613 287 39 39
614 288 38 38
615 289 39 39
615 289 38 38
616 290 39 39
616 290 38 38
618 292 38 38
618 291 37 37
618 291 38 38
619 292 38 38
620 292 38 38
620 292 39 39
621 292 38 38
622 292 39 39
622 290 40 40
623 291 41 41
624 291 40 40
625 292 41 41
626 292 40 40
627 294 40 40
628 294 40 40
630 295 39 39
630 295 39 39
631 295 39 39
632 296 39 39
633 295 39 39
634 295 40 40
636 295 40 40
637 295 41 41
639 294 41 41
639 297 41 41
642 297 40 40
645 299 39 39
647 299 39 39
648 299 39 39
650 300 38 38
653 301 37 37
655 301 37 37
656 302 37 37
658 302 37 37
660 302 37 37
663 302 37 37
665 301 38 38
667 302 37 37
670 301 38 38
671 301 39 39
674 300 38 38
677 301 39 39
679 301 38 38
682 302 39 39
684 302 38 38
687 302 38 38
690 302 37 37
692 302 37 37
696 301 38 38
698 300 38 38
703 300 38 38
704 299 38 38
708 300 38 38
712 300 37 37
716 301 37 37
719 301 37 37
719 302 37 37
722 295 36 36
722 300 37 37
726 303 36 36
731 302 36 36
735 301 36 36
740 301 36 36
744 301 37 37
747 300 37 37
751 299 36 36
754 298 37 37
757 298 37 37
760 298 36 36
764 298 37 37
765 298 37 37
769 297 37 37
771 296 37 37
774 296 38 38
776 294 39 39
779 293 39 39
782 293 40 40
783 291 41 41
785 291 41 41
787 289 42 42
790 288 42 42
793 289 43 43
796 287 44 44
799 287 43 43
802 286 43 43
806 286 44 44
810 286 43 43
813 287 42 42
817 287 42 42
820 285 42 42
822 285 43 43
823 284 43 43
822 284 44 44
823 283 44 44
820 282 44 44
817 281 45 45
818 285 44 44
813 283 45 45
809 280 44 44
803 280 43 43
798 279 43 43
792 278 44 44
787 278 43 43
782 278 42 42
776 278 41 41
769 279 40 40
763 280 39 39
756 280 38 38
749 281 37 37
743 280 36 36
737 280 36 36
714 275 39 40
707 274 40 40
700 274 40 40
678 270 40 40
669 271 40 40
651 271 39 39
642 270 40 40
633 270 40 40
614 270 39 39
605 268 40 40
597 268 40 40
578 269 40 40
572 267 41 41
565 265 41 41
557 264 41 41
551 263 40 40
546 264 39 39
540 262 38 38
535 264 36 36
548 250 39 39
548 250 39 39
548 250 39 39
548 250 39 39
548 250 39 39
548 250 39 39
548 250 39 39
548 250 39 39
548 250 39 39
548 250 39 39
548 250 39 39
548 250 39 39
548 250 39 39
548 250 39 39
548 250 39 39
548 250 39 39
548 250 39 39
548 250 39 39
548 250 39 39
548 250 39 39
548 250 39 39
548 250 39 39
548 250 39 39
548 250 39 39
548 250 39 39
548 250 39 39
548 250 39 39
548 250 39 39
548 250 39 39
548 250 39 39
548 250 39 39
548 250 39 39
548 250 39 39
548 250 39 39
548 250 39 39
548 250 39 39
548 250 39 39
548 250 39 39
548 250 39 39
548 250 39 39
548 250 39 39
548 250 39 39
548 250 39 39
548 250 39 39
548 250 39 39
548 250 39 39
548 250 39 39
548 250 39 39
548 250 39 39
548 250 39 39
548 250 39 39
548 250 39 39
548 250 39 39
548 250 39 39
548 250 39 39
548 250 39 39
548 250 39 39
548 250 39 39
548 250 39 39
548 250 39 39
548 250 39 39
548 250 39 39
548 250 39 39
548 250 39 39
548 250 39 39
548 250 39 39
548 250 39 39
548 250 39 39
548 250 39 39
548 250 39 39
548 250 39 39
548 250 39 39
548 250 39 39
548 250 39 39
548 250 39 39
548 250 39 39
548 250 39 39
548 250 39 39
548 250 39 39
548 250 39 39
548 250 39 39
548 250 39 39
548 250 39 39
548 250 39 39
548 250 39 39
548 250 39 39
548 250 39 39
548 250 39 39
548 250 39 39
548 250 39 39
548 250 39 39
548 250 39 39
548 250 39 39
548 250 39 39
548 250 39 39
548 250 39 39
548 250 39 39
548 250 39 39
548 250 39 39
548 250 39 39
548 250 39 39
548 250 39 39
548 250 39 39
548 250 39 39
548 250 39 39
548 250 39 39
548 250 39 39
548 250 39 39
548 250 39 39
548 250 39 39
548 250 39 39
548 250 39 39
548 250 39 39
548 250 39 39
548 250 39 39
548 250 39 39
548 250 39 39
548 250 39 39
548 250 39 39
548 250 39 39
544 261 39 39
544 261 39 39
499 268 39 39
496 274 39 39
492 276 40 40
493 276 42 42
490 275 43 43
489 274 45 45
488 273 47 47
488 271 49 49
488 272 51 51
488 271 52 52
487 273 53 53
488 273 53 53
488 274 54 54
489 275 54 54
488 275 54 54
487 274 56 56
485 274 57 57
486 273 58 58
483 274 60 60
484 274 61 61
481 273 62 62
479 274 62 62
477 276 61 61
476 278 60 60
479 281 59 59
477 283 58 58
474 285 58 58
471 283 58 58
472 286 58 58
472 285 58 58
473 289 58 58
474 289 57 57
473 291 57 57
475 290 58 58
475 294 58 58
476 292 59 59
474 296 58 58
477 295 59 59
476 298 58 58
478 297 59 59
477 300 58 58
477 304 58 58
479 303 57 57
477 306 57 57
478 306 56 56
477 311 57 57
479 309 56 56
478 313 56 56
478 314 55 55
479 314 55 55
478 318 56 56
478 317 55 55
478 321 55 55
479 321 54 54
479 325 54 54
480 325 54 54
482 327 54 54
484 329 54 54
487 328 55 55
491 329 55 55
496 330 55 55
500 331 56 56
504 331 56 56
510 334 56 56
517 334 56 56
524 335 57 57
533 334 56 56
545 337 56 56
556 339 55 55
568 340 55 55
582 339 55 55
597 340 56 56
612 340 57 57
627 340 58 58
641 340 59 59
673 344 60 60
687 345 60 60
702 344 62 62
720 343 62 62
736 344 65 65
751 347 67 67
762 352 65 65
776 354 63 63
787 359 61 61
800 362 60 60
811 366 59 59
820 367 57 57
829 369 57 57
838 371 56 56
847 374 56 56
854 375 55 55
859 377 54 54
863 378 55 55
866 378 54 54
870 381 53 53
869 382 52 52
870 383 51 51
867 383 51 51
867 383 51 51
865 383 51 51
864 383 51 51
862 383 50 50
861 383 50 50
859 383 48 48
857 382 50 50
854 381 48 48
852 380 50 50
851 381 49 49
848 380 48 48
848 380 48 48
845 379 49 49
843 379 48 48
843 378 49 49
843 377 49 49
844 376 49 49
845 375 50 50
848 375 49 49
849 374 50 50
852 374 50 50
854 373 50 50
857 373 49 49
860 371 49 49
863 370 49 49
866 370 47 47
868 368 49 49
871 368 48 48
873 367 50 50
876 367 48 48
878 366 49 49
881 365 48 48
883 364 48 48
885 363 47 47
887 362 47 47
889 362 46 46
891 360 48 48
891 359 48 48
892 358 48 48
892 357 48 48
893 355 48 48
893 354 48 48
893 353 48 48
893 352 48 48
893 351 46 46
894 349 46 46
893 349 44 44
893 346 45 45
891 345 43 43
890 343 44 44
888 343 44 44
887 342 44 44
885 340 43 43
882 338 43 43
881 337 43 43
878 335 43 43
876 334 42 42
875 333 43 43
870 330 43 43
868 331 41 41
864 329 42 42
863 328 41 41
860 327 40 40
857 326 40 40
854 325 39 39
850 322 40 40
847 322 39 39
843 319 40 40
840 319 39 39
835 316 39 39
832 316 39 39
827 313 39 39
824 312 39 39
820 311 39 39
815 309 39 39
812 309 38 38
808 307 38 38
804 306 38 38
799 305 38 38
795 304 37 37
790 302 37 37
786 301 37 37
781 299 37 37
776 299 37 37
772 297 36 36
767 296 36 36
762 295 36 36
758 294 36 36
752 292 35 35
748 290 35 35
743 289 36 36
738 288 36 36
734 287 36 36
728 286 36 36
725 285 35 35
718 283 35 35
715 282 34 34
709 282 34 34
705 281 33 33
700 279 33 33
696 278 33 33
692 277 33 33
688 276 33 33
684 275 32 32
682 274 31 31
677 273 32 32
675 273 31 31
671 272 30 30
670 272 30 30
668 270 29 29
665 269 29 29
663 269 29 29
661 267 29 29
659 266 29 29
657 265 29 29
655 264 29 29
654 264 28 28
653 264 27 27
652 262 27 27
651 262 27 27
650 261 26 26
650 261 26 26
649 259 27 27
650 258 26 26
651 257 26 26
652 256 27 27
654 255 26 26
656 255 26 26
658 255 26 26
662 254 25 25
663 253 26 26
666 252 26 26
670 252 26 26
672 251 26 26
677 250 25 25
678 249 26 26
683 249 27 27
686 248 26 26
689 248 26 26
693 247 26 26
696 247 25 25
699 246 25 25
702 246 25 25
706 246 25 25
709 245 25 25
711 244 26 26
715 244 25 25
717 243 26 26
719 243 26 26
722 243 26 26
725 243 25 25
727 242 25 25
729 242 25 25
731 242 25 25
732 241 26 26
734 241 26 26
735 241 26 26
736 240 26 26
737 240 27 27
738 239 26 26
740 240 25 25
741 240 25 25
742 239 25 25
742 240 25 25
743 239 25 25
743 237 26 26
744 238 27 27
744 238 27 27
745 237 27 27
745 236 27 27
745 236 28 28
746 236 28 28
746 236 28 28
746 236 28 28
747 236 27 27
746 235 28 28
747 236 28 28
748 236 27 27
747 236 28 28
748 235 28 28
747 236 29 29
747 234 29 29
747 234 29 29
747 234 30 30
747 233 30 30
746 234 30 30
747 235 30 30
745 234 31 31
746 234 30 30
746 234 31 31
745 234 31 31
746 235 30 30
747 236 30 30
746 236 31 31
745 235 31 31
746 236 30 30
747 237 29 29
747 237 29 29
748 236 29 29
747 236 30 30
749 237 30 30
748 236 31 31
749 235 31 31
749 236 31 31
749 237 30 30
750 239 29 29
751 238 29 29
753 238 28 28
755 240 28 28
757 242 28 28
759 243 28 28
762 241 28 28
765 241 28 28
765 240 29 29
764 239 30 30
765 239 30 30
767 240 29 29
769 240 29 29
770 241 29 29
772 242 28 28
774 243 28 28
775 243 28 28
777 243 29 29
779 242 29 29
781 242 29 29
783 243 29 29
784 243 29 29
786 243 29 29
788 243 29 29
790 244 29 29
791 245 29 29
793 246 29 29
795 247 29 29
797 247 28 28
799 248 28 28
802 249 28 28
803 250 28 28
805 250 28 28
806 250 28 28
807 251 29 29
807 251 29 29
808 250 29 29
809 251 29 29
809 251 30 30
810 251 31 31
811 250 32 32
811 250 33 33
811 250 34 34
812 250 35 35
811 249 36 36
811 250 37 37
811 249 38 38
811 249 39 39
810 249 39 39
810 250 39 39
810 251 38 38
810 253 38 38
812 254 38 38
814 255 38 38
816 256 38 38
818 256 38 38
821 257 37 37
825 258 36 36
829 259 36 36
832 260 36 36
835 262 36 36
839 264 35 35
842 265 35 35
844 266 36 36
847 266 37 37
848 267 38 38
850 267 40 40
851 267 41 41
852 268 42 42
854 269 41 41
853 269 42 42
855 272 42 42
854 272 43 43
852 273 44 44
849 274 45 45
845 272 46 46
842 277 46 46
836 274 47 47
829 273 46 46
821 274 46 46
812 274 47 47
805 274 47 47
797 274 47 47
791 276 47 47
787 277 47 47
783 279 47 47
778 279 47 47
774 282 47 47
770 284 47 47
766 285 47 47
764 291 45 45
762 295 43 43
758 293 43 43
755 295 43 43
750 295 43 43
747 296 43 43
742 297 43 43
739 299 41 41
736 300 40 40
733 302 40 40
730 304 40 40
728 304 41 41
723 304 42 42
719 305 44 44
718 304 46 46
714 304 48 48
713 305 48 48
711 306 49 49
708 305 49 49
706 310 49 49
702 308 49 49
702 312 49 49
701 313 48 48
700 315 47 47
697 315 47 47
695 317 47 47
