928 468 69 186
928 473 68 184
928 471 69 187
927 469 70 189
927 469 70 189
926 469 70 190
927 471 70 190
926 468 70 191
927 468 70 192
927 469 70 191
926 481 70 190
925 493 71 193
925 510 70 189
924 522 71 192
924 537 70 189
924 557 70 190
923 575 70 191
923 595 70 191
922 612 71 193
922 633 70 191
922 651 70 191
921 670 71 193
920 686 72 197
920 707 72 197
920 728 72 197
920 747 72 197
919 764 73 200
918 785 73 201
917 806 71 197
916 820 71 197
917 818 71 197
916 818 71 197
916 819 71 197
916 816 71 197
915 817 71 197
915 815 71 197
915 817 71 197
915 813 71 197
914 814 71 197
915 814 71 197
915 814 71 197
915 812 71 197
914 811 71 197
913 811 71 197
914 809 71 197
913 808 71 197
913 809 71 197
915 806 71 197
914 802 71 197
914 806 71 196
915 802 70 194
914 799 70 195
914 801 70 196
915 798 70 195
914 792 70 196
914 797 70 197
915 790 70 196
914 793 69 195
913 788 69 196
913 791 69 197
914 784 68 194
912 787 70 200
914 780 69 197
912 781 69 197
911 779 69 197
911 781 68 194
910 776 69 196
911 779 68 193
910 773 69 194
910 778 69 195
911 773 68 192
909 773 68 193
909 769 68 193
909 772 68 192
909 766 68 191
909 769 67 189
909 766 66 186
909 768 66 187
909 763 66 187
908 764 65 185
908 762 65 186
908 759 65 186
907 758 65 187
908 756 65 188
908 756 64 185
908 755 65 187
908 755 65 186
908 756 65 186
908 754 66 189
906 750 67 192
904 748 67 192
905 751 67 191
905 746 68 193
903 745 69 196
903 742 69 195
902 741 69 195
902 736 69 196
901 734 69 195
901 712 69 194
902 688 69 194
903 657 69 194
904 626 69 194
905 596 69 194
906 580 68 190
903 577 67 189
903 577 67 188
902 576 66 186
904 578 66 185
904 572 65 183
904 577 66 185
903 570 66 184
904 576 66 184
904 568 65 182
904 574 66 184
905 566 65 181
904 571 65 180
905 567 64 177
906 571 64 176
907 566 63 174
905 566 64 175
906 566 63 173
906 564 63 172
904 562 63 173
905 571 62 171
907 560 62 171
905 567 63 173
907 558 63 172
905 566 65 177
906 558 65 176
903 567 65 177
905 558 65 177
904 566 65 176
905 559 64 174
904 562 65 176
904 557 65 175
902 557 65 174
902 562 65 173
903 553 65 173
898 553 67 177
899 553 66 173
899 559 65 171
901 549 64 170
899 558 65 172
900 547 65 171
898 554 66 174
899 545 65 171
897 551 66 173
897 546 65 171
898 554 64 170
898 549 64 169
897 554 64 170
899 550 63 168
897 551 65 173
898 547 64 171
898 553 65 173
896 545 64 171
896 551 65 174
897 546 64 172
897 552 64 172
896 545 64 172
896 550 66 177
897 545 65 175
896 549 66 177
897 549 65 175
897 555 64 172
897 548 64 171
898 558 63 169
895 551 63 170
896 561 63 169
896 551 62 167
896 559 63 169
896 555 63 168
894 561 63 169
896 554 62 166
894 562 63 168
895 555 63 167
893 563 63 168
894 554 63 167
891 561 64 170
892 551 65 172
890 562 65 172
891 551 65 172
890 562 66 176
891 552 66 176
889 559 67 178
889 552 67 179
887 555 66 176
890 562 65 174
888 555 66 177
890 559 65 174
888 556 66 176
889 556 66 177
888 554 66 178
888 556 66 178
887 555 67 180
885 555 67 181
886 554 67 182
885 550 68 184
885 548 69 188
884 543 70 189
886 551 69 188
883 544 69 188
884 548 69 189
882 544 70 191
882 546 69 189
882 545 69 190
881 545 69 191
881 545 69 191
881 548 69 192
880 545 71 198
881 540 71 198
879 544 71 198
881 536 70 196
882 540 69 194
879 535 70 197
882 534 69 195
881 540 68 192
882 533 69 193
880 533 69 192
881 530 70 194
882 534 69 191
879 534 69 190
881 529 70 192
881 533 69 188
880 536 68 185
881 537 69 187
879 527 68 186
882 534 67 183
879 532 67 182
882 536 66 179
882 526 66 180
881 532 65 176
882 530 64 174
882 531 63 172
882 528 63 172
882 528 63 172
881 526 63 173
881 522 64 176
881 524 63 174
881 519 63 174
881 519 63 173
880 518 63 172
880 512 63 173
880 512 63 173
880 510 63 173
879 506 64 174
879 507 64 175
879 503 64 176
878 504 64 176
879 505 64 176
879 506 63 174
878 503 63 174
879 503 63 174
879 501 62 172
879 499 63 174
878 495 63 173
878 493 63 173
877 495 62 171
879 492 62 172
879 492 62 173
879 490 62 174
879 485 63 176
878 482 63 175
877 485 62 173
879 484 62 174
880 481 62 174
879 480 62 175
880 476 62 176
880 483 61 173
880 476 62 175
880 476 61 173
880 476 61 173
880 472 61 173
880 478 60 171
880 470 61 175
880 473 60 172
881 473 60 172
881 467 61 174
879 470 60 172
881 470 59 170
881 465 60 172
881 470 59 169
881 462 60 172
881 469 59 168
881 462 59 169
881 463 59 169
881 460 59 169
882 463 59 168
881 457 60 171
882 460 59 167
881 455 59 168
882 458 58 164
883 460 58 163
882 455 59 165
882 458 58 163
883 457 58 164
882 454 58 164
883 459 58 163
883 454 58 164
882 452 57 162
883 454 57 161
882 450 57 161
882 451 57 161
883 448 57 162
882 449 57 162
882 446 58 164
882 444 58 165
881 444 58 165
882 443 58 165
881 441 59 167
881 442 59 166
881 444 58 164
882 443 58 163
881 444 58 163
882 446 57 161
882 445 56 158
881 444 56 159
882 442 56 159
882 441 57 162
882 445 56 160
882 439 57 163
882 441 56 160
883 442 56 161
882 438 57 164
882 435 57 163
880 435 57 164
881 434 58 167
882 430 57 165
880 435 57 164
880 428 59 168
879 429 58 165
880 428 59 168
880 429 58 164
880 432 59 167
880 428 57 163
880 434 58 165
880 427 57 161
879 433 58 164
880 430 57 163
879 434 57 164
879 428 57 164
879 437 57 165
879 428 57 166
880 425 57 165
879 434 56 162
880 427 55 160
879 431 56 162
879 426 55 159
879 434 55 159
879 424 55 160
879 428 55 161
878 424 55 161
878 425 54 158
879 422 54 159
879 421 54 158
879 417 54 158
879 415 55 161
879 415 55 160
879 417 55 159
879 414 54 156
879 421 54 157
879 418 53 153
879 421 53 154
879 420 52 152
880 421 52 152
879 421 52 152
879 418 52 151
880 420 52 150
879 423 51 148
880 416 51 148
879 419 51 149
879 418 51 148
879 414 51 149
880 414 51 148
880 415 51 148
880 411 51 148
878 409 52 150
879 409 52 150
878 407 53 153
877 400 53 153
878 401 52 151
879 402 52 150
879 404 52 149
878 400 52 148
877 397 52 148
878 392 52 149
878 394 53 152
876 393 53 151
877 388 53 152
877 395 53 153
877 394 53 152
876 393 53 151
877 391 53 150
877 396 52 148
878 398 51 147
877 397 52 150
877 395 52 151
878 397 52 151
878 401 53 153
877 397 52 150
878 398 52 150
879 399 52 149
879 393 52 150
879 393 53 152
878 395 53 151
878 396 54 153
877 392 53 151
878 393 53 151
877 393 53 150
877 392 53 150
877 393 53 149
877 390 53 148
877 396 53 147
877 390 54 149
878 396 53 147
877 391 52 144
876 389 53 146
876 393 53 145
876 389 53 145
876 389 53 145
876 392 53 144
876 392 53 144
877 389 53 144
876 390 53 143
876 392 53 142
876 390 53 141
876 392 53 140
876 391 53 139
876 391 52 138
876 390 53 141
876 387 53 140
875 392 52 138
876 389 52 139
876 390 52 140
876 384 53 141
875 388 52 139
875 382 54 143
874 386 53 141
873 382 53 141
874 383 53 142
873 386 53 141
874 378 54 143
873 383 53 140
873 387 52 138
874 381 53 141
873 385 52 138
874 383 53 141
872 381 52 138
872 382 52 138
872 382 52 139
872 379 53 142
873 381 52 140
873 378 51 139
873 382 50 137
873 377 51 140
872 380 51 139
872 376 51 140
871 379 50 138
872 377 50 139
873 378 50 140
872 376 50 140
872 375 51 143
872 370 50 142
871 372 50 143
872 372 50 143
872 372 50 144
872 368 50 143
870 369 50 143
871 370 50 144
871 364 51 147
870 363 51 147
870 361 51 148
870 362 51 148
870 365 51 148
870 359 52 149
869 365 52 148
870 363 52 149
869 367 52 149
870 359 52 148
868 367 52 147
869 359 52 148
869 366 52 147
869 366 51 144
868 371 50 142
870 370 50 143
869 368 49 141
870 368 49 142
869 366 50 144
869 365 49 142
870 366 49 141
868 361 50 143
869 361 50 144
869 362 49 143
869 361 49 144
869 361 49 144
869 360 49 144
869 358 49 143
869 360 49 144
869 355 49 144
868 358 49 144
869 359 49 145
869 355 49 144
868 358 49 144
869 359 49 145
869 355 49 144
868 356 49 145
869 360 49 144
869 356 49 143
868 358 49 142
869 363 49 141
869 359 49 140
868 363 49 139
868 365 49 139
869 362 49 139
868 367 48 137
869 366 49 139
869 363 49 138
868 369 49 137
869 363 50 140
868 371 49 137
869 361 51 142
867 363 50 139
868 369 49 136
868 373 50 137
868 363 52 141
867 371 50 137
868 372 50 138
868 368 51 140
867 373 50 138
868 371 50 139
868 371 50 139
868 372 50 140
868 370 50 141
869 372 49 139
868 373 50 141
868 371 50 142
869 376 49 140
869 369 50 144
869 373 49 142
869 377 49 141
869 371 50 145
869 377 49 142
869 373 50 144
869 377 49 143
869 375 50 144
869 380 49 142
869 377 50 145
870 376 49 143
868 376 50 145
869 379 50 145
870 378 50 145
869 380 49 143
869 384 49 143
870 382 50 146
870 381 50 145
870 384 49 143
870 385 50 145
869 382 51 148
870 387 50 146
870 385 51 148
869 389 50 145
870 390 50 146
871 389 50 146
870 387 50 146
871 394 49 144
870 385 51 150
870 389 51 149
871 391 50 147
872 393 49 145
870 389 51 151
872 394 50 148
871 390 50 149
872 393 50 149
872 389 51 151
871 390 51 152
872 393 51 151
872 390 51 152
873 395 51 151
870 389 51 152
873 397 50 150
873 390 51 152
873 395 51 153
873 387 51 153
873 393 51 154
874 389 51 153
873 391 52 155
874 388 51 153
874 390 51 153
873 386 52 156
874 392 51 154
873 384 52 157
875 391 51 154
873 381 52 157
875 391 51 153
873 380 52 157
875 390 51 153
875 378 52 157
876 384 51 154
876 382 50 152
877 386 49 150
877 380 50 152
878 381 50 152
878 378 50 152
878 380 50 153
879 377 50 152
878 377 51 155
879 374 50 153
879 377 50 153
880 375 49 150
880 375 49 151
880 371 49 151
880 373 50 154
881 368 49 151
881 366 50 155
882 364 51 158
880 355 52 161
881 355 52 161
882 358 51 157
881 358 51 156
882 357 51 157
882 355 51 157
882 355 51 156
882 356 51 156
883 355 50 154
883 358 50 154
884 356 49 152
883 353 50 155
884 353 50 154
884 351 50 154
884 351 49 152
884 351 49 152
884 351 48 150
885 351 48 149
885 351 48 148
885 351 48 148
885 351 48 148
885 351 48 149
885 351 48 148
885 351 48 147
885 353 48 146
886 356 47 143
885 356 47 144
886 356 47 145
885 356 46 143
887 359 46 142
887 359 46 141
887 357 46 141
888 361 46 141
887 359 45 138
887 362 45 139
888 359 45 138
888 360 45 139
887 359 45 138
888 362 45 138
887 360 45 137
887 361 45 138
887 360 45 138
887 361 45 139
887 361 45 139
887 359 45 139
887 364 45 139
886 360 45 139
886 365 45 139
885 361 45 140
885 365 45 140
885 367 45 141
885 362 46 144
885 365 47 146
885 363 46 144
885 365 46 144
887 368 45 142
899 350 44 141
906 358 45 141
942 356 45 142
961 357 45 143
969 359 46 143
970 357 47 145
969 354 47 145
969 354 47 144
969 353 48 146
969 352 48 147
969 352 48 148
969 352 48 148
969 352 48 148
969 353 48 148
970 353 48 147
969 353 49 149
969 353 49 149
969 354 49 148
969 357 49 147
970 358 48 144
970 357 48 144
969 357 49 146
967 357 49 147
962 354 48 143
953 358 49 146
946 356 48 143
945 362 48 143
944 362 48 144
944 360 49 147
943 359 49 148
942 355 51 154
943 354 51 154
943 356 51 155
943 355 51 156
942 356 51 156
943 356 50 153
944 362 49 151
945 362 48 149
944 361 49 151
944 360 49 152
944 359 49 153
944 361 49 154
943 360 50 156
944 363 49 153
944 363 49 153
944 364 49 153
944 364 49 152
944 367 49 151
944 366 49 152
945 369 49 152
945 369 49 151
944 368 50 153
945 370 49 151
944 370 50 153
945 372 49 149
944 374 50 152
945 375 49 148
944 378 50 150
944 379 50 149
944 378 50 149
945 379 49 146
945 386 48 144
945 387 48 145
946 385 48 146
945 387 48 145
946 389 48 144
945 390 47 142
945 391 47 142
945 393 47 142
945 395 47 143
946 394 47 142
945 396 47 142
945 398 47 142
946 399 47 142
945 397 47 142
945 400 47 142
946 398 46 140
946 399 46 141
947 399 46 141
945 401 47 145
946 404 46 143
944 404 47 147
945 407 47 147
944 404 48 151
945 408 48 151
945 403 49 153
944 400 50 155
945 401 49 153
945 399 49 154
945 396 49 155
945 396 50 158
946 396 50 158
944 397 51 160
945 396 51 161
944 397 51 161
944 398 51 162
944 398 51 163
944 397 51 164
944 400 51 164
945 398 52 166
944 402 51 162
945 402 51 161
943 403 51 162
944 401 52 164
944 410 51 160
944 409 51 160
944 406 52 164
945 408 51 161
944 408 51 161
945 407 51 162
944 410 51 162
945 408 52 164
944 411 51 160
945 410 51 161
944 409 51 162
944 411 51 163
945 407 52 166
944 410 51 163
944 409 52 165
944 411 51 163
944 410 51 164
944 411 51 164
944 408 51 165
943 422 51 138
941 428 53 144
940 426 55 149
941 424 55 150
941 427 55 149
941 427 54 146
942 427 54 146
942 430 53 144
942 431 53 143
942 430 53 142
941 431 54 144
942 425 55 147
942 428 54 143
942 428 54 143
942 429 54 143
942 427 54 142
942 430 53 139
942 430 53 139
942 430 53 138
942 431 52 136
942 425 53 138
942 425 52 135
941 422 53 138
941 423 54 140
942 423 53 138
941 424 53 137
941 428 53 137
941 424 54 138
941 427 53 136
941 425 53 135
940 422 52 134
941 425 52 135
941 420 51 133
940 420 51 134
939 418 52 136
939 420 52 137
940 419 52 138
940 415 52 137
940 417 51 135
940 412 51 135
939 409 50 133
940 411 50 132
940 407 51 135
940 404 52 139
940 406 52 139
941 407 52 138
941 404 51 136
940 403 51 135
940 397 51 136
939 398 52 137
940 397 53 139
938 396 52 136
939 403 52 136
940 396 52 137
940 394 51 136
939 393 51 136
939 395 51 136
940 393 51 137
939 394 51 138
939 394 52 140
940 395 52 139
940 390 51 136
939 391 51 136
940 389 51 136
940 392 51 135
940 392 51 134
940 394 52 136
940 393 51 134
941 395 51 134
940 392 50 132
941 391 51 135
940 388 50 133
941 388 50 133
942 388 50 133
942 389 50 132
942 388 50 131
942 387 50 131
941 384 50 132
941 385 50 132
941 384 51 134
940 383 51 135
940 382 51 136
940 381 51 137
940 379 52 138
940 381 51 136
940 381 51 136
940 380 51 136
940 382 51 136
940 379 52 137
940 382 52 136
941 380 52 136
940 379 52 136
940 382 52 135
940 381 52 135
939 383 52 135
940 381 52 136
940 383 52 135
940 382 52 134
940 386 51 133
940 383 51 132
940 386 51 132
940 386 51 133
941 382 51 134
941 382 50 133
942 382 51 134
941 383 50 131
942 383 51 133
942 385 50 131
943 384 51 133
942 389 50 130
942 384 51 132
942 387 50 131
942 387 51 133
942 385 50 131
942 386 51 133
942 388 51 133
942 388 50 131
942 388 52 136
942 389 51 133
942 392 50 132
942 393 50 133
942 391 50 133
942 394 50 134
942 393 50 135
943 392 50 135
943 392 50 135
943 391 50 135
943 391 51 136
943 390 50 134
944 389 52 138
944 388 51 135
944 393 51 135
944 391 50 133
945 391 51 135
944 391 50 133
945 391 51 135
945 394 50 133
945 390 49 131
945 391 50 134
946 390 50 134
947 391 49 133
947 390 48 131
948 393 48 132
948 393 48 131
948 393 48 131
948 392 48 132
948 395 48 133
949 394 48 133
949 395 48 132
948 397 48 132
948 394 49 134
948 396 48 132
948 394 49 134
948 395 48 133
948 393 49 136
947 395 49 135
947 391 50 137
947 395 50 136
947 394 50 136
947 397 50 135
947 392 50 135
947 397 49 134
947 396 50 136
947 398 50 136
947 394 51 138
947 399 50 136
947 395 51 139
947 400 50 137
948 394 51 140
947 399 50 137
947 395 51 141
948 399 51 140
948 396 51 139
948 401 50 137
949 393 51 141
949 395 50 139
950 399 50 139
950 403 49 137
950 398 50 140
950 403 50 141
950 399 51 145
949 402 50 143
950 402 51 146
950 404 51 146
949 408 52 148
951 409 52 147
950 404 51 144
950 403 52 146
951 406 52 145
952 409 51 143
952 405 50 141
952 410 51 143
953 405 51 143
952 409 50 141
953 403 50 142
953 405 50 143
954 408 50 142
954 409 51 144
954 406 51 143
954 409 50 141
954 412 50 141
955 409 51 144
955 415 50 141
955 411 50 141
956 415 49 139
956 416 50 141
956 411 50 142
956 415 49 140
956 417 49 140
957 418 49 141
957 413 50 143
957 418 49 141
958 421 49 141
958 415 50 144
958 422 49 142
959 419 49 141
959 423 49 142
960 421 49 141
959 424 50 143
960 419 49 141
960 422 49 140
960 424 49 140
960 423 50 141
961 422 50 140
961 423 50 140
961 422 50 140
962 421 50 140
962 420 51 142
962 423 51 141
962 423 51 141
962 424 51 140
963 426 51 139
963 427 51 140
964 427 51 139
963 426 52 141
964 427 52 141
964 428 52 142
965 430 52 142
965 432 52 142
965 427 53 145
965 432 51 140
967 432 50 138
967 430 50 139
967 428 51 141
966 430 51 142
968 431 50 140
968 430 51 142
967 429 52 143
969 432 51 140
968 431 52 142
968 433 52 143
968 431 52 143
964 431 51 140
952 433 51 141
939 435 50 139
920 442 50 140
909 435 50 140
900 437 49 138
897 434 50 141
895 434 51 144
894 435 51 145
895 437 50 143
896 437 50 144
896 439 50 144
896 439 50 145
897 439 50 145
897 437 51 146
896 435 51 147
895 435 52 149
896 435 52 149
896 435 52 149
897 437 52 150
897 438 52 150
898 440 52 150
899 444 52 151
902 450 51 147
904 446 51 146
909 452 51 145
910 453 51 144
910 453 52 147
911 448 52 148
911 454 52 148
911 448 52 147
911 450 51 144
911 447 51 144
910 449 51 144
911 452 50 142
912 447 50 142
911 448 51 145
911 447 50 143
910 448 51 145
911 450 50 143
912 452 49 141
912 455 49 141
912 451 49 141
912 452 50 142
912 454 50 142
912 453 50 141
911 453 50 142
911 455 50 142
911 453 50 141
910 455 50 142
911 455 49 140
911 458 48 138
911 458 48 137
911 459 48 138
910 457 48 138
911 460 48 138
911 459 48 137
910 461 48 138
910 461 48 138
910 462 48 138
911 460 49 140
908 457 49 140
908 462 48 138
908 457 49 141
908 457 48 138
909 459 48 138
908 459 48 138
908 461 47 136
908 457 48 138
907 459 48 139
908 457 47 137
906 453 49 142
906 455 49 141
905 455 48 139
906 456 48 140
905 458 48 140
906 455 48 139
905 455 49 141
903 455 49 141
904 459 48 139
904 455 49 143
904 449 49 144
902 447 50 147
901 447 50 148
900 446 50 148
899 446 51 150
899 446 50 148
899 445 50 148
898 443 50 149
898 445 49 147
898 444 50 149
898 444 49 146
897 449 49 147
898 445 48 144
897 448 49 147
897 448 48 144
897 451 47 142
897 449 47 143
897 450 46 141
898 451 46 140
896 447 47 144
895 450 46 142
895 444 48 147
896 447 47 145
896 444 47 145
894 443 46 143
894 443 47 145
894 443 47 145
894 442 47 144
893 446 46 142
894 446 47 144
893 441 48 146
893 448 48 146
892 437 49 149
891 446 49 149
891 437 49 149
890 446 49 149
890 439 50 151
890 447 50 150
889 437 51 154
889 446 50 151
889 436 51 154
889 439 50 150
889 432 50 149
889 440 49 146
888 429 49 146
889 434 49 145
888 432 49 144
888 436 48 140
889 430 48 139
889 436 47 136
889 431 47 137
888 433 47 136
888 435 47 135
889 431 47 136
888 430 47 137
888 432 47 138
888 433 48 141
887 421 48 142
886 424 49 144
886 426 48 142
886 430 48 141
885 417 48 140
884 419 49 142
885 422 48 138
884 423 47 136
884 424 47 136
884 422 47 136
884 423 47 136
883 418 46 134
883 421 46 135
884 417 46 135
883 420 45 133
883 420 45 134
883 420 44 132
884 416 44 133
882 420 44 134
882 409 46 139
881 413 45 136
881 419 44 134
881 408 44 135
881 414 43 132
880 410 43 131
881 415 42 128
882 406 43 132
879 405 43 131
880 406 42 128
879 408 42 128
880 404 42 128
879 407 42 128
879 402 42 129
879 406 42 128
878 398 43 132
876 404 42 130
877 397 42 131
878 401 41 129
876 392 42 133
877 395 42 132
876 392 42 131
877 395 41 129
875 387 42 132
876 391 42 131
874 386 42 131
875 386 42 130
875 387 42 131
874 383 41 129
874 382 42 133
875 378 43 137
873 374 44 142
873 369 46 147
872 362 47 151
871 356 47 152
870 352 47 152
869 350 47 153
869 358 48 128
868 366 50 133
867 361 52 138
867 359 52 139
867 358 52 138
868 360 50 134
868 358 50 135
868 357 50 134
867 355 50 134
867 357 50 134
867 355 49 131
867 357 49 132
867 357 48 130
868 359 48 129
868 362 48 129
869 360 48 128
867 363 48 128
868 362 48 128
867 368 47 124
868 364 47 124
868 370 46 122
867 363 47 126
867 370 47 125
867 363 46 122
867 369 47 125
867 361 46 123
867 368 46 124
867 361 46 124
866 365 46 124
866 355 47 126
866 364 46 124
865 354 46 125
864 360 47 128
864 357 46 126
863 356 47 128
862 354 47 127
862 354 46 126
863 356 46 126
862 353 46 126
862 357 46 126
861 352 46 127
861 353 46 126
862 356 45 124
861 351 45 125
861 351 44 122
862 354 43 121
861 352 43 122
861 352 43 121
861 351 43 122
860 350 44 125
861 347 44 124
860 351 46 129
858 343 46 130
858 348 47 131
857 349 46 129
858 348 45 127
858 350 45 126
858 355 45 125
857 347 45 125
857 354 44 123
857 352 44 124
857 357 44 124
856 348 45 126
855 355 45 125
854 345 46 127
854 353 45 123
853 349 45 124
853 349 44 122
854 354 44 123
853 344 45 126
852 351 45 126
851 351 44 124
853 355 43 121
850 349 44 123
851 353 43 121
851 355 43 120
850 355 43 119
849 354 43 118
849 357 43 118
848 351 44 120
848 356 44 119
848 349 44 120
847 352 44 121
846 353 44 120
846 351 44 121
845 354 44 121
845 349 44 122
845 354 44 122
844 352 43 120
843 358 43 119
843 348 45 124
842 354 44 122
841 350 44 122
841 354 44 123
841 347 45 125
839 352 45 125
839 349 45 126
839 350 45 125
838 352 45 124
837 352 45 124
836 349 45 125
836 347 46 127
838 348 45 125
847 352 44 121
878 348 45 124
913 344 45 124
937 344 45 124
941 351 45 124
942 354 45 123
942 351 45 123
942 356 45 123
941 348 46 126
941 354 46 125
941 350 45 123
940 355 46 125
940 347 46 125
939 352 46 126
939 354 45 124
937 353 46 126
938 352 46 125
937 355 46 124
937 350 47 127
935 355 46 124
936 353 46 123
936 354 46 122
935 357 46 122
931 353 48 126
926 356 47 124
918 355 47 124
914 357 48 128
914 354 49 130
914 362 48 127
913 355 49 130
913 361 48 126
914 353 48 126
913 361 47 124
913 350 49 128
912 359 48 124
913 354 48 125
912 362 47 122
912 352 49 127
911 359 47 123
913 360 46 121
912 361 46 122
913 359 45 121
912 362 46 123
913 354 47 125
912 358 46 123
911 359 47 126
911 358 47 126
911 358 47 125
911 359 47 126
911 357 47 126
911 358 47 127
911 358 47 128
911 359 47 127
911 358 47 127
911 359 46 125
912 362 45 123
912 360 45 124
912 361 45 125
912 360 46 127
911 357 47 130
910 355 47 131
911 360 46 128
911 363 46 129
912 361 45 127
911 364 46 129
912 364 45 127
912 363 46 128
911 366 46 128
912 366 46 127
912 365 46 128
913 365 46 127
912 365 46 128
913 365 46 127
912 365 47 129
912 365 47 128
912 365 47 129
913 363 47 130
912 365 47 129
913 363 48 130
913 365 47 129
912 366 47 128
913 366 47 129
913 366 47 128
913 366 47 129
913 365 48 131
914 365 48 130
912 366 49 132
913 367 48 130
913 366 49 132
912 368 48 130
914 368 48 131
914 370 47 129
914 369 47 130
914 370 47 130
914 371 47 130
914 368 48 133
915 367 48 134
915 367 49 136
914 368 49 135
915 367 50 137
915 369 49 134
914 367 50 138
915 364 51 141
915 370 50 138
916 362 50 138
916 373 49 134
917 370 50 138
916 373 51 140
917 371 51 141
915 370 52 145
917 370 51 143
916 371 52 146
918 372 51 144
916 375 51 145
918 372 51 146
917 374 50 144
919 374 49 142
918 370 50 144
920 376 49 142
918 375 49 143
921 376 48 141
921 376 49 143
920 381 48 140
922 376 49 143
920 376 49 142
922 378 49 141
920 377 49 140
923 379 49 140
923 378 48 136
924 385 48 135
925 375 49 137
924 386 48 135
925 377 49 139
925 383 48 135
927 377 48 136
927 386 47 134
925 372 49 139
926 384 49 138
927 376 48 136
927 384 48 136
928 375 49 138
928 382 48 135
929 372 49 137
928 383 49 136
929 374 49 135
929 385 48 133
930 376 49 137
930 381 48 134
931 375 49 136
931 382 48 132
932 376 49 134
932 382 48 131
932 375 48 132
932 384 48 132
933 375 48 133
933 381 49 135
933 372 48 133
933 377 49 136
935 372 48 134
935 376 49 136
934 370 49 135
935 375 50 136
936 369 49 134
936 379 49 135
936 365 51 140
936 377 50 138
938 367 50 138
938 377 50 138
939 366 49 136
938 376 50 138
939 365 49 136
939 374 49 137
940 364 49 137
940 369 50 138
942 359 49 136
941 367 48 134
942 359 49 138
942 365 49 138
943 360 48 135
944 367 48 136
944 361 47 133
945 370 46 131
945 360 47 134
946 368 46 130
946 366 45 127
946 367 46 129
947 365 45 127
947 363 45 128
948 367 45 127
947 362 45 127
949 363 44 125
949 360 45 127
949 355 46 130
950 354 46 131
950 352 46 130
950 355 46 129
950 355 46 129
951 354 46 128
951 354 47 130
950 354 47 129
950 357 47 128
951 359 47 127
952 356 46 125
952 359 46 125
953 355 46 124
953 353 46 123
954 353 46 123
955 351 45 121
955 353 45 122
956 354 45 121
956 351 46 123
956 356 46 123
957 352 46 123
957 355 46 123
958 353 46 122
958 353 46 122
958 352 46 121
958 350 46 122
959 347 46 123
960 343 47 125
960 346 46 123
961 341 47 125
961 344 46 123
962 339 46 122
962 341 47 124
962 339 46 121
963 336 47 124
963 337 46 122
964 337 46 122
965 336 46 121
965 337 45 118
965 340 45 117
965 339 45 117
965 339 45 118
966 338 45 119
966 337 45 120
966 336 46 122
967 335 46 121
966 334 47 123
967 334 46 121
967 332 47 124
968 332 46 121
968 330 47 124
968 331 47 123
969 330 46 122
969 328 47 124
969 327 47 125
970 325 47 125
970 325 47 125
970 323 47 126
971 322 47 126
972 322 47 125
972 323 46 124
972 319 48 128
972 321 47 126
973 318 48 127
973 322 47 124
973 320 48 126
974 320 47 125
974 322 46 123
975 318 48 127
975 321 47 123
975 322 47 123
975 321 47 123
975 321 47 124
976 320 48 126
977 323 47 124
977 324 47 124
977 324 47 123
977 323 47 124
978 321 48 126
978 325 47 123
978 324 47 124
979 324 47 123
978 326 47 123
978 325 47 124
979 324 47 125
979 325 47 124
979 325 47 124
980 325 47 123
980 327 46 121
980 325 47 123
980 327 46 121
980 326 47 124
980 328 46 121
