1355 421 24 42
1354 421 24 42
1353 421 24 42
1352 421 24 42
1351 421 24 42
1349 422 24 42
1348 422 24 42
1347 423 24 42
1346 423 24 42
1344 422 24 42
1343 423 24 42
1342 422 24 42
1340 424 24 42
1339 422 24 42
1338 423 24 42
1336 424 24 42
1335 424 24 42
1334 424 24 42
1333 424 24 42
1332 425 24 42
1330 424 24 42
1329 423 24 42
1328 424 24 42
1327 423 24 42
1326 423 24 42
1325 422 24 42
1324 424 24 42
1323 423 24 42
1322 423 24 42
1321 423 24 42
1320 424 24 42
1319 424 24 42
1318 424 24 42
1317 423 24 42
1316 424 24 42
1315 424 24 42
1315 425 24 42
1314 424 24 42
1313 426 24 42
1311 425 24 42
1311 423 23 41
1310 426 24 41
1308 428 24 41
1305 429 24 41
1305 429 24 41
1303 429 24 41
1306 425 23 40
1305 428 24 41
1303 429 24 41
1300 430 24 41
1303 426 23 40
1301 429 24 41
1298 431 24 41
1301 427 23 40
1298 430 24 41
1296 433 24 41
1297 428 24 41
1295 430 24 42
1294 433 24 42
1292 435 24 42
1295 429 23 41
1294 434 24 42
1293 438 24 42
1291 440 24 42
1291 442 24 42
1290 441 24 42
1289 442 24 42
1289 442 24 42
1289 442 24 42
1289 442 24 42
1289 443 24 42
1289 442 24 42
1289 442 24 42
1289 443 24 42
1290 443 24 42
1285 438 24 42
1284 441 24 43
1285 443 24 43
1285 445 24 43
1286 444 24 43
1281 439 24 43
1282 441 24 44
1282 443 24 44
1282 445 24 44
1283 444 24 44
1283 445 24 44
1282 445 24 44
1281 445 24 44
1280 444 24 44
1278 444 24 44
1276 444 24 44
1274 443 24 44
1273 444 24 44
1271 444 24 44
1270 445 24 44
1268 445 24 44
1267 446 24 44
1266 447 24 44
1265 446 24 44
1264 448 24 44
1262 447 24 44
1261 448 24 44
1260 448 24 44
1259 449 24 44
1257 449 24 44
1256 449 24 44
1256 448 24 44
1255 449 24 44
1255 450 24 44
1254 450 24 44
1252 450 24 44
1252 452 24 44
1251 451 24 44
1250 450 24 44
1249 451 24 44
1250 453 24 44
1249 452 24 44
1248 452 24 44
1248 453 24 44
1246 455 24 44
1245 454 24 44
1243 454 24 44
1242 454 24 44
1241 456 24 44
1241 457 24 44
1240 456 24 44
1238 456 24 44
1239 456 24 44
1238 456 24 44
1237 456 24 44
1235 456 24 44
1234 457 24 44
1233 457 24 44
1232 458 24 44
1232 459 24 44
1231 458 24 44
1230 457 24 44
1229 457 24 44
1227 457 24 44
1227 457 24 44
1225 456 24 44
1223 456 24 44
1222 455 24 44
1221 454 24 44
1220 454 24 44
1218 454 24 44
1217 454 24 44
1215 453 24 44
1215 452 24 44
1214 452 24 44
1212 453 24 44
1211 452 24 44
1210 452 24 44
1209 450 24 44
1210 455 23 43
1208 452 24 43
1209 458 24 43
1208 452 24 43
1208 457 23 42
1208 457 23 42
1223 475 23 42
1236 481 23 42
1235 485 24 42
1233 483 24 42
1233 484 24 42
1232 484 24 42
1231 483 24 42
1232 482 23 41
1231 475 24 42
1228 479 24 43
1227 481 24 43
1227 483 24 43
1227 482 24 43
1227 476 24 43
1227 474 24 43
1229 480 23 42
1227 481 24 43
1226 483 24 43
1225 484 24 43
1225 485 24 43
1225 486 24 43
1225 487 24 43
1225 485 24 43
1226 485 24 43
1226 486 24 43
1226 486 24 43
1226 485 24 43
1227 485 24 43
1227 485 24 43
1227 485 24 43
1228 485 24 43
1228 486 24 43
1229 485 24 43
1229 485 24 43
1230 485 24 43
1230 485 24 43
1231 484 24 43
1232 484 24 43
1232 483 24 43
1233 483 24 43
1237 483 24 43
1235 486 24 43
1235 483 24 43
1236 483 24 43
1236 484 24 43
1240 483 24 43
1240 485 24 44
1240 485 24 44
1240 484 24 44
1243 481 24 44
1244 484 24 44
1244 484 24 44
1244 483 24 44
1246 482 24 44
1247 483 24 44
1247 483 24 44
1247 483 24 44
1247 483 24 44
1252 483 23 43
1248 482 24 44
1253 483 23 43
1255 482 24 44
1251 482 24 44
1257 484 24 44
1260 486 24 44
1261 488 24 44
1263 491 24 44
1264 492 24 44
1265 494 24 44
1267 495 24 44
1268 495 24 44
1270 497 24 44
1272 497 24 44
1273 498 24 44
1274 498 24 44
1276 501 24 44
1277 500 24 44
1279 501 24 44
1280 501 24 44
1281 503 24 44
1282 503 24 44
1283 505 24 44
1283 507 24 44
1284 507 24 44
1286 507 24 44
1287 510 24 44
1287 505 23 43
1288 511 24 44
1289 514 24 44
1290 517 24 44
1291 519 24 44
1291 518 24 44
1292 519 24 44
1292 519 24 44
1292 520 24 44
1293 521 24 44
1293 522 24 44
1293 522 24 44
1293 523 24 44
1294 525 24 44
1295 526 24 44
1295 529 24 44
1295 529 24 44
1295 529 24 44
1286 520 23 43
1286 519 24 44
1286 524 24 44
1286 521 24 44
1285 517 24 44
1289 531 24 44
1291 533 24 44
1293 535 24 44
1294 539 24 44
1293 544 24 44
1291 546 24 44
1291 549 24 44
1290 548 24 44
1289 550 24 44
1288 551 24 44
1286 551 24 44
1285 554 24 44
1284 555 24 44
1282 554 24 44
1280 554 24 44
1278 556 24 44
1276 558 24 44
1274 559 24 44
1274 559 24 44
1272 561 24 44
1266 554 24 44
1266 559 24 44
1264 562 24 44
1262 565 24 44
1260 567 24 44
1254 556 23 43
1252 560 24 44
1249 562 24 44
1246 563 24 44
1243 564 24 44
1240 565 24 44
1237 567 24 44
1234 568 24 44
1232 570 24 44
1229 571 24 44
1226 571 24 44
1223 573 24 44
1220 574 24 44
1217 575 24 44
1214 576 24 44
1212 579 24 44
1210 581 24 44
1207 581 24 44
1204 583 24 44
1201 584 24 44
1198 584 24 44
1195 585 24 44
1192 587 24 44
1190 589 24 44
1188 590 24 44
1185 592 24 44
1179 587 24 44
1177 589 25 45
