1344 1167 149 202
1343 1167 148 201
1341 1160 147 199
1340 1153 141 191
1332 1144 144 196
1331 1136 141 191
1326 1131 140 190
1322 1123 139 188
1314 1115 140 190
1312 1105 137 186
1309 1104 135 184
1301 1094 136 186
1298 1085 137 188
1294 1080 133 182
1291 1073 133 182
1287 1065 130 178
1285 1061 130 178
1279 1053 127 174
1275 1044 130 178
1271 1035 128 175
1268 1028 130 178
1263 1022 126 173
1259 1013 130 178
1254 1007 129 176
1250 1002 128 175
1248 995 126 173
1245 991 125 171
1242 985 124 169
1239 979 123 167
1236 974 122 166
1232 969 122 166
1229 964 122 166
1226 961 120 163
1223 955 118 160
1219 952 119 161
1216 946 116 157
1214 943 115 156
1209 937 114 155
1207 934 114 155
1204 930 114 155
1202 926 113 153
1198 922 110 149
1196 919 111 150
1194 916 108 146
1190 911 110 149
1187 911 108 147
1184 905 109 148
1179 904 109 148
1178 902 108 146
1177 904 104 140
1175 904 102 137
1172 901 102 136
1169 900 101 134
1165 899 101 134
1161 896 103 137
1159 894 101 134
1155 891 103 137
1152 889 102 135
1150 886 102 135
1148 885 100 133
1145 882 99 132
1141 881 100 133
1138 879 99 132
1135 876 99 132
1131 873 100 133
1127 870 101 134
1123 869 100 133
1119 867 100 133
1117 865 101 134
1114 865 99 131
1111 865 98 130
1108 862 101 134
1105 865 97 129
1103 865 97 129
1101 864 96 127
1097 863 98 129
1095 865 95 125
1092 864 95 125
1090 864 95 125
1087 865 93 123
1083 861 95 125
1082 862 92 121
1079 860 92 121
1078 860 90 118
1074 857 91 119
1069 853 94 123
1065 854 97 127
1060 851 99 129
1056 847 101 132
1050 843 102 133
1048 844 102 133
1046 844 101 132
1046 845 98 128
1043 844 98 129
1039 842 99 130
1037 843 98 128
1035 844 96 126
1033 844 96 126
1030 842 96 126
1026 841 96 127
1024 838 96 127
1021 836 96 127
1018 833 97 129
1017 832 96 128
1015 831 96 128
1013 829 95 127
1010 828 96 128
1009 827 94 126
1007 827 93 125
1006 825 93 124
1002 823 96 127
1000 822 95 126
997 821 95 126
994 818 96 128
993 817 96 128
992 816 94 125
989 812 94 125
987 810 95 127
986 811 94 126
984 808 95 127
983 807 95 126
983 807 94 124
986 804 92 121
987 803 92 121
987 798 92 121
989 796 93 122
991 796 92 121
993 790 94 123
995 788 93 122
998 788 92 121
1001 787 92 121
1004 789 89 118
1005 788 89 119
1007 786 90 120
1007 783 91 122
1009 782 92 123
1010 781 91 122
1010 778 90 121
1014 775 88 119
1014 776 85 115
1014 773 86 116
1015 771 85 115
1016 770 83 113
1018 767 82 111
1019 767 80 108
1019 764 80 108
1019 762 80 108
1021 761 78 106
1022 759 78 106
1023 758 78 106
1024 756 78 106
1025 753 79 107
1026 750 79 107
1028 748 78 106
1031 743 78 106
1032 743 77 105
1034 741 77 105
1035 739 77 105
1037 738 75 103
1039 733 76 104
1040 734 74 101
1042 730 74 101
1042 728 75 103
1043 724 76 105
1045 720 76 105
1044 716 75 104
1046 716 75 104
1045 712 75 104
1046 709 75 104
1046 707 75 104
1046 704 75 105
1047 699 76 106
1046 696 77 107
1047 694 76 105
1048 691 76 106
1048 689 76 106
1047 686 75 105
1049 683 75 105
1048 683 74 104
1049 680 73 102
1048 680 74 103
1048 677 73 102
1047 672 73 103
1047 669 72 102
1047 667 71 101
1046 663 71 102
1047 662 70 100
1046 658 71 101
1047 656 70 100
1046 654 71 101
1046 651 69 99
1045 650 68 98
1044 647 68 98
1043 644 68 98
1042 640 68 98
1041 640 68 98
1041 636 67 97
1040 635 67 97
1039 632 66 96
1038 630 66 96
1037 628 67 97
1035 623 68 98
1035 623 67 97
1032 618 70 101
1031 617 70 100
1031 615 70 100
1030 613 69 99
1029 611 68 98
1028 609 68 98
1027 607 68 97
1026 603 67 96
1026 605 65 92
1026 604 64 90
1025 601 64 89
1024 601 64 89
1023 598 64 89
1022 598 64 89
1021 596 64 89
1021 595 63 88
1020 595 61 86
1019 595 60 85
1017 593 62 88
1017 591 61 86
1016 591 61 85
1015 589 61 85
1014 588 61 85
1013 587 60 84
1012 586 60 84
1011 585 60 84
1010 584 60 83
1009 583 59 82
1008 581 59 82
1007 580 60 83
1006 578 60 83
1006 577 59 82
1004 577 60 83
1004 576 59 82
1003 575 59 82
1002 573 59 82
1001 572 59 82
1000 570 59 82
999 570 59 83
998 568 59 83
998 569 58 81
998 568 57 80
998 568 57 79
996 565 58 80
996 566 57 78
995 566 57 78
994 564 58 79
994 563 57 78
993 563 57 78
993 562 57 77
994 560 57 77
994 559 57 77
994 558 57 77
994 556 57 77
995 555 56 76
995 554 56 76
996 552 57 77
996 552 56 76
997 550 56 76
998 551 56 76
999 549 57 77
1001 548 56 76
1003 548 56 76
1006 546 56 77
1008 545 56 76
1010 545 56 75
1013 544 56 74
1014 544 55 73
1017 543 55 73
1019 542 55 73
1021 541 55 72
1023 542 54 70
1025 540 55 71
1026 540 55 71
1029 538 55 71
1031 537 55 71
1033 536 55 71
1036 534 55 71
1039 534 54 70
1040 534 54 70
1041 534 53 69
1041 534 52 67
1041 533 51 66
1039 532 52 67
1039 532 52 66
1038 531 52 66
1038 530 52 66
1037 529 52 66
1036 528 53 67
1036 527 53 67
1035 526 53 67
1035 525 53 67
1034 524 53 67
1035 524 52 66
1035 523 53 67
1034 523 53 67
1033 521 54 68
1034 521 55 69
1035 518 56 70
1036 517 56 70
1038 516 55 69
1040 515 55 69
1043 515 54 68
1045 514 54 68
1047 512 55 69
1050 512 54 68
1052 511 54 68
1055 511 53 67
1057 510 53 67
1058 508 54 68
1060 507 54 68
1063 506 54 68
1065 507 54 67
1067 506 54 68
1070 506 53 67
1072 505 52 66
1073 505 51 65
1075 503 51 65
1075 503 52 66
1077 501 52 66
1078 502 51 65
1078 501 52 66
1080 499 52 66
1080 500 51 65
1079 497 52 67
1081 495 51 66
1080 495 50 64
1080 495 49 63
1080 494 48 62
1079 492 48 62
1079 491 47 61
1079 489 46 60
1079 490 45 59
1078 488 46 60
1078 487 46 60
1077 486 46 60
1078 484 47 61
1078 485 46 60
1077 482 47 61
1076 482 47 61
1076 479 48 63
1077 477 49 64
1077 478 49 64
1077 475 50 65
1079 475 51 66
1081 475 51 66
1083 473 52 68
1085 472 53 69
1087 471 53 69
1088 469 54 70
1091 468 53 69
1093 468 52 68
1094 466 52 68
1096 465 52 67
1098 464 51 66
1100 464 50 65
1101 464 49 63
1102 463 48 61
1103 463 47 59
1102 462 46 57
1103 461 46 57
1103 460 47 58
1103 460 46 57
1103 457 48 59
1103 457 48 58
1103 456 48 58
1104 456 47 57
1102 454 47 57
1102 452 48 58
1103 452 47 57
1102 452 47 57
1101 451 47 57
1101 448 48 58
1102 448 48 58
1102 448 48 57
1101 448 49 58
1101 446 50 59
1101 444 50 59
1101 443 49 58
1101 442 48 56
1101 441 47 55
1100 439 46 54
1100 438 46 54
1100 438 46 54
1099 436 46 54
1099 435 45 53
1098 434 45 53
1097 432 46 55
1098 431 46 55
1098 430 46 55
1098 430 46 54
1098 430 46 54
1098 429 46 54
1098 428 46 54
1097 429 46 54
1096 425 47 56
1097 424 46 55
1096 423 46 55
1096 421 47 56
1095 421 46 55
1095 419 47 56
1094 419 47 56
1094 417 48 57
1094 416 48 56
1094 416 47 55
1093 414 47 55
1093 413 47 55
1092 412 46 54
1093 412 46 54
1093 410 46 54
1093 411 45 53
1091 409 45 53
1091 407 46 54
1091 407 46 54
1092 406 45 53
1091 406 44 52
1090 404 45 53
1089 403 46 54
1089 403 46 54
1089 402 47 55
1089 401 46 54
1089 401 47 55
1087 400 47 55
1087 398 48 56
1087 397 48 56
1088 397 47 55
1087 396 46 54
1087 395 46 54
1088 394 46 54
1086 393 46 54
1086 393 46 54
1086 392 46 54
1087 392 45 53
1085 390 45 53
1085 390 45 52
1085 390 44 51
1086 389 44 51
1085 388 44 51
1085 386 44 51
1085 385 44 51
1084 385 45 52
1084 385 45 51
1083 384 45 51
1084 383 45 51
1083 383 45 51
1083 382 46 52
1083 382 46 52
1084 381 46 51
1087 380 37 50
1086 378 37 50
1086 378 37 50
1086 377 37 50
1087 373 36 49
1086 374 37 49
1084 373 39 51
1083 371 40 52
1083 372 40 52
1083 371 41 53
1083 370 41 53
1083 370 40 52
1083 369 41 53
1082 367 40 52
1083 368 39 51
1082 366 40 52
1083 366 39 51
1082 366 39 51
1082 365 39 52
1083 365 38 51
1083 364 39 52
1083 363 39 51
1082 362 39 51
1082 361 39 51
1082 361 39 51
1082 359 39 51
1082 359 39 52
1081 358 38 51
1081 357 39 53
1081 356 39 53
1081 355 39 53
1082 355 38 52
1082 355 37 51
1082 354 38 52
1082 353 38 52
1082 352 38 52
1082 352 38 51
1081 350 38 51
1081 351 37 50
1081 351 37 50
1081 350 37 50
1082 350 36 49
1082 348 37 50
1082 348 36 49
1082 347 36 50
1083 346 35 49
1082 346 35 48
1082 345 35 48
1083 344 35 48
1083 345 34 47
1083 343 34 47
1083 343 34 47
1083 342 34 47
1083 341 35 48
1083 341 34 47
1083 339 35 48
1083 340 34 47
1083 339 34 47
1083 338 34 47
1083 338 34 46
1083 337 34 46
1083 336 34 46
1083 335 34 46
1083 334 34 47
1083 333 33 46
1082 332 34 47
1083 331 33 46
1082 331 33 46
1081 330 34 48
1082 329 34 48
1082 329 34 47
1081 328 34 47
1081 326 35 48
1081 326 34 47
1080 324 35 48
1080 325 34 47
1080 323 34 47
1080 322 35 48
1080 322 35 47
1079 322 36 48
1081 323 34 46
1080 321 35 47
1080 321 34 46
1079 319 35 48
1079 319 34 47
1080 318 34 47
1080 318 33 46
1079 317 34 47
1079 315 35 48
1079 315 34 47
1079 314 34 47
1079 313 34 47
1079 313 34 47
1079 312 34 47
1079 312 33 46
1079 312 33 46
1079 312 33 46
1078 311 33 46
1078 310 33 46
1078 309 34 47
1078 308 33 46
1078 308 33 46
1078 307 33 46
1078 307 33 46
1078 307 33 45
1077 307 33 46
1077 306 33 47
1078 304 33 47
1077 304 33 47
1076 303 33 48
1076 303 33 48
1076 301 33 49
1077 301 33 49
1077 301 33 49
1076 299 33 49
1075 299 33 50
1076 298 33 49
1076 298 33 49
1078 297 32 48
1079 296 33 49
1080 296 33 48
1080 296 33 48
1081 295 33 48
1082 294 33 48
1083 294 33 48
1084 294 33 47
1085 294 33 47
1085 293 33 47
1085 292 33 48
1085 292 33 48
1085 291 34 50
1086 289 35 51
1087 289 34 50
1088 289 34 50
1089 289 34 50
1091 290 33 49
1092 289 33 49
1093 289 33 49
1094 289 33 48
1095 290 33 48
1096 289 33 48
1097 289 33 48
1099 289 33 47
1101 290 32 46
1102 290 33 47
1103 290 33 47
1104 289 33 48
1107 288 33 48
1108 289 33 48
1110 289 33 48
1111 289 33 48
1113 289 32 47
1114 289 32 47
1114 289 32 46
1113 289 32 47
1114 289 31 46
1114 289 31 46
1114 290 31 45
1114 290 31 45
1114 290 31 45
1114 290 31 45
1113 290 31 45
1113 290 31 45
1113 289 31 46
1113 289 31 46
1113 289 31 46
1113 289 31 46
1113 289 31 46
1114 289 30 45
1114 288 30 46
1114 288 31 47
1114 288 31 47
1114 288 31 47
1114 288 31 47
1114 288 31 47
1114 288 31 46
1113 288 31 46
1112 288 31 47
1113 289 30 46
1113 290 31 47
1113 290 31 47
1113 290 31 47
1113 291 30 46
1113 292 30 46
1114 293 29 45
1113 293 29 45
1113 294 29 45
1113 295 29 46
1113 295 29 46
1113 296 29 46
1112 296 29 45
1111 296 30 47
1112 297 30 46
1112 297 30 46
1112 297 30 46
1112 297 30 46
1111 297 30 47
1111 297 31 48
1111 298 30 47
1111 298 30 47
1111 299 30 47
1111 299 31 49
1111 299 31 48
1111 300 31 48
1111 301 30 47
1111 301 31 48
1111 302 31 48
1112 303 31 48
1113 304 30 47
1115 304 30 48
1117 305 30 48
1118 305 30 49
1119 308 30 41
1120 310 30 41
1121 311 30 41
1121 311 30 41
1121 311 30 41
1122 311 30 41
1122 312 30 41
1122 312 30 41
1122 312 30 41
1122 312 30 41
1122 312 30 41
1122 313 30 41
1122 312 31 43
1122 312 31 42
1122 312 31 42
1121 312 32 43
1122 312 32 43
1122 312 31 42
1122 312 31 42
1122 313 31 42
1122 313 32 43
1122 313 32 43
1123 314 31 42
1122 314 31 42
1122 315 31 42
1122 315 30 41
1123 315 31 42
1123 316 30 41
1125 316 29 39
1125 316 30 40
1126 316 30 40
1127 316 31 41
1127 316 31 41
1127 316 32 42
1128 317 32 42
1129 318 31 41
1128 318 31 42
1129 320 30 41
1128 320 31 43
1129 320 31 43
1128 320 31 43
1129 321 32 44
1129 321 32 43
1129 322 31 42
1129 323 30 41
1129 323 30 42
1129 323 30 42
1129 323 30 43
1129 323 30 43
1129 323 30 43
1129 323 30 42
1129 324 30 42
1129 324 31 43
1129 325 30 42
1129 325 31 43
1129 325 30 42
1129 324 31 44
1129 324 30 43
1129 324 30 43
1129 324 30 43
1129 324 30 43
1130 324 30 43
1130 324 30 43
1130 324 30 42
1130 325 30 42
1130 325 30 42
1130 326 30 42
1130 326 30 42
1131 328 30 42
1131 329 29 41
1131 329 29 41
1131 330 29 40
1131 331 29 40
1131 331 29 40
1132 332 28 39
1132 332 29 40
1132 331 28 39
1132 331 29 40
1132 332 28 39
1133 331 28 40
1133 332 28 40
1133 332 27 39
1133 331 27 40
1133 331 27 41
1133 330 27 41
1133 330 27 41
1133 330 27 40
1133 331 27 40
1134 331 27 40
1134 331 27 40
1134 331 27 40
1134 331 27 40
1135 331 27 40
1135 331 27 40
1134 331 27 41
1135 330 27 41
1135 329 28 42
1135 329 28 42
1135 329 29 43
1135 329 28 42
1135 329 29 44
1135 329 29 44
1135 329 29 44
1136 330 29 43
1136 330 29 43
1136 329 30 44
1137 329 29 43
1137 329 29 43
1137 329 29 43
1137 330 29 42
1138 330 29 42
1138 330 29 42
1138 330 29 42
1139 330 29 41
1139 330 29 41
1139 329 29 41
1140 329 28 40
1140 329 28 40
1141 329 28 40
1141 329 28 41
1141 328 28 41
1142 327 28 40
1142 327 28 40
1142 327 28 39
1143 327 27 38
1142 326 28 40
1143 326 28 39
1143 326 28 39
1143 325 28 40
1144 325 28 40
1144 325 28 40
1145 324 28 39
1145 323 28 39
1145 323 28 38
1145 323 29 39
1145 322 29 39
1145 322 28 38
1145 322 28 38
1145 321 29 39
1145 321 29 39
1146 320 28 38
1147 320 28 38
1147 319 28 38
1147 319 28 38
1148 318 28 38
1148 317 28 38
1149 317 27 37
1149 316 27 36
1149 316 27 36
1149 316 27 36
1149 316 27 36
1149 316 27 36
1150 316 26 35
1151 315 26 36
1150 313 26 37
1150 312 27 38
1151 311 27 38
1151 311 27 38
1151 310 27 38
1151 309 27 39
1151 308 27 39
1151 307 27 38
1150 307 28 39
1151 306 27 38
1151 306 27 39
1152 305 27 38
1152 305 27 38
1152 305 27 38
1152 304 27 38
1152 304 27 37
1152 303 27 37
1152 302 27 37
1152 302 26 36
1153 302 27 37
1152 301 26 36
1153 300 27 37
1153 299 27 37
1153 298 27 37
1153 298 27 37
1153 297 27 36
1153 297 28 37
1153 297 28 36
1153 297 28 36
1153 297 28 36
1153 297 28 36
1153 296 28 36
1153 296 28 35
1153 296 28 35
1153 295 28 36
1153 295 28 36
1153 295 28 36
1153 295 28 36
1153 295 28 36
1153 295 28 36
1153 295 28 36
1153 294 28 36
1153 294 28 36
1153 295 27 35
1152 294 28 36
1153 294 28 36
1153 295 27 35
1152 294 28 36
1153 294 28 36
1153 294 27 35
1153 294 27 35
1153 294 27 35
1152 294 27 35
1152 294 27 35
1152 294 27 35
1152 294 27 35
1152 294 27 35
1153 295 27 34
1153 295 27 34
1153 295 27 34
1153 295 27 34
1153 295 27 34
1153 295 26 33
1153 295 26 33
1153 295 26 33
1153 295 26 33
1153 295 26 33
1153 295 26 33
1153 295 26 33
1153 294 26 33
1153 294 26 33
1153 294 26 33
1153 294 26 33
1153 293 26 33
1153 293 26 33
1153 293 26 33
1153 293 26 33
1153 293 26 33
1153 293 26 33
1153 293 26 33
1153 292 26 33
1152 292 26 34
1152 292 26 34
1153 291 26 34
1153 290 26 34
1153 290 25 33
1152 290 26 34
1152 290 26 33
1152 290 26 33
1152 289 26 33
1152 289 25 32
1152 289 25 32
1152 289 25 32
1152 289 25 32
1152 288 25 32
1152 288 25 32
1152 287 25 32
1152 287 25 32
1152 287 25 32
1152 287 25 32
1152 286 26 33
1152 285 26 32
1152 286 26 32
1152 285 26 33
1152 283 26 33
1152 283 26 33
1152 283 25 32
1151 283 26 33
1151 283 26 32
1151 283 27 33
1151 282 26 32
1151 282 26 33
1151 281 26 32
1151 281 26 32
1151 281 26 32
1151 281 26 32
1151 280 26 32
1151 280 26 32
1151 280 26 32
1151 280 26 32
1151 279 25 31
1150 278 25 31
1151 278 25 31
1151 278 25 31
1151 278 25 31
1150 277 25 31
1150 277 26 32
1150 277 26 32
1150 277 26 32
1150 276 26 32
1150 275 26 32
1150 275 26 32
1150 275 26 32
1150 275 26 32
1150 274 26 32
1150 274 26 32
1150 274 25 31
1150 274 25 31
1149 273 25 31
1149 273 25 31
1149 272 25 31
1149 272 25 31
1149 272 25 31
1149 272 25 31
1149 271 25 31
1149 271 25 31
1149 271 24 30
1149 272 24 30
1149 271 24 30
1149 271 24 31
1149 270 24 31
1149 270 24 31
1149 271 24 31
1149 271 24 31
1149 272 24 30
1149 273 24 30
1149 273 24 30
1149 273 24 30
1149 274 24 30
1149 274 24 30
1149 274 24 30
1149 274 24 30
1150 273 24 30
1149 273 25 31
1149 272 25 31
1149 271 25 31
1149 271 25 31
1149 271 25 31
1149 271 25 31
1149 272 25 31
1149 271 25 31
1150 272 24 30
1150 272 24 30
1150 272 24 30
1150 272 24 30
1150 271 24 30
1150 272 24 30
1150 271 24 30
1151 272 24 30
1151 271 24 30
1151 270 24 30
1151 269 24 29
1151 269 24 29
1151 268 24 28
1151 269 24 28
1150 267 24 28
1151 267 24 27
1153 265 20 27
1153 264 21 28
1152 262 21 28
1152 262 22 29
1152 260 22 29
1153 259 22 29
1153 258 21 28
1153 257 22 29
1153 256 22 29
1153 255 22 29
1153 254 22 29
1153 253 22 29
1153 252 22 29
1153 252 22 29
1153 251 22 29
1153 250 22 29
1153 249 22 29
1153 247 22 29
1153 247 22 29
1153 246 22 29
1153 245 22 29
1153 244 22 29
1153 243 22 29
1153 243 22 28
1153 243 22 28
1153 242 22 28
1153 241 22 28
1153 241 22 28
1153 239 22 28
1153 238 22 28
1153 237 22 28
1153 236 22 28
1153 236 22 28
1153 234 22 28
1153 234 22 29
1153 231 23 30
1153 231 23 30
1153 230 23 29
1153 229 22 28
1153 228 22 28
1153 228 22 28
1153 227 22 28
1154 227 22 28
1154 226 22 28
1154 225 22 28
1154 225 22 27
1154 224 22 27
1153 223 22 27
1154 224 22 27
1154 223 22 27
1154 223 22 27
1154 224 22 27
1154 223 22 27
1153 224 22 27
1153 224 23 28
1152 223 22 27
1153 224 22 27
1153 223 22 27
1153 224 22 27
1153 224 22 27
1153 224 22 27
1153 225 22 27
1153 226 22 27
1153 225 22 27
1153 226 22 27
1153 226 22 27
1153 227 22 27
1152 226 22 27
1151 227 22 27
1151 227 22 27
1151 228 22 27
1151 228 22 27
1151 228 22 27
1151 229 22 27
1151 229 22 27
1150 229 22 28
1151 229 22 28
1151 229 22 28
1151 229 22 28
1151 229 22 27
1151 229 22 26
1150 231 22 26
1150 231 22 26
1150 231 22 26
1150 231 22 26
1149 231 22 26
1149 231 22 26
1149 230 22 26
1149 230 22 26
1149 230 22 26
1149 230 22 26
1148 229 22 26
1148 230 22 26
1148 230 22 25
1148 230 22 25
1147 229 22 25
1147 229 22 25
1147 229 22 25
1147 230 22 25
1146 230 22 25
1146 229 22 25
1146 229 22 25
1146 229 22 25
1145 229 22 26
1145 228 22 26
1145 228 22 26
1144 228 22 26
1144 228 22 26
1144 227 22 27
1144 225 22 27
1144 224 22 27
1143 224 22 27
1143 224 22 27
1143 223 22 27
1143 223 22 27
1143 222 22 27
1143 223 22 27
1143 222 22 28
1143 222 22 28
1143 222 22 28
1143 222 22 28
1142 222 22 28
1142 222 22 28
1142 222 22 28
1142 221 22 28
1142 221 22 28
1142 221 22 28
1141 221 21 27
1141 221 21 27
1141 220 21 27
1141 220 21 27
1141 219 21 27
1141 218 21 27
1140 218 21 27
1140 219 21 27
1140 218 21 26
1140 218 21 26
1140 219 21 26
1139 218 21 26
1139 218 21 26
1139 218 21 26
1139 218 21 25
1139 217 21 25
1139 217 21 25
1139 216 20 24
1140 217 20 24
1139 216 20 24
1139 216 20 24
1139 216 20 24
1139 216 20 24
1139 216 20 24
1139 215 20 24
1139 214 20 24
1139 214 20 24
1139 213 20 24
1139 213 20 25
1139 212 20 25
1139 211 20 25
1139 211 20 25
1139 210 20 25
1139 211 20 25
1138 210 20 25
1138 209 20 25
1138 209 20 25
1138 209 20 25
1138 209 20 24
1138 210 20 24
1138 209 20 24
1138 208 20 24
1138 208 20 24
1138 207 20 24
1138 207 20 23
1137 207 20 23
1138 207 20 23
1138 206 19 22
1137 205 19 23
1137 205 19 24
1137 206 19 24
1137 206 19 24
1137 205 19 24
1137 205 19 24
1137 204 19 24
1137 204 19 24
1137 204 19 24
1137 203 19 24
1137 202 19 24
1137 203 19 24
1137 202 19 24
1137 201 19 24
1138 201 19 24
1138 200 19 24
1138 200 19 23
1138 199 19 23
1137 199 18 22
1137 200 18 22
1138 199 18 22
1138 200 18 22
1138 199 18 22
1138 199 18 22
1138 198 18 22
1138 198 18 22
1138 198 18 22
1138 197 18 22
1138 197 18 22
1138 197 18 22
1138 196 18 22
1138 196 18 22
1138 195 18 22
1138 195 19 23
1137 194 19 23
1137 193 19 24
1137 193 19 24
1137 193 19 24
1137 192 19 24
1137 192 20 25
1137 191 20 25
1137 191 20 25
1137 191 20 25
1137 191 20 25
1137 190 20 25
1137 189 20 25
1137 189 20 25
1137 189 20 25
1137 189 20 24
1137 189 20 24
1137 189 20 24
1137 189 20 24
1137 188 20 24
1137 188 20 24
1137 187 20 24
1137 187 20 24
1137 186 20 23
1137 187 20 23
1137 186 20 22
1138 188 16 22
1139 187 16 23
1139 186 16 23
1139 185 16 23
1139 186 16 24
1139 185 16 24
1138 184 16 24
1138 184 17 25
1138 183 17 25
1138 183 17 25
1137 182 17 25
1137 182 17 26
1138 182 17 26
1138 182 17 25
1138 182 17 24
1138 183 17 24
1138 182 17 24
1138 182 17 24
1194 3 148 201
1198 19 149 202
1207 31 149 202
1216 35 149 202
1227 44 149 202
1236 38 149 202
1249 36 149 202
1257 23 149 202
1265 19 149 202
1264 11 149 202
1258 7 149 202
1267 9 149 202
1262 10 149 202
1263 12 149 202
1257 13 149 202
1256 15 149 202
1256 17 149 202
1259 16 149 202
1261 14 149 202
1262 14 149 202
1262 14 149 202
1263 14 149 202
1264 15 149 202
1263 14 149 202
1263 14 149 202
1263 12 149 202
1266 10 149 202
1178 -4 150 203
1174 12 150 204
1174 32 150 204
1182 -1 152 206
1184 12 152 207
1188 29 152 207
1185 28 152 207
1179 35 152 207
1174 -5 153 209
1171 10 154 209
1172 31 154 209
1180 -10 152 207
1175 9 153 207
1181 27 153 207
1179 43 153 207
1182 -2 150 203
1182 11 150 204
1188 27 150 204
1182 28 150 204
1178 42 150 204
1180 -3 148 202
1180 13 149 202
1183 29 149 202
1181 40 149 202
1176 41 149 202
1182 -4 148 201
1184 10 148 202
1190 26 148 202
1185 28 148 202
1182 36 148 202
1178 38 148 202
1181 -3 150 205
1180 13 151 205
1186 29 151 205
1182 31 151 205
1179 39 151 205
1181 -6 149 202
1183 11 149 203
1189 26 149 203
1184 30 149 203
1180 35 149 203
1175 39 149 203
1184 -4 150 203
1185 9 150 204
1189 24 150 204
1184 25 150 204
1181 36 150 204
1176 37 150 204
1186 -6 150 204
1188 7 150 204
1190 20 150 204
1187 29 150 204
1183 34 150 204
1179 38 150 204
1182 -3 152 206
1180 14 152 207
1182 30 152 207
1178 38 152 207
1181 -3 153 208
1178 13 153 208
1181 29 153 208
1177 40 153 208
1188 -1 150 204
1187 11 151 205
1194 25 151 205
1192 29 151 205
1192 27 151 205
1190 29 151 205
1189 28 151 205
1185 28 151 205
1183 37 151 205
1180 38 151 205
1186 -3 152 206
1188 10 153 207
1196 23 153 207
1198 32 153 207
1195 33 153 207
1196 34 153 207
1194 37 153 207
1194 42 153 207
1197 42 153 207
1195 39 153 207
1196 40 153 207
1197 39 153 207
1197 38 153 207
1194 37 153 207
1193 41 153 207
1197 44 153 207
1193 39 153 207
1194 42 153 207
1198 42 153 207
1195 40 153 207
1195 42 153 207
1197 41 153 207
1196 40 153 207
1196 41 153 207
1196 40 153 207
1195 41 153 207
1197 41 153 207
1196 37 153 207
1196 38 153 207
1196 39 153 207
1197 41 153 207
1197 39 153 207
1195 40 153 207
1196 38 153 207
1196 40 153 207
1197 39 153 207
1197 40 153 207
1197 38 153 207
1198 41 153 207
1199 38 153 207
1196 33 153 207
1198 33 153 207
1198 36 153 207
1198 37 153 207
1200 38 153 207
1199 34 153 207
1197 36 153 207
1198 34 153 207
1198 41 153 207
1198 39 153 207
1200 38 153 207
1200 36 153 207
1200 38 153 207
1201 35 153 207
1197 36 153 207
1198 37 153 207
1200 35 153 207
1200 36 153 207
1201 37 153 207
1201 36 153 207
1201 36 153 207
1201 37 153 207
1202 35 153 207
1201 35 153 207
1202 33 153 207
1203 29 153 207
1206 20 153 207
1209 21 153 207
1215 24 153 207
1223 22 153 207
1232 25 153 207
1247 22 153 207
1260 16 153 207
1272 16 153 207
1284 13 153 207
1285 9 153 207
1193 -6 153 207
1186 7 154 208
1187 20 154 208
1198 -7 154 208
1189 7 154 209
1183 17 154 209
1198 -4 153 207
1194 9 153 208
1184 20 153 208
1197 -8 152 207
1188 4 153 207
1184 19 153 207
1197 -7 151 204
1187 2 151 204
1181 15 151 204
1196 -3 152 206
1184 7 153 206
1183 20 153 206
1196 -9 154 207
1187 5 154 208
1182 19 154 208
1193 -8 154 208
1183 6 154 209
1180 19 154 209
1193 -5 154 209
1184 6 154 209
1182 19 154 209
1183 31 154 209
1197 -3 157 213
1190 10 157 214
1187 22 157 214
1185 32 157 214
1198 -1 159 216
1189 10 159 217
1186 23 159 217
1185 30 159 217
1186 37 159 217
1194 -1 160 218
1187 7 160 219
1189 16 160 219
1189 25 160 219
1189 29 160 219
1187 35 160 219
1198 5 158 216
1193 14 159 217
1186 27 159 217
1183 35 159 217
1201 8 161 219
1197 16 161 220
1195 29 161 220
1188 32 161 220
1201 8 162 221
1198 18 163 222
1194 31 163 222
1189 34 163 222
1195 3 162 220
1184 9 162 221
1185 24 162 221
1184 37 162 221
1202 7 164 224
1196 17 165 225
1190 28 165 225
1190 38 165 225
1195 0 166 226
1189 9 166 227
1191 20 166 227
1186 32 166 227
1202 10 168 230
1200 24 169 231
1202 34 169 231
1204 32 169 231
1205 36 169 231
1207 33 169 231
1211 37 169 231
1217 42 169 231
1225 44 169 231
1236 40 169 231
1246 38 169 231
1261 32 169 231
1194 6 169 231
1191 11 169 231
1188 22 169 231
1183 40 169 231
1204 16 170 233
1204 24 171 233
1205 34 171 233
1209 38 171 233
1220 44 171 233
1231 41 171 233
1241 31 171 233
1199 21 170 232
1191 34 171 233
1188 48 171 233
1195 7 174 237
1190 14 174 237
1187 28 174 237
1184 43 174 237
1206 18 175 239
1204 29 176 239
1204 43 176 239
1202 49 176 239
1202 57 176 239
1190 0 177 241
1187 13 178 241
1185 29 178 241
1181 43 178 241
1194 5 183 248
1185 17 184 248
1180 36 184 248
1184 45 184 248
1196 10 186 251
1186 25 186 251
1179 44 186 251
1202 18 187 253
1198 35 188 253
1201 47 188 253
1203 61 188 253
1206 74 188 253
1207 74 188 253
1208 74 188 253
1209 72 188 253
1210 72 188 253
1214 70 188 253
1222 63 188 253
1226 61 188 253
1232 61 188 253
1237 60 188 253
1250 59 188 253
1266 47 188 253
1200 19 179 241
1190 31 179 241
1186 44 179 241
1193 56 179 241
1199 8 183 246
1190 19 183 247
1186 35 183 247
1188 49 183 247
1201 10 188 254
1188 22 189 255
1181 36 189 255
1206 13 168 227
1206 23 168 227
1206 35 168 227
1204 38 168 227
1204 43 168 227
1201 45 168 227
1202 43 168 227
1197 44 168 227
1195 44 168 227
1191 41 168 227
1195 47 168 227
1193 44 168 227
1191 42 168 227
1194 45 168 227
1192 44 168 227
1194 46 168 227
1194 45 168 227
1194 42 168 227
1197 39 168 227
1197 45 168 227
1197 43 168 227
1197 37 168 227
1201 39 168 227
1204 45 168 227
1203 42 168 227
1201 42 168 227
1200 44 168 227
1199 43 168 227
1198 38 168 227
1202 41 168 227
1202 45 168 227
1202 44 168 227
1201 43 168 227
1202 42 168 227
1204 41 168 227
1203 41 168 227
1204 40 168 227
1205 41 168 227
1203 40 168 227
1205 41 168 227
1201 39 168 227
1203 42 168 227
1205 41 168 227
1203 41 168 227
1205 42 168 227
1204 43 168 227
1204 44 168 227
1203 46 168 227
1210 4 172 233
1208 15 173 233
1207 30 173 233
1203 38 173 233
1204 42 173 233
1203 43 173 233
1205 -4 176 237
1210 16 177 238
1211 28 177 238
1211 38 177 238
1205 41 177 238
1202 43 177 238
1209 0 181 244
1210 16 182 245
1212 31 182 245
1213 37 182 245
1207 40 182 245
1204 45 182 245
1206 -2 186 251
1206 17 187 251
1204 28 187 251
1206 41 187 251
1210 46 187 251
1210 -2 181 244
1209 18 182 244
1202 33 182 244
1215 0 180 241
1214 18 180 242
1208 30 180 242
1211 41 180 242
1210 43 180 242
1209 44 180 242
1205 -4 184 247
1209 16 184 248
1206 27 184 248
1208 40 184 248
1209 40 184 248
1209 39 184 248
1207 37 184 248
1209 35 184 248
1211 36 184 248
1211 38 184 248
1208 38 184 248
1210 39 184 248
1208 38 184 248
1210 39 184 248
1209 39 184 248
1212 44 184 248
1208 -6 188 254
1211 15 188 254
1212 26 188 254
1213 37 188 254
1213 39 188 254
1214 38 188 254
1212 36 188 254
1213 40 188 254
1213 40 188 254
1214 41 188 254
1213 41 188 254
1212 43 188 254
1208 -8 192 260
1208 14 193 260
1209 28 193 260
1209 42 193 260
1211 -10 197 265
1211 14 197 265
1214 27 197 265
1211 38 197 265
1210 46 197 265
1212 -5 201 271
1210 17 202 272
1214 29 202 272
1210 -12 194 262
1213 10 195 263
1215 26 195 263
1216 37 195 263
1218 47 195 263
1215 -11 198 267
1215 12 198 267
1217 24 198 267
1218 34 198 267
1217 41 198 267
1215 44 198 267
1205 -8 200 271
1206 15 201 271
1207 28 201 271
1209 42 201 271
1211 -12 205 276
1211 12 205 277
1214 29 205 277
1212 40 205 277
1221 50 205 277
1208 -11 207 280
1206 14 207 280
1208 31 207 280
1216 46 207 280
1212 -10 212 286
1210 14 212 287
1212 30 212 287
1215 43 212 287
1204 -13 215 291
1204 13 215 291
1208 31 215 291
1204 -27 220 298
1202 9 220 298
1204 28 220 298
1211 -17 211 285
1211 13 211 286
1214 32 211 286
1220 50 211 286
1216 -7 216 292
1212 16 216 293
1214 36 216 293
1203 -21 219 297
1205 13 219 297
1209 31 219 297
1216 49 219 297
1212 -10 224 304
1208 16 224 304
1213 39 224 304
1202 -20 227 308
1202 13 227 309
1207 38 227 309
1210 -24 231 315
1203 10 232 315
1208 33 232 315
1196 -28 235 319
1198 9 235 320
1204 30 235 320
1205 -15 221 301
1207 14 221 301
1210 32 221 301
1212 -15 210 286
1214 11 211 287
1217 25 211 287
1218 40 211 287
1226 56 211 287
1219 -8 215 293
1218 16 215 293
1224 32 215 293
1225 44 215 293
1214 -13 218 297
1218 13 218 297
1221 30 218 297
1222 41 218 297
1228 53 218 297
1215 -12 222 303
1217 15 223 304
1220 33 223 304
1224 43 223 304
1225 49 223 304
1214 -10 226 308
1211 16 226 309
1214 33 226 309
1217 -19 226 309
1213 17 226 310
1217 34 226 310
1206 -26 229 314
1210 13 229 315
1212 35 229 315
1215 -28 233 321
1213 13 234 322
1214 39 234 322
1209 -21 237 327
1204 15 238 327
1209 37 238 327
1211 -34 242 332
1210 5 242 333
1209 31 242 333
1203 -35 245 337
1208 9 245 338
1212 36 245 338
1200 -29 248 343
1199 17 249 343
1211 36 249 343
1198 -30 252 348
1201 17 253 348
1214 38 253 348
1195 -38 256 353
1199 7 257 353
1207 29 257 353
1194 -39 260 358
1194 10 261 358
1207 -24 260 357
1203 17 260 357
1195 -40 262 360
1191 9 262 360
1214 -24 261 359
1207 16 262 360
1194 -54 265 365
1197 -7 266 365
1193 23 266 365
1208 38 266 365
1195 -33 269 370
1191 12 270 370
1201 32 270 370
1187 -40 274 375
1185 5 274 376
1190 27 274 376
1176 -46 278 381
1170 6 278 382
1188 -23 276 380
1176 19 277 381
1168 -46 277 382
1163 4 278 382
1166 26 278 382
1166 -40 254 348
1167 3 254 349
1155 26 254 349
1168 -33 253 348
1162 12 253 348
1169 37 253 348
1164 -32 259 356
1158 17 259 356
1162 39 259 356
1164 -44 261 360
1161 -1 262 360
1151 25 262 360
1167 -47 268 368
1165 -3 268 369
1152 22 268 369
1163 -45 275 379
1159 4 275 379
1160 29 275 379
1155 -46 281 388
1149 3 282 388
1157 -45 285 393
1152 4 286 393
1144 -47 291 400
1131 9 291 400
1163 -51 297 409
1155 -1 298 409
1147 -54 303 416
1140 -2 304 417
1137 -61 310 425
1131 -1 310 426
1159 -60 314 431
1151 -9 314 432
1141 -55 316 435
1135 -2 316 435
1144 -64 324 447
1141 -7 325 447
1130 -65 329 452
1127 -3 329 453
1143 -70 339 467
1141 -4 339 467
1128 -79 349 481
1135 -82 350 483
1135 0 351 483
1124 -90 359 495
1135 -92 362 498
1132 -5 362 498
1125 -77 358 492
1134 -90 359 494
1131 -5 360 495
1120 -98 369 507
1123 -103 370 508
1129 -8 370 509
1118 -103 379 521
1121 -109 380 523
1119 -101 380 522
1122 -106 381 524
1121 -99 380 523
1124 -104 381 525
1123 -97 381 524
1122 -103 383 527
1118 -101 383 527
1120 -107 385 530
1119 -99 385 529
1115 -97 385 530
1128 -109 387 533
1117 -99 389 536
1128 -100 392 539
1118 -99 392 539
1132 -107 384 529
1133 -10 385 530
1114 -113 390 537
1114 -104 390 537
1118 -110 391 539
1121 -115 392 540
1119 -107 392 540
1122 -113 393 541
1121 -105 393 541
1124 -110 394 542
1123 -103 393 542
1125 -109 395 544
1121 -107 396 545
1124 -112 397 546
1123 -104 396 546
1125 -111 398 548
1116 -97 399 549
1126 -111 400 551
1128 -6 400 551
1108 -113 406 559
1111 -118 407 560
1110 -110 406 560
1124 -119 399 549
1130 -11 399 550
1110 -117 404 558
1112 -124 406 560
1120 -10 407 561
1100 -119 413 569
1112 -120 415 573
1120 -124 417 575
1111 -110 417 576
1115 -127 419 578
1111 -106 419 578
1121 -121 420 580
1103 -116 423 584
1106 -121 425 585
1109 -128 426 588
1099 -114 427 589
1103 -132 429 591
1104 -122 429 591
1106 -129 430 593
1110 -135 432 595
1103 -119 432 596
1107 -138 434 599
1101 -144 434 598
1109 -18 434 599
1087 -134 440 607
1091 -140 441 609
1095 -146 443 611
1103 -22 443 611
1081 -140 449 620
1087 -153 448 618
1092 -31 448 618
1098 -154 457 630
1087 -136 458 632
1097 -162 454 627
1108 -38 455 627
1077 -150 465 641
1081 -157 467 643
1085 -163 468 645
1091 -31 468 645
1082 -160 479 660
1086 -166 480 662
1087 -156 480 662
1083 -171 485 669
1071 -152 486 670
1095 -174 478 659
1108 -41 478 659
1076 -159 489 674
1082 -172 487 672
1087 -175 483 665
1102 -38 483 666
1078 -167 490 676
1092 -27 490 676
1068 -158 497 686
1072 -179 499 688
1089 -39 499 689
1064 -172 506 699
1069 -194 508 702
1084 -62 509 702
1059 -198 516 712
1064 -57 517 713
1067 -191 533 735
1071 -198 535 737
1083 -53 535 738
1056 -196 543 749
1061 -204 544 751
1076 -54 545 751
1049 -200 553 762
1053 -207 554 764
1062 -54 555 764
1035 -202 563 775
1050 -214 561 772
1057 -61 561 773
1029 -211 569 784
1041 -216 571 787
1048 -60 572 788
1040 -213 584 805
1045 -221 586 807
1052 -63 586 807
1041 -224 600 826
1048 -227 594 818
1058 -68 594 819
1029 -227 602 831
1033 -235 604 833
1043 -75 605 834
1013 -237 614 846
1019 -69 614 847
1028 -238 626 864
1042 -74 627 865
1011 -242 636 877
1029 -273 634 875
1002 -236 638 880
1026 -268 633 873
1011 -243 634 875
1024 -267 637 879
1025 -253 637 879
1036 -84 637 879
1005 -254 646 892
1019 -279 649 896
1024 -249 647 893
1018 -270 654 903
1022 -280 657 907
994 -244 660 911
1019 -278 654 903
1024 -247 652 900
1022 -273 644 890
1016 -293 651 899
1014 -244 649 896
1024 -284 651 899
1008 -258 653 901
1014 -286 655 905
1015 -271 655 904
1020 -280 657 907
1000 -263 659 910
1006 -291 662 914
1026 -274 658 908
1003 -283 664 917
1007 -293 667 921
1008 -279 667 920
1013 -288 669 923
1014 -273 668 922
1030 -91 669 923
997 -270 679 936
1016 -304 677 934
1014 -253 675 931
1019 -294 673 929
1027 -297 667 920
1016 -294 671 926
1007 -336 680 938
1004 -285 678 935
1000 -329 689 951
1020 -311 685 945
1003 -284 686 947
1014 -326 688 950
997 -298 690 952
1017 -332 688 949
1026 -84 689 950
992 -268 699 964
1008 -308 694 957
1002 -330 701 967
1003 -315 701 966
996 -337 708 977
998 -321 708 976
1003 -331 710 979
1004 -316 709 978
998 -338 717 989
999 -323 716 988
1007 -326 710 978
997 -370 719 991
990 -323 719 991
979 -367 728 1004
1018 -322 719 991
1008 -366 728 1004
972 -334 734 1012
993 -370 732 1009
985 -322 732 1010
996 -367 734 1013
989 -322 734 1012
978 -367 743 1024
1018 -321 733 1011
1007 -366 743 1024
976 -326 746 1029
981 -385 750 1034
1021 -338 740 1021
994 -359 749 1033
995 -342 748 1032
984 -388 758 1045
983 -330 748 1031
976 -390 756 1043
1017 -343 747 1030
996 -361 754 1039
997 -344 753 1039
986 -391 763 1052
1004 -347 759 1046
992 -372 767 1058
993 -355 767 1058
986 -380 775 1069
987 -363 775 1068
980 -388 783 1080
981 -370 782 1079
988 -381 785 1082
989 -364 784 1081
982 -389 793 1093
983 -372 792 1092
990 -383 794 1096
963 -374 799 1102
969 -385 801 1105
978 -389 794 1095
980 -371 793 1094
987 -405 796 1098
948 -369 803 1107
971 -409 801 1104
957 -379 802 1106
977 -408 805 1110
963 -379 806 1112
983 -408 809 1116
969 -378 810 1118
977 -413 814 1122
963 -383 815 1124
970 -394 817 1127
977 -406 820 1131
978 -388 819 1130
984 -399 822 1133
947 -403 828 1142
985 -400 823 1135
948 -403 829 1144
986 -400 825 1137
989 -374 822 1134
980 -412 827 1140
966 -382 828 1142
971 -429 827 1141
957 -398 829 1143
978 -429 832 1147
964 -398 833 1149
984 -428 836 1153
943 -391 843 1162
951 -426 846 1167
975 -404 841 1159
982 -416 843 1163
954 -406 848 1170
974 -437 851 1174
932 -399 858 1183
957 -441 856 1180
943 -410 857 1182
963 -441 860 1186
949 -409 862 1188
957 -446 865 1193
961 -419 862 1189
968 -431 865 1193
959 -426 866 1194
977 -434 869 1198
938 -438 876 1207
959 -470 879 1212
915 -430 885 1221
941 -474 883 1218
967 -451 878 1210
952 -419 879 1213
960 -456 883 1217
945 -423 884 1220
954 -461 888 1225
939 -428 889 1227
961 -461 893 1231
946 -428 894 1233
954 -466 898 1238
939 -433 899 1240
961 -466 902 1244
946 -432 904 1247
956 -437 895 1235
963 -449 898 1238
935 -426 901 1243
957 -459 904 1247
948 -453 905 1248
939 -448 906 1250
947 -461 909 1253
937 -455 910 1255
956 -464 913 1259
941 -431 915 1261
949 -469 918 1267
934 -436 920 1269
956 -469 923 1273
941 -435 925 1275
950 -475 929 1280
934 -440 930 1283
957 -474 933 1287
941 -440 935 1289
950 -480 939 1295
934 -445 940 1297
947 -478 930 1282
938 -472 931 1283
943 -487 935 1289
934 -482 935 1290
941 -495 938 1294
914 -471 943 1300
957 -501 953 1315
955 -133 954 1315
942 -475 964 1329
937 -122 964 1329
924 -467 974 1343
948 -503 977 1348
948 -129 978 1348
935 -479 988 1362
937 -121 989 1363
924 -475 999 1377
948 -511 1003 1382
951 -147 1003 1383
938 -506 1013 1398
945 -136 1014 1398
932 -499 1025 1413
928 -127 1025 1413
914 -494 1036 1428
924 -538 1040 1434
919 -148 1040 1434
905 -520 1051 1449
927 -530 1055 1453
932 -148 1055 1453
918 -526 1066 1468
921 -146 1067 1469
877 -517 1077 1482
903 -552 1080 1479
892 -541 1081 1472
881 -532 1082 1467
907 -568 1086 1466
896 -183 1087 1467
908 -501 1106 1486
892 -562 1120 1493
861 -529 1126 1488
888 -563 1130 1483
