916 514 30 73
917 512 30 73
918 508 31 75
916 509 30 73
918 509 29 71
916 509 28 70
917 507 29 71
916 504 30 73
913 503 30 74
913 506 30 74
912 507 31 76
909 509 32 79
910 515 32 78
908 513 33 81
905 514 34 83
902 516 35 84
899 516 36 86
899 519 35 84
897 514 36 85
897 515 37 86
893 516 38 88
893 515 36 84
893 514 35 83
891 513 34 81
892 512 33 79
891 512 32 78
892 514 32 77
891 513 32 77
890 510 32 77
889 512 31 76
888 515 30 75
888 516 31 76
887 516 31 77
885 514 32 79
885 514 32 80
883 512 33 82
880 512 33 83
880 510 33 83
880 508 33 82
878 508 34 85
878 511 34 86
876 516 34 85
875 518 35 87
872 519 36 89
872 521 36 89
872 522 35 87
869 523 36 90
869 518 36 90
868 514 36 90
867 512 36 89
866 512 36 89
864 512 36 88
861 514 36 88
864 516 34 84
862 513 35 86
860 513 34 83
862 517 32 79
860 516 31 76
861 519 30 73
859 519 30 72
858 520 29 69
857 521 28 66
857 521 27 64
854 520 27 63
852 521 26 61
852 519 27 63
850 520 28 64
848 517 29 66
845 516 30 69
843 514 31 71
843 514 31 71
843 516 31 71
844 518 31 71
842 521 32 73
839 522 33 76
838 523 34 79
837 520 35 82
834 522 36 84
833 517 37 86
832 522 37 86
833 526 36 84
833 524 38 88
831 521 39 91
827 519 40 94
825 521 39 91
826 522 38 88
825 526 37 87
823 522 38 90
822 524 37 88
819 524 37 87
818 526 36 84
816 530 34 80
816 528 34 80
814 528 34 80
815 532 32 76
813 532 32 75
811 532 32 74
809 534 32 73
809 532 32 73
808 535 32 74
805 532 33 76
803 530 34 79
802 531 33 78
801 529 32 76
801 532 31 73
799 531 30 72
798 532 30 72
798 531 30 71
797 530 29 69
797 529 28 66
797 530 27 65
796 528 27 64
794 529 26 63
793 528 26 64
792 527 26 65
791 527 25 63
790 529 26 64
788 531 25 62
787 531 25 62
785 530 26 63
784 530 26 64
783 532 25 63
782 531 26 64
781 531 26 65
780 532 26 65
779 532 26 66
778 532 26 67
777 532 26 68
776 534 27 69
774 534 27 68
772 534 27 67
771 533 26 65
771 532 26 65
769 533 26 65
768 530 26 65
767 530 26 65
767 531 26 65
766 529 26 66
765 528 26 67
764 527 26 66
763 526 26 65
761 526 26 64
759 525 26 64
758 527 26 64
756 528 26 63
753 530 25 62
752 530 25 61
750 529 25 61
749 529 25 61
748 529 25 61
747 529 25 60
745 530 25 61
743 529 26 63
742 530 27 65
740 532 27 65
740 531 27 66
737 529 27 66
735 527 27 67
734 526 27 68
732 527 27 68
730 524 27 68
730 525 27 68
729 522 27 67
728 523 26 65
728 523 26 66
727 524 26 65
726 524 26 65
725 524 26 65
724 524 26 64
722 524 26 63
720 523 26 63
718 523 26 64
717 525 25 62
715 525 25 62
715 525 25 62
713 526 25 62
714 530 24 61
713 532 23 59
712 530 23 60
710 529 24 61
708 525 25 63
705 522 26 65
705 523 27 68
703 524 27 69
702 522 27 69
700 526 27 69
699 522 27 70
700 521 26 68
700 518 25 66
701 518 24 64
700 517 24 63
699 515 24 62
698 512 24 62
697 513 25 64
696 511 25 64
694 510 26 66
693 512 26 67
691 510 26 66
689 513 25 64
687 514 24 61
687 513 24 60
685 513 24 59
684 516 24 59
683 514 24 60
682 516 25 61
679 516 25 62
678 518 26 63
677 520 27 65
674 514 28 66
674 516 29 67
671 515 29 67
670 514 29 66
668 512 29 66
669 509 29 66
667 511 29 66
666 508 29 65
663 507 29 66
662 511 29 67
662 507 28 65
661 506 29 66
660 506 30 67
658 506 30 68
656 507 30 68
655 507 30 67
652 506 31 68
650 510 31 67
649 510 31 67
647 508 31 67
646 510 30 65
645 508 29 63
644 509 28 60
644 509 28 59
643 511 28 59
642 510 28 60
641 510 29 61
638 507 30 62
638 506 31 64
635 505 32 66
635 504 33 68
632 505 33 68
631 505 33 68
629 505 33 67
628 507 32 65
627 504 32 64
629 504 25 61
628 500 25 62
627 496 26 64
626 493 27 66
624 492 28 68
623 493 29 69
621 493 29 69
618 493 29 68
617 495 28 66
615 497 27 64
615 498 27 63
614 500 27 62
613 502 27 61
611 500 27 60
611 500 27 59
609 498 27 60
609 498 28 62
607 498 29 63
605 499 30 65
605 498 30 64
604 498 30 64
603 498 30 63
601 498 30 62
600 497 30 61
599 497 30 60
600 496 25 60
599 493 25 60
599 490 26 61
598 488 27 63
596 487 28 65
595 488 29 67
594 489 30 69
594 489 29 67
591 490 29 66
591 490 28 64
591 489 28 63
589 490 28 62
588 490 28 62
588 491 27 61
587 489 27 61
588 489 26 59
588 486 26 60
587 484 27 62
586 484 28 64
584 484 29 66
584 486 29 67
583 487 29 66
582 489 29 65
582 490 29 65
581 488 29 64
580 489 29 63
579 487 29 62
578 485 29 62
577 482 29 61
577 479 29 61
577 477 30 63
576 477 31 64
575 478 31 64
574 479 30 63
574 478 30 63
573 479 29 61
572 479 28 58
571 479 28 58
570 479 27 57
570 478 26 56
571 476 26 55
570 474 26 55
569 473 26 55
569 472 27 57
567 471 28 59
567 470 29 61
566 469 29 62
566 470 30 64
567 471 30 64
565 472 30 63
564 472 30 62
563 473 30 62
562 472 30 62
562 471 30 62
562 470 30 62
562 466 30 63
562 462 30 63
562 460 30 63
561 460 30 64
560 460 30 65
560 458 30 66
560 459 30 66
561 458 30 66
560 457 30 66
561 459 30 65
560 460 29 63
560 459 28 61
561 459 27 59
561 459 27 58
562 460 27 57
562 461 27 57
563 463 27 57
562 461 27 57
563 459 28 58
563 457 28 59
564 455 28 60
564 455 28 61
564 453 28 61
565 450 28 61
565 447 28 62
566 446 29 64
565 447 30 66
567 445 30 66
567 442 31 67
568 442 31 67
568 441 31 67
568 438 32 69
568 438 32 69
568 437 32 69
568 437 33 71
567 439 33 71
567 437 34 72
567 440 34 72
567 440 34 71
566 438 33 70
568 437 32 68
569 434 32 68
569 430 33 70
569 431 34 73
569 431 35 75
569 432 35 76
570 432 35 77
571 430 35 77
572 430 34 75
574 429 33 72
575 427 32 70
576 427 32 69
576 423 33 71
576 425 33 70
578 426 33 69
579 426 33 70
580 425 34 73
582 423 34 73
582 420 34 73
581 419 35 76
581 417 35 76
581 416 35 77
579 413 36 79
580 413 37 81
577 409 38 83
576 406 39 85
575 403 40 88
577 401 38 84
577 398 39 86
578 396 40 88
579 396 40 89
581 398 39 87
582 400 38 85
584 404 37 82
584 406 37 81
584 404 38 83
586 403 38 84
588 397 38 84
589 391 38 84
588 385 39 85
589 385 40 88
589 380 41 91
590 378 43 95
590 371 44 98
590 365 45 101
591 360 46 103
593 354 47 106
594 347 48 109
591 358 47 108
596 355 48 108
598 345 50 113
598 368 30 73
599 372 30 73
599 366 31 76
600 362 32 79
601 362 32 79
603 361 32 79
603 359 32 79
604 356 32 79
604 354 32 79
605 349 33 82
604 349 34 84
605 348 34 85
606 345 35 86
607 344 34 84
608 343 34 84
609 342 34 84
609 341 35 86
609 342 35 85
609 341 36 86
610 340 36 86
612 331 36 86
613 338 36 86
613 340 35 84
613 340 35 83
613 340 35 83
612 336 36 86
613 335 37 87
613 333 38 89
614 332 38 90
614 332 38 91
615 330 40 95
615 329 40 94
616 321 40 94
617 316 40 94
617 314 40 94
618 310 40 94
619 307 40 94
620 306 40 94
621 305 40 94
621 304 40 94
622 303 40 94
624 302 40 94
627 300 40 94
626 299 40 94
627 298 40 94
629 299 40 94
630 297 40 94
631 297 40 94
633 296 40 94
634 294 40 94
635 293 40 94
636 290 40 94
637 290 40 94
637 289 40 94
639 287 40 94
639 285 40 94
640 283 40 94
640 284 40 94
646 295 40 94
645 287 40 94
646 285 40 94
646 282 40 94
651 292 40 94
648 277 40 94
652 287 40 94
654 286 40 94
652 273 40 94
656 281 40 94
657 279 40 94
658 279 40 94
660 281 40 94
661 280 40 94
662 280 40 94
663 280 40 94
664 280 40 94
664 278 40 94
662 275 40 94
661 273 40 94
664 271 40 94
661 268 40 94
664 267 38 89
668 266 36 85
671 269 35 83
671 268 36 85
673 266 37 88
672 261 39 92
671 255 40 95
674 246 42 99
673 241 41 97
675 242 40 95
678 240 40 96
680 247 40 95
682 241 39 93
683 246 39 93
684 251 38 91
686 248 38 91
686 246 38 91
687 255 38 91
688 259 38 91
688 258 38 91
690 273 38 91
691 269 38 91
694 281 38 91
694 277 38 91
695 288 38 91
697 287 38 91
700 294 38 91
699 300 38 91
702 309 38 91
703 311 38 91
703 320 38 91
710 324 38 91
709 319 38 91
716 322 38 91
717 323 38 90
718 318 38 90
719 319 39 92
721 317 39 92
721 316 40 95
722 319 40 95
724 320 40 95
726 318 40 95
715 307 40 95
724 313 40 96
727 317 40 97
728 313 42 101
730 313 44 105
720 301 44 105
729 305 44 105
722 297 44 106
731 301 45 106
736 298 43 102
728 297 43 102
738 305 43 102
730 293 43 102
737 303 43 103
733 292 43 103
741 301 43 103
735 291 43 103
743 298 43 104
748 299 43 104
741 288 43 104
749 291 43 105
752 291 43 105
749 286 42 104
755 288 43 104
758 288 43 104
761 292 43 104
766 294 41 99
759 288 41 99
760 287 41 99
760 286 41 99
764 283 41 99
765 279 41 99
768 280 41 99
770 283 41 99
770 278 41 99
772 274 41 99
775 280 41 99
777 285 41 99
777 277 41 99
781 282 41 99
783 281 41 99
785 281 41 99
788 273 41 99
792 277 41 99
793 274 41 99
796 272 41 99
798 267 41 99
801 264 41 99
806 262 41 99
811 267 41 99
818 264 40 95
811 262 39 94
817 260 40 95
821 252 40 95
818 258 39 93
822 258 39 93
826 255 39 93
831 252 39 93
835 252 39 92
839 259 40 94
832 261 39 93
836 255 40 93
842 249 40 93
841 255 39 91
847 249 40 92
851 241 39 90
851 233 39 90
852 252 39 90
857 246 39 90
857 240 39 89
859 235 39 88
860 232 39 88
861 227 39 88
862 246 39 88
865 239 39 88
868 232 37 84
869 247 36 83
868 238 37 83
872 233 35 79
874 228 35 79
875 223 36 81
878 222 37 82
879 238 37 83
880 232 37 83
882 228 37 84
888 240 36 83
887 231 37 83
887 223 38 85
890 217 38 85
893 215 38 86
894 217 38 86
896 213 38 87
898 218 38 86
902 216 36 82
903 230 36 83
907 224 37 83
909 215 37 83
910 232 37 83
912 226 37 84
915 219 36 82
917 217 36 81
921 219 36 82
923 213 36 82
924 208 36 82
925 208 36 83
928 205 36 82
930 214 36 83
932 206 36 83
934 207 36 83
936 206 36 82
940 216 35 80
942 207 35 80
945 211 35 80
948 221 34 79
951 215 35 79
954 210 34 78
956 212 34 77
957 209 34 76
959 209 34 76
961 209 33 75
963 208 33 75
962 206 33 75
962 204 34 78
962 200 34 79
963 200 35 82
965 196 35 83
967 201 34 81
969 196 33 79
973 196 33 78
975 201 33 77
979 197 32 75
982 198 32 76
985 199 32 77
987 200 32 78
989 199 32 78
991 199 32 79
