569 259 19 20
569 259 19 20
569 260 19 20
568 260 20 21
568 259 20 21
568 260 20 21
568 260 20 21
568 260 19 20
568 261 19 20
568 261 19 20
568 261 19 20
568 262 19 20
568 262 18 19
568 263 18 19
568 263 18 19
568 263 18 19
568 263 18 19
568 264 18 19
568 264 18 19
568 264 18 19
568 264 18 19
568 265 18 19
567 265 18 19
567 265 18 19
567 265 18 19
567 265 18 19
567 266 18 19
567 266 18 19
566 266 18 19
566 266 19 20
566 266 19 20
565 266 19 20
565 267 19 20
565 267 19 20
565 268 20 21
565 267 19 20
564 268 20 21
564 268 20 20
564 269 20 20
564 269 20 20
564 269 20 20
563 269 20 20
563 269 21 21
563 269 20 20
563 270 20 20
563 270 20 20
563 270 20 20
563 270 20 20
562 271 20 20
562 271 21 21
562 271 21 21
561 271 21 21
561 272 20 20
561 273 20 20
561 273 21 21
561 272 21 21
561 273 20 20
561 274 20 20
561 275 20 20
562 274 20 20
563 274 21 21
565 274 21 21
567 274 21 21
570 274 21 21
574 274 21 21
576 274 21 21
578 275 21 21
582 275 21 21
584 275 22 22
585 275 22 22
585 275 22 22
585 274 22 22
585 272 23 23
585 272 23 23
585 271 24 24
585 274 23 23
587 272 24 24
588 271 24 24
589 272 24 24
589 271 24 24
590 270 24 24
590 270 24 24
590 270 24 24
591 271 24 24
590 272 24 24
591 271 24 24
592 271 24 24
592 271 24 24
592 272 24 24
593 273 24 24
594 273 24 24
595 273 24 24
596 273 24 24
596 275 24 24
596 275 24 24
597 275 24 24
597 276 24 24
597 276 24 24
597 276 24 24
598 276 24 24
598 277 24 24
599 278 24 24
599 278 25 25
599 279 25 25
599 278 25 25
599 278 26 26
599 278 27 27
599 279 26 26
599 278 27 27
599 279 27 27
599 278 27 27
600 279 27 27
600 280 27 27
599 280 27 27
600 279 27 27
600 279 27 27
600 279 26 26
601 280 26 26
601 280 26 26
601 280 26 26
601 280 26 26
601 280 26 26
601 279 26 26
601 278 26 26
601 277 26 26
602 277 25 25
601 276 25 25
602 277 25 25
602 276 25 25
599 282 24 24
600 283 25 25
601 283 25 25
600 283 25 25
601 283 25 25
600 283 25 25
601 283 25 25
601 282 25 25
601 280 25 25
602 280 25 25
603 280 25 25
603 279 25 25
603 279 25 25
603 280 25 25
603 280 25 25
604 280 25 25
604 282 25 25
604 281 25 25
604 282 25 25
605 281 25 25
605 282 25 25
605 282 25 25
605 282 26 26
606 283 26 26
606 284 26 26
606 285 25 25
607 284 25 25
607 284 25 25
607 284 25 25
608 284 25 25
609 285 25 25
608 285 25 25
608 285 25 25
608 286 25 25
609 286 25 25
609 287 25 25
610 286 25 25
611 287 25 25
611 288 25 25
611 288 25 25
611 289 25 25
611 290 25 25
611 291 25 25
612 292 24 24
613 292 24 24
614 292 24 24
615 292 24 24
616 292 24 24
617 291 24 24
618 292 24 24
619 293 24 24
619 294 24 24
620 294 24 24
621 294 24 24
621 294 24 24
622 294 24 24
623 293 24 24
624 294 23 23
624 295 23 23
625 294 23 23
626 295 23 23
627 295 23 23
628 295 23 23
629 295 23 23
630 296 23 23
632 296 23 23
633 296 22 22
633 298 22 22
634 297 21 21
634 298 21 21
634 299 21 21
634 298 21 21
635 300 21 21
635 299 22 22
635 300 22 22
635 301 22 22
636 300 22 22
636 301 23 23
637 300 22 22
638 302 22 22
638 301 22 22
639 302 22 22
639 303 22 22
639 302 22 22
639 303 23 23
640 302 23 23
639 302 23 23
639 303 23 23
640 304 23 23
640 303 22 22
640 304 22 22
641 305 22 22
640 305 22 22
641 306 22 22
640 307 22 22
640 306 23 23
640 306 23 23
640 306 23 23
639 307 23 23
640 308 23 23
639 307 23 23
640 308 23 23
639 309 23 23
640 309 23 23
639 309 23 23
640 310 23 23
639 309 24 24
640 310 24 24
640 311 25 25
639 310 25 25
638 311 26 26
638 311 26 26
638 312 26 26
637 312 26 26
637 314 26 26
636 314 26 26
636 314 26 26
636 314 26 26
637 314 26 26
637 316 26 26
636 316 26 26
635 316 27 27
636 315 27 27
636 316 27 27
635 316 27 27
634 317 28 28
635 318 28 28
635 319 28 28
634 320 28 28
634 320 28 28
634 321 28 28
634 320 28 28
634 320 28 28
634 320 28 28
634 319 28 28
633 319 28 28
633 320 28 28
634 321 28 28
635 321 28 28
634 319 28 28
634 319 28 28
634 321 28 28
633 321 28 28
632 322 28 28
632 322 28 28
632 323 28 28
632 322 28 28
631 324 28 28
632 323 27 27
631 324 27 27
632 323 27 27
632 324 27 27
631 325 28 28
632 325 28 28
633 325 28 28
633 325 28 28
632 325 28 28
632 326 28 28
632 326 28 28
632 327 28 28
633 326 27 27
634 327 27 27
634 327 27 27
634 328 27 27
634 328 27 27
634 328 27 27
635 328 27 27
634 328 28 28
635 329 28 28
634 329 28 28
634 330 28 28
634 330 28 28
634 331 28 28
635 331 28 28
633 331 29 29
633 333 29 29
632 334 29 29
632 335 29 29
632 335 29 29
632 335 28 28
633 336 27 27
633 335 27 27
632 335 27 27
633 335 27 27
633 336 27 27
633 335 27 27
633 335 27 27
633 335 27 27
632 336 27 27
634 336 27 27
634 335 27 27
636 335 26 26
638 335 26 26
637 338 25 25
639 337 26 26
641 336 26 26
644 336 26 26
642 339 26 26
644 338 26 26
646 336 26 26
645 340 26 26
648 340 26 26
649 339 26 26
651 338 26 26
654 338 26 26
652 341 26 26
655 341 26 26
657 340 26 26
658 339 26 26
661 338 26 26
661 341 25 25
662 341 26 26
663 341 26 26
664 340 26 26
666 339 26 26
669 338 26 26
670 338 25 25
671 338 24 24
667 342 24 24
668 342 24 24
670 342 24 24
671 341 24 24
674 340 24 24
670 343 24 24
672 342 24 24
675 341 24 24
671 344 24 24
673 342 24 24
676 341 23 23
673 344 23 23
675 343 23 23
674 343 23 23
677 343 23 23
678 341 22 22
679 341 21 21
680 341 20 20
676 345 20 20
679 346 20 20
680 344 21 21
680 341 21 21
681 341 21 21
678 345 21 21
680 344 21 21
681 342 21 21
682 342 21 21
679 345 21 21
682 344 21 21
683 342 21 21
679 346 21 21
681 345 21 21
683 343 21 21
685 342 21 21
684 343 21 21
685 342 21 21
685 342 20 20
686 342 20 20
687 343 20 20
687 343 20 20
688 343 20 20
688 343 20 20
689 344 20 20
689 343 20 20
688 343 20 20
689 343 20 20
689 344 20 20
689 344 20 20
689 344 20 20
689 344 19 19
689 344 19 19
690 343 19 19
689 344 19 19
689 343 19 19
689 343 20 20
690 344 20 20
690 343 20 20
690 344 20 20
690 344 20 20
690 344 20 20
691 344 20 20
691 344 20 20
691 344 20 20
691 345 20 20
691 345 20 20
691 345 20 20
691 344 20 20
691 343 20 20
690 343 20 20
691 344 20 20
691 344 20 20
691 344 20 20
691 344 20 20
691 344 20 20
691 344 20 20
691 344 20 20
691 344 20 20
691 344 20 20
691 344 20 20
692 344 20 20
692 344 20 20
692 343 20 20
692 344 19 19
692 344 19 19
692 344 19 19
692 344 19 19
692 344 19 19
692 344 18 18
693 344 18 18
693 345 18 18
694 345 18 18
694 345 18 18
694 345 18 18
694 345 18 18
695 345 18 18
694 346 18 18
695 345 18 18
694 346 18 18
694 345 18 18
694 345 18 18
694 346 18 18
694 346 18 18
694 346 18 18
694 346 18 18
694 346 18 18
694 347 18 18
695 347 18 18
695 347 18 18
695 347 18 18
695 348 18 18
695 348 18 18
695 348 18 18
695 348 18 18
695 348 18 18
694 348 18 18
694 348 18 18
694 348 18 18
694 349 18 18
695 349 18 18
694 349 18 18
693 350 18 18
695 350 18 18
694 349 18 18
694 350 19 19
694 350 19 19
694 350 19 19
694 350 19 19
694 350 19 19
694 351 19 19
694 351 19 19
694 351 19 19
694 352 19 19
694 351 19 19
693 352 19 19
693 352 20 20
694 352 20 20
694 352 20 20
694 352 20 20
694 353 20 20
694 353 20 20
693 354 20 20
693 354 20 20
693 355 20 20
692 354 20 20
690 354 20 20
688 355 20 20
686 354 20 20
684 355 20 20
682 355 20 20
680 355 20 20
679 357 20 20
678 357 19 19
677 357 19 19
675 357 19 19
674 357 20 20
673 357 20 20
673 357 20 20
673 357 20 20
673 358 20 20
672 358 20 20
672 358 20 20
672 359 20 20
672 359 20 20
672 359 20 20
672 360 20 20
671 359 20 20
671 360 20 20
670 360 20 20
671 360 20 20
670 360 20 20
669 360 20 20
669 360 21 21
668 360 21 21
668 360 21 21
668 360 21 21
668 361 21 21
667 361 21 21
667 361 21 21
667 361 21 21
667 362 21 21
667 362 21 21
667 362 21 21
667 362 21 21
667 362 22 22
665 361 23 23
665 361 23 23
664 360 24 24
664 361 25 25
662 361 25 25
663 359 25 25
663 360 25 25
663 360 25 25
663 360 24 24
663 361 25 25
662 359 24 24
662 361 25 25
662 361 24 24
663 362 24 24
663 361 24 24
662 362 24 24
663 361 24 24
662 361 24 24
661 361 25 25
660 359 25 25
660 360 26 26
660 361 25 25
660 359 26 26
659 360 26 26
660 361 26 26
659 360 26 26
659 360 26 26
659 361 26 26
658 360 26 26
658 361 26 26
658 361 26 26
659 361 26 26
658 360 26 26
658 360 26 26
657 360 26 26
657 360 26 26
657 361 26 26
657 360 26 26
657 361 26 26
657 359 26 26
657 359 26 26
657 360 26 26
656 359 26 26
656 360 27 27
655 357 28 28
654 357 28 28
654 358 29 29
654 356 29 29
653 356 29 29
653 357 29 29
654 357 28 28
654 358 27 27
655 359 26 26
655 360 26 26
655 358 27 27
656 359 26 26
658 359 27 27
660 358 28 28
662 358 28 28
664 359 27 27
664 358 27 27
665 359 26 26
665 360 26 26
665 360 26 26
664 360 27 27
663 358 28 28
663 359 28 28
663 359 28 28
663 359 28 28
662 359 28 28
662 359 28 28
662 359 29 29
662 359 28 28
662 360 28 28
662 360 28 28
662 361 28 28
662 362 29 29
662 361 28 28
661 362 28 28
661 363 28 28
662 363 28 28
662 364 27 27
662 365 27 27
661 364 28 28
662 365 28 28
661 364 28 28
661 365 28 28
661 365 28 28
661 366 28 28
661 366 28 28
661 367 27 27
661 366 28 28
661 368 27 27
660 367 28 28
661 368 28 28
661 367 29 29
663 368 28 28
665 369 28 28
666 369 29 29
668 369 30 30
670 370 29 29
670 368 29 29
670 370 29 29
670 369 29 29
670 371 28 28
670 371 29 29
669 370 30 30
669 372 30 30
670 371 29 29
669 372 28 28
670 373 28 28
671 373 28 28
671 373 29 29
670 373 29 29
670 372 30 30
670 373 29 29
670 373 29 29
670 374 28 28
671 375 28 28
670 376 28 28
671 376 27 27
671 376 27 27
671 375 28 28
671 376 28 28
670 376 28 28
670 377 28 28
670 377 28 28
670 378 27 27
670 378 27 27
670 378 27 27
670 378 27 27
671 379 27 27
671 380 27 27
671 380 26 26
671 380 27 27
672 380 26 26
672 381 26 26
673 382 26 26
673 383 26 26
673 383 26 26
673 383 26 26
672 382 26 26
672 382 27 27
672 382 26 26
673 382 27 27
672 381 28 28
672 382 28 28
672 382 28 28
672 383 28 28
672 382 29 29
672 383 28 28
673 383 28 28
673 384 28 28
672 384 28 28
672 384 28 28
671 385 28 28
672 385 29 29
672 386 29 29
672 386 29 29
673 386 29 29
672 387 29 29
672 386 29 29
673 387 29 29
673 388 28 28
673 388 28 28
674 389 28 28
674 388 28 28
673 389 28 28
673 389 29 29
673 388 29 29
674 389 29 29
674 388 28 28
674 389 27 27
674 389 28 28
674 390 28 28
675 390 28 28
674 390 28 28
674 390 28 28
673 390 29 29
672 390 29 29
672 390 30 30
672 390 31 31
672 391 30 30
673 391 30 30
672 391 31 31
672 391 31 31
673 392 31 31
674 391 31 31
675 391 31 31
674 391 30 30
675 391 31 31
674 392 30 30
675 392 31 31
674 392 30 30
674 392 30 30
674 392 31 31
674 393 30 30
675 393 31 31
675 392 30 30
676 394 29 29
676 393 30 30
677 394 30 30
676 393 30 30
676 395 30 30
676 393 31 31
675 395 30 30
675 395 30 30
675 395 31 31
676 394 30 30
676 396 29 29
676 395 30 30
676 396 29 29
675 395 30 30
675 396 31 31
675 396 32 32
676 396 32 32
677 396 31 31
675 397 30 30
675 397 31 31
675 398 32 32
674 398 32 32
673 398 33 33
671 396 34 34
672 396 35 35
670 396 36 36
670 396 37 37
669 395 38 38
669 396 39 39
669 395 39 39
669 397 38 38
669 395 39 39
670 396 38 38
670 396 39 39
670 396 39 39
671 397 39 39
671 396 39 39
669 397 38 38
670 397 39 39
670 397 39 39
671 397 39 39
669 398 39 39
670 399 39 39
671 398 38 38
670 399 39 39
671 399 39 39
671 400 40 40
673 399 40 40
672 399 39 39
672 400 39 39
672 400 39 39
673 401 39 39
674 401 38 38
675 401 38 38
676 401 38 38
677 400 37 37
676 400 37 37
677 401 36 36
678 402 35 35
677 403 34 34
678 404 33 33
679 405 32 32
679 406 32 32
680 407 31 31
681 407 30 30
682 408 30 30
682 409 30 30
682 408 30 30
681 409 30 30
682 409 30 30
682 410 30 30
683 411 30 30
683 410 30 30
683 411 31 31
683 410 31 31
683 410 32 32
684 411 32 32
683 411 33 33
683 410 33 33
683 411 34 34
684 412 34 34
683 411 34 34
683 413 34 34
684 413 34 34
685 412 35 35
684 413 36 36
685 412 37 37
684 409 38 38
683 410 39 39
683 409 40 40
680 411 40 40
682 412 40 40
684 411 40 40
683 410 40 40
686 411 39 39
683 409 40 40
684 410 40 40
684 410 41 41
683 409 42 42
685 410 41 41
684 410 41 41
684 410 41 41
684 412 41 41
685 411 40 40
685 412 41 41
685 413 41 41
685 412 41 41
685 414 41 41
685 413 41 41
686 415 41 41
686 416 41 41
686 418 41 41
688 420 39 39
689 419 39 39
688 419 40 40
688 420 41 41
690 419 40 40
690 419 41 41
689 420 41 41
690 420 40 40
692 421 39 39
691 421 40 40
692 422 39 39
691 421 40 40
693 422 39 39
691 422 40 40
693 423 39 39
692 423 39 39
693 424 39 39
695 424 39 39
695 424 38 38
695 424 38 38
696 425 38 38
696 426 39 39
697 425 40 40
696 425 41 41
697 426 41 41
697 426 41 41
697 426 41 41
698 426 41 41
698 426 41 41
699 426 41 41
699 426 40 40
700 427 39 39
700 427 40 40
700 427 40 40
701 427 39 39
700 428 39 39
702 428 39 39
702 428 39 39
702 428 40 40
703 429 40 40
705 429 39 39
704 428 40 40
706 429 40 40
706 430 40 40
707 430 39 39
707 429 40 40
708 430 39 39
708 430 40 40
709 431 40 40
709 431 40 40
710 432 39 39
710 432 40 40
711 433 40 40
711 431 41 41
712 432 41 41
713 432 41 41
712 432 42 42
714 433 41 41
714 433 42 42
716 434 41 41
715 432 42 42
716 433 41 41
717 434 41 41
718 434 41 41
719 434 41 41
717 435 41 41
719 435 40 40
721 436 39 39
720 435 40 40
722 437 39 39
723 436 39 39
724 437 38 38
724 438 38 38
726 439 37 37
724 438 38 38
726 440 38 38
727 439 38 38
728 440 39 39
729 439 39 39
729 439 40 40
730 441 40 40
732 441 39 39
733 441 39 39
733 442 39 39
734 442 39 39
735 443 38 38
736 444 39 39
736 442 40 40
738 444 39 39
739 444 38 38
738 445 40 40
740 445 39 39
741 446 38 38
742 447 38 38
743 447 38 38
744 448 38 38
745 449 39 39
746 448 38 38
746 449 39 39
747 449 38 38
748 450 38 38
749 451 38 38
750 450 38 38
750 451 39 39
751 450 38 38
752 451 40 40
752 452 39 39
753 451 39 39
754 452 40 40
755 453 40 40
756 454 40 40
757 454 40 40
759 455 39 39
759 456 39 39
759 456 39 39
759 455 41 41
761 457 40 40
762 457 40 40
763 458 40 40
764 458 40 40
765 459 40 40
766 459 40 40
767 460 41 41
767 459 41 41
768 461 40 40
769 461 41 41
770 461 40 40
770 463 41 41
771 462 40 40
771 463 42 42
772 463 42 42
773 466 42 42
775 464 41 41
776 465 41 41
777 466 42 42
778 466 43 43
779 466 42 42
779 467 43 43
780 466 42 42
781 467 43 43
781 469 42 42
782 470 42 42
783 470 41 41
785 471 41 41
785 470 41 41
785 471 42 42
786 472 43 43
787 470 42 42
789 473 42 42
790 475 41 41
791 473 41 41
792 475 41 41
792 475 42 42
794 476 42 42
795 475 42 42
795 476 43 43
797 475 42 42
798 477 42 42
798 477 43 43
799 476 43 43
799 477 44 44
801 477 43 43
801 477 45 45
802 476 45 45
803 478 45 45
804 477 45 45
805 478 46 46
806 477 46 46
807 479 47 47
809 477 47 47
808 478 48 48
810 478 48 48
811 478 48 48
812 478 48 48
813 480 47 47
813 479 47 47
814 481 47 47
815 481 47 47
816 481 47 47
817 482 47 47
818 482 47 47
818 484 47 47
820 484 47 47
820 484 48 48
822 483 49 49
822 483 49 49
823 484 49 49
824 484 49 49
826 486 48 48
827 488 49 49
828 485 49 49
828 488 49 49
830 486 48 48
830 489 49 49
832 486 49 49
833 489 50 50
835 489 49 49
837 492 48 48
839 493 47 47
839 493 47 47
840 492 48 48
840 492 49 49
841 491 50 50
843 491 52 52
844 491 53 53
846 489 55 55
848 487 57 57
850 486 59 59
851 485 62 62
847 489 62 62
852 486 63 63
853 485 65 65
854 484 66 66
855 485 66 66
856 486 66 66
859 489 64 64
861 491 64 64
863 489 64 64
865 488 64 64
865 490 64 64
866 491 64 64
868 491 63 63
870 491 63 63
872 493 62 62
873 495 62 62
876 495 60 60
877 500 59 59
879 500 58 58
880 502 58 58
882 503 57 57
884 505 55 55
885 507 54 54
886 510 53 53
887 512 52 52
890 513 52 52
891 515 52 52
893 516 51 51
893 516 52 52
895 517 52 52
898 518 52 52
901 520 51 51
901 521 52 52
903 523 52 52
905 524 51 51
907 526 52 52
909 528 52 52
912 530 52 52
913 533 53 53
915 534 53 53
918 536 52 52
920 538 52 52
922 539 52 52
923 540 52 52
924 542 52 52
926 543 52 52
928 544 52 52
930 544 52 52
931 545 52 52
932 544 53 53
933 543 54 54
935 542 54 54
937 544 55 55
939 546 56 56
942 548 55 55
944 552 57 57
947 553 56 56
950 555 56 56
954 558 56 56
954 560 57 57
958 561 57 57
962 563 56 56
966 566 55 55
970 569 55 55
973 574 55 55
974 579 54 54
977 581 54 54
980 582 54 54
982 584 54 54
984 586 55 55
986 589 54 54
986 592 54 54
990 594 53 53
991 596 53 53
993 597 53 53
995 599 54 54
999 603 53 53
998 602 54 54
1002 603 55 55
1002 605 54 54
1004 603 55 55
1006 606 54 54
1008 604 54 54
1009 605 55 55
1006 603 54 54
1011 602 55 55
1014 603 54 54
1015 604 54 54
1016 605 54 54
1016 604 53 53
1019 603 53 53
1020 601 53 53
1022 600 52 52
1025 601 51 51
1025 600 51 51
1027 599 51 51
1028 599 51 51
1028 599 51 51
1029 596 52 52
1030 595 51 51
1031 594 51 51
1032 597 50 50
1035 597 50 50
1035 597 50 50
1036 596 51 51
1037 595 52 52
1038 594 52 52
1039 595 52 52
1040 593 53 53
1039 594 53 53
1040 595 53 53
1041 593 54 54
1041 595 54 54
1042 595 54 54
1043 593 54 54
1043 593 53 53
1044 592 52 52
1046 593 52 52
1046 592 52 52
1046 592 52 52
1048 592 52 52
1049 594 52 52
1049 592 54 54
1050 591 54 54
1051 591 54 54
1051 591 54 54
1053 591 54 54
1054 590 54 54
1057 590 54 54
1056 590 54 54
1058 589 54 54
1060 589 54 54
1061 588 54 54
1062 590 53 53
1063 590 52 52
1065 591 51 51
1066 591 51 51
1068 592 51 51
1070 593 51 51
1072 595 51 51
1073 594 52 52
1075 596 52 52
1077 595 53 53
1078 596 53 53
1079 596 53 53
1081 597 52 52
1083 599 51 51
1084 598 51 51
1086 600 51 51
1088 601 51 51
1090 601 50 50
1092 603 50 50
1095 605 49 49
1098 606 48 48
1100 607 49 49
1102 608 48 48
1104 610 48 48
1107 612 48 48
1111 614 48 48
1114 615 48 48
1116 616 49 49
1118 616 50 50
1121 619 50 50
1123 622 50 50
1126 624 50 50
1129 626 49 49
1132 628 49 49
1135 631 49 49
1139 633 49 49
1141 634 49 49
1144 635 49 49
1147 638 49 49
1152 640 49 49
1155 641 49 49
1158 643 49 49
1161 644 49 49
1173 647 49 49
1176 648 50 50
1179 651 50 50
1181 655 50 50
1182 656 49 49
1195 662 49 49
1198 666 50 50
1201 670 49 49
1204 673 48 48
1219 678 48 48
1221 680 48 48
1223 680 48 48
1225 682 49 49
1238 688 50 50
1242 693 50 50
1244 698 50 50
1247 703 50 50
1263 707 50 50
1265 704 51 51
1269 705 51 51
1279 711 51 51
1290 710 52 52
1290 710 52 52
1290 710 52 52
1290 710 52 52
1290 710 52 52
1290 710 52 52
1290 710 52 52
1290 710 52 52
1290 710 52 52
1290 710 52 52
1290 710 52 52
1290 710 52 52
1290 710 52 52
1290 710 52 52
1290 710 52 52
1290 710 52 52
1290 710 52 52
1290 710 52 52
1290 710 52 52
1290 710 52 52
1290 710 52 52
1290 710 52 52
1290 710 52 52
1290 710 52 52
1290 710 52 52
1290 710 52 52
1290 710 52 52
1290 710 52 52
1290 710 52 52
1290 710 52 52
1290 710 52 52
1290 710 52 52
1290 710 52 52
1290 710 52 52
1290 710 52 52
1290 710 52 52
1290 710 52 52
1290 710 52 52
1290 710 52 52
1290 710 52 52
1290 710 52 52
1290 710 52 52
1290 710 52 52
1290 710 52 52
1290 710 52 52
1290 710 52 52
1290 710 52 52
1290 710 52 52
1290 710 52 52
1290 710 52 52
1290 710 52 52
1290 710 52 52
1290 710 52 52
1290 710 52 52
1290 710 52 52
1290 710 52 52
1290 710 52 52
1290 710 52 52
1290 710 52 52
1290 710 52 52
1290 710 52 52
1290 710 52 52
1290 710 52 52
1290 710 52 52
1290 710 52 52
1290 710 52 52
1290 710 52 52
1290 710 52 52
1290 710 52 52
1290 710 52 52
1290 710 52 52
1290 710 52 52
1290 710 52 52
1290 710 52 52
1290 710 52 52
1290 710 52 52
1290 710 52 52
1290 710 52 52
1290 710 52 52
1290 710 52 52
1290 710 52 52
1290 710 52 52
1290 710 52 52
1290 710 52 52
1290 710 52 52
1290 710 52 52
1290 710 52 52
1290 710 52 52
1290 710 52 52
1290 710 52 52
1290 710 52 52
1290 710 52 52
1290 710 52 52
1290 710 52 52
1290 710 52 52
1290 710 52 52
1290 710 52 52
1290 710 52 52
1290 710 52 52
1290 710 52 52
1290 710 52 52
1290 710 52 52
1290 710 52 52
1290 710 52 52
1290 710 52 52
1290 710 52 52
1290 710 52 52
1290 710 52 52
1290 710 52 52
1290 710 52 52
1290 710 52 52
1290 710 52 52
1290 710 52 52
1290 710 52 52
1290 710 52 52
1290 710 52 52
1290 710 52 52
1290 710 52 52
1290 710 52 52
1290 710 52 52
1290 710 52 52
1290 710 52 52
1290 710 52 52
1290 710 52 52
1290 710 52 52
1290 710 52 52
1290 710 52 52
1290 710 52 52
1290 710 52 52
1290 710 52 52
1290 710 52 52
1290 710 52 52
1290 710 52 52
1290 710 52 52
1290 710 52 52
1290 710 52 52
1290 710 52 52
1290 710 52 52
1290 710 52 52
1290 710 52 52
1290 710 52 52
1290 710 52 52
1290 710 52 52
1290 710 52 52
1290 710 52 52
1290 710 52 52
1290 710 52 52
1290 710 52 52
1290 710 52 52
1290 710 52 52
1290 710 52 52
1290 710 52 52
1290 710 52 52
1290 710 52 52
1290 710 52 52
1290 710 52 52
1290 710 52 52
1290 710 52 52
1290 710 52 52
1290 710 52 52
1290 710 52 52
1290 710 52 52
1290 710 52 52
1290 710 52 52
1290 710 52 52
1290 710 52 52
1290 710 52 52
1290 710 52 52
1290 710 52 52
1290 710 52 52
1290 710 52 52
1290 710 52 52
1290 710 52 52
1290 710 52 52
1290 710 52 52
1290 710 52 52
1290 710 52 52
1290 710 52 52
1290 710 52 52
1290 710 52 52
1290 710 52 52
1290 710 52 52
1290 710 52 52
1290 710 52 52
1290 710 52 52
1290 710 52 52
1290 710 52 52
1290 710 52 52
1290 710 52 52
1290 710 52 52
1290 710 52 52
1290 710 52 52
1290 710 52 52
1290 710 52 52
1290 710 52 52
1290 710 52 52
1290 710 52 52
1290 710 52 52
1290 710 52 52
1290 710 52 52
1290 710 52 52
1290 710 52 52
1290 710 52 52
1290 710 52 52
1290 710 52 52
1290 710 52 52
1290 710 52 52
1290 710 52 52
1290 710 52 52
1290 710 52 52
1290 710 52 52
1290 710 52 52
1290 710 52 52
1290 710 52 52
1290 710 52 52
1290 710 52 52
1290 710 52 52
1290 710 52 52
1290 710 52 52
1290 710 52 52
1290 710 52 52
1290 710 52 52
1290 710 52 52
1290 710 52 52
1290 710 52 52
1290 710 52 52
1290 710 52 52
1290 710 52 52
1290 710 52 52
1290 710 52 52
1290 710 52 52
1290 710 52 52
1290 710 52 52
1290 710 52 52
1290 710 52 52
1290 710 52 52
1290 710 52 52
1290 710 52 52
1290 710 52 52
1290 710 52 52
1290 710 52 52
1290 710 52 52
1290 710 52 52
1290 710 52 52
1290 710 52 52
1290 710 52 52
1290 710 52 52
1290 710 52 52
1290 710 52 52
1290 710 52 52
1290 710 52 52
1290 710 52 52
1290 710 52 52
1290 710 52 52
1290 710 52 52
1290 710 52 52
1290 710 52 52
1290 710 52 52
1290 710 52 52
1290 710 52 52
1290 710 52 52
1290 710 52 52
1290 710 52 52
1290 710 52 52
1290 710 52 52
1290 710 52 52
1290 710 52 52
1290 710 52 52
1290 710 52 52
1290 710 52 52
1290 710 52 52
1290 710 52 52
1290 710 52 52
1290 710 52 52
1290 710 52 52
1290 710 52 52
1290 710 52 52
1290 710 52 52
1290 710 52 52
1290 710 52 52
1290 710 52 52
1290 710 52 52
1290 710 52 52
1290 710 52 52
1290 710 52 52
1290 710 52 52
1290 710 52 52
1290 710 52 52
1290 710 52 52
1290 710 52 52
1290 710 52 52
1290 710 52 52
1290 710 52 52
1290 710 52 52
1249 689 52 52
1256 693 52 52
1264 700 53 53
1270 704 54 54
1269 700 55 55
1286 705 55 55
1286 705 55 55
1263 687 55 55
1263 687 55 55
1263 687 55 55
1263 687 55 55
1263 687 55 55
1263 687 55 55
1263 687 55 55
1263 687 55 55
1222 662 55 55
1228 668 56 56
1244 677 56 56
1256 687 57 57
1263 696 58 58
1278 704 59 59
1282 698 59 59
1279 690 60 60
1284 695 60 60
1303 711 51 51
1303 711 51 51
1303 711 51 51
1297 706 52 52
1297 706 52 52
1297 706 52 52
1297 706 52 52
1297 706 52 52
1297 706 52 52
1297 706 52 52
1297 706 52 52
1297 706 52 52
1297 706 52 52
1297 706 52 52
1297 706 52 52
1297 706 52 52
1297 706 52 52
1297 706 52 52
1297 706 52 52
1297 706 52 52
1297 706 52 52
1297 706 52 52
1297 706 52 52
1297 706 52 52
1297 706 52 52
1297 706 52 52
1297 706 52 52
1297 706 52 52
1297 706 52 52
1297 706 52 52
1297 706 52 52
1297 706 52 52
1297 706 52 52
1297 706 52 52
1297 706 52 52
1297 706 52 52
1297 706 52 52
1297 706 52 52
1297 706 52 52
1297 706 52 52
1297 706 52 52
1297 706 52 52
1297 706 52 52
1297 706 52 52
1297 706 52 52
1297 706 52 52
1297 706 52 52
1297 706 52 52
1297 706 52 52
1297 706 52 52
1297 706 52 52
1297 706 52 52
1297 706 52 52
1297 706 52 52
1297 706 52 52
1297 706 52 52
1297 706 52 52
1297 706 52 52
1297 706 52 52
1297 706 52 52
1297 706 52 52
1297 706 52 52
1297 706 52 52
1297 706 52 52
1297 706 52 52
1297 706 52 52
1297 706 52 52
1297 706 52 52
1297 706 52 52
1297 706 52 52
1297 706 52 52
1297 706 52 52
1297 706 52 52
1297 706 52 52
1297 706 52 52
1297 706 52 52
1297 706 52 52
1297 706 52 52
1297 706 52 52
1297 706 52 52
1297 706 52 52
1297 706 52 52
1297 706 52 52
1297 706 52 52
1297 706 52 52
1297 706 52 52
1297 706 52 52
1297 706 52 52
1297 706 52 52
1297 706 52 52
1297 706 52 52
1297 706 52 52
1297 706 52 52
1297 706 52 52
1297 706 52 52
1297 706 52 52
1297 706 52 52
1297 706 52 52
1297 706 52 52
1297 706 52 52
1297 706 52 52
1297 706 52 52
1297 706 52 52
1297 706 52 52
1297 706 52 52
1297 706 52 52
1297 706 52 52
1297 706 52 52
1297 706 52 52
1297 706 52 52
1297 706 52 52
1297 706 52 52
1297 706 52 52
1297 706 52 52
1297 706 52 52
1297 706 52 52
1297 706 52 52
1297 706 52 52
1297 706 52 52
1297 706 52 52
1297 706 52 52
1297 706 52 52
1297 706 52 52
1297 706 52 52
1297 706 52 52
1297 706 52 52
1297 706 52 52
1297 706 52 52
1297 706 52 52
1297 706 52 52
1297 706 52 52
1297 706 52 52
1297 706 52 52
1297 706 52 52
1297 706 52 52
1297 706 52 52
1297 706 52 52
1297 706 52 52
1297 706 52 52
1297 706 52 52
1297 706 52 52
1297 706 52 52
1297 706 52 52
1297 706 52 52
1297 706 52 52
1297 706 52 52
1297 706 52 52
1297 706 52 52
1297 706 52 52
1297 706 52 52
1297 706 52 52
1297 706 52 52
1297 706 52 52
1297 706 52 52
1297 706 52 52
1297 706 52 52
1297 706 52 52
1297 706 52 52
1297 706 52 52
1297 706 52 52
1297 706 52 52
1297 706 52 52
1297 706 52 52
1297 706 52 52
1297 706 52 52
1297 706 52 52
1297 706 52 52
1297 706 52 52
1297 706 52 52
1297 706 52 52
1297 706 52 52
1297 706 52 52
1297 706 52 52
1297 706 52 52
1297 706 52 52
1297 706 52 52
1297 706 52 52
1297 706 52 52
1297 706 52 52
1297 706 52 52
1297 706 52 52
1297 706 52 52
1297 706 52 52
1297 706 52 52
1297 706 52 52
1297 706 52 52
1297 706 52 52
1297 706 52 52
1297 706 52 52
1297 706 52 52
1297 706 52 52
1297 706 52 52
1297 706 52 52
1297 706 52 52
1297 706 52 52
1297 706 52 52
1297 706 52 52
1297 706 52 52
1297 706 52 52
1297 706 52 52
1297 706 52 52
1297 706 52 52
1297 706 52 52
1297 706 52 52
1297 706 52 52
1297 706 52 52
1297 706 52 52
1297 706 52 52
1297 706 52 52
1297 706 52 52
1297 706 52 52
1297 706 52 52
1297 706 52 52
1297 706 52 52
1297 706 52 52
1297 706 52 52
1297 706 52 52
1297 706 52 52
1297 706 52 52
1297 706 52 52
1297 706 52 52
1297 706 52 52
1297 706 52 52
1297 706 52 52
1297 706 52 52
1297 706 52 52
1297 706 52 52
1297 706 52 52
1297 706 52 52
1297 706 52 52
1297 706 52 52
1297 706 52 52
1297 706 52 52
1297 706 52 52
1297 706 52 52
1297 706 52 52
1297 706 52 52
1297 706 52 52
1297 706 52 52
1297 706 52 52
1297 706 52 52
1297 706 52 52
1297 706 52 52
1297 706 52 52
1297 706 52 52
1297 706 52 52
1297 706 52 52
1297 706 52 52
1297 706 52 52
1297 706 52 52
1297 706 52 52
1297 706 52 52
1297 706 52 52
1297 706 52 52
1297 706 52 52
1297 706 52 52
1297 706 52 52
1297 706 52 52
1297 706 52 52
1297 706 52 52
1297 706 52 52
1297 706 52 52
1297 706 52 52
1297 706 52 52
1297 706 52 52
1297 706 52 52
1297 706 52 52
1297 706 52 52
1297 706 52 52
1297 706 52 52
1297 706 52 52
1297 706 52 52
1297 706 52 52
1297 706 52 52
1297 706 52 52
1297 706 52 52
1297 706 52 52
1297 706 52 52
1297 706 52 52
1297 706 52 52
1297 706 52 52
1297 706 52 52
1297 706 52 52
1297 706 52 52
1297 706 52 52
1297 706 52 52
1297 706 52 52
1297 706 52 52
1297 706 52 52
1297 706 52 52
1297 706 52 52
1297 706 52 52
1297 706 52 52
1297 706 52 52
1297 706 52 52
1297 706 52 52
1297 706 52 52
1297 706 52 52
1297 706 52 52
1297 706 52 52
1297 706 52 52
1297 706 52 52
1297 706 52 52
1297 706 52 52
1297 706 52 52
1297 706 52 52
1297 706 52 52
1297 706 52 52
1297 706 52 52
1297 706 52 52
1297 706 52 52
1297 706 52 52
1297 706 52 52
1297 706 52 52
1297 706 52 52
1297 706 52 52
1297 706 52 52
1297 706 52 52
1297 706 52 52
1297 706 52 52
1297 706 52 52
1297 706 52 52
1297 706 52 52
1297 706 52 52
1297 706 52 52
1297 706 52 52
1297 706 52 52
1297 706 52 52
1297 706 52 52
1297 706 52 52
1297 706 52 52
1297 706 52 52
1297 706 52 52
1297 706 52 52
1297 706 52 52
1297 706 52 52
1297 706 52 52
1297 706 52 52
1297 706 52 52
1297 706 52 52
1297 706 52 52
1297 706 52 52
1297 706 52 52
1297 706 52 52
1297 706 52 52
1297 706 52 52
1297 706 52 52
1297 706 52 52
1297 706 52 52
1297 706 52 52
1297 706 52 52
1297 706 52 52
1297 706 52 52
1297 706 52 52
1297 706 52 52
1297 706 52 52
1297 706 52 52
1297 706 52 52
1297 706 52 52
1297 706 52 52
1297 706 52 52
1297 706 52 52
1297 706 52 52
1297 706 52 52
1297 706 52 52
1297 706 52 52
1297 706 52 52
1297 706 52 52
1297 706 52 52
1297 706 52 52
1297 706 52 52
1297 706 52 52
1297 706 52 52
1297 706 52 52
1297 706 52 52
1297 706 52 52
1297 706 52 52
1297 706 52 52
1297 706 52 52
1297 706 52 52
1297 706 52 52
1297 706 52 52
1297 706 52 52
1297 706 52 52
1297 706 52 52
1297 706 52 52
1297 706 52 52
1297 706 52 52
1297 706 52 52
1297 706 52 52
1297 706 52 52
1297 706 52 52
1297 706 52 52
1297 706 52 52
1297 706 52 52
1297 706 52 52
1297 706 52 52
1297 706 52 52
1297 706 52 52
1297 706 52 52
1297 706 52 52
1297 706 52 52
1297 706 52 52
1297 706 52 52
1297 706 52 52
1297 706 52 52
1297 706 52 52
1297 706 52 52
1297 706 52 52
1297 706 52 52
1297 706 52 52
1297 706 52 52
1297 706 52 52
1297 706 52 52
1297 706 52 52
1297 706 52 52
1297 706 52 52
1297 706 52 52
1297 706 52 52
1297 706 52 52
1297 706 52 52
1297 706 52 52
1297 706 52 52
1297 706 52 52
1297 706 52 52
1297 706 52 52
1297 706 52 52
1297 706 52 52
1297 706 52 52
1297 706 52 52
1297 706 52 52
1297 706 52 52
1297 706 52 52
1297 706 52 52
1297 706 52 52
1297 706 52 52
1297 706 52 52
1297 706 52 52
1297 706 52 52
1297 706 52 52
1297 706 52 52
1297 706 52 52
1297 706 52 52
1297 706 52 52
1297 706 52 52
1297 706 52 52
1297 706 52 52
1297 706 52 52
1297 706 52 52
1297 706 52 52
1297 706 52 52
1297 706 52 52
1297 706 52 52
1297 706 52 52
1297 706 52 52
1297 706 52 52
1297 706 52 52
1297 706 52 52
1297 706 52 52
1297 706 52 52
1297 706 52 52
1297 706 52 52
1297 706 52 52
1297 706 52 52
1297 706 52 52
1297 706 52 52
1297 706 52 52
1297 706 52 52
1297 706 52 52
1297 706 52 52
1297 706 52 52
1297 706 52 52
1297 706 52 52
1297 706 52 52
1297 706 52 52
1297 706 52 52
1297 706 52 52
1297 706 52 52
1297 706 52 52
1297 706 52 52
1297 706 52 52
1297 706 52 52
1297 706 52 52
1297 706 52 52
1297 706 52 52
1297 706 52 52
1297 706 52 52
1297 706 52 52
1297 706 52 52
1297 706 52 52
1297 706 52 52
1297 706 52 52
1297 706 52 52
1297 706 52 52
1297 706 52 52
1297 706 52 52
1297 706 52 52
1297 706 52 52
1297 706 52 52
1297 706 52 52
1297 706 52 52
1297 706 52 52
1297 706 52 52
1297 706 52 52
1297 706 52 52
1297 706 52 52
1297 706 52 52
1297 706 52 52
1297 706 52 52
1297 706 52 52
1297 706 52 52
1297 706 52 52
1297 706 52 52
1297 706 52 52
1297 706 52 52
1297 706 52 52
1297 706 52 52
1297 706 52 52
1297 706 52 52
1297 706 52 52
1297 706 52 52
1297 706 52 52
1297 706 52 52
1297 706 52 52
1297 706 52 52
1297 706 52 52
1297 706 52 52
1297 706 52 52
1297 706 52 52
1297 706 52 52
1297 706 52 52
1297 706 52 52
1297 706 52 52
1297 706 52 52
1297 706 52 52
1297 706 52 52
1297 706 52 52
1297 706 52 52
1297 706 52 52
1297 706 52 52
1297 706 52 52
1297 706 52 52
1297 706 52 52
1297 706 52 52
1297 706 52 52
1297 706 52 52
1297 706 52 52
1297 706 52 52
1297 706 52 52
1297 706 52 52
1297 706 52 52
1297 706 52 52
1297 706 52 52
1297 706 52 52
1297 706 52 52
1297 706 52 52
1297 706 52 52
1297 706 52 52
1297 706 52 52
1297 706 52 52
1297 706 52 52
1297 706 52 52
1297 706 52 52
1297 706 52 52
1297 706 52 52
1297 706 52 52
1297 706 52 52
1297 706 52 52
1297 706 52 52
1297 706 52 52
1297 706 52 52
1297 706 52 52
1297 706 52 52
1297 706 52 52
1297 706 52 52
1297 706 52 52
1297 706 52 52
1297 706 52 52
1297 706 52 52
1297 706 52 52
1297 706 52 52
1297 706 52 52
1297 706 52 52
1297 706 52 52
1297 706 52 52
1297 706 52 52
1297 706 52 52
1297 706 52 52
1297 706 52 52
1297 706 52 52
1297 706 52 52
1297 706 52 52
1297 706 52 52
1297 706 52 52
1297 706 52 52
1297 706 52 52
1297 706 52 52
1297 706 52 52
1297 706 52 52
1297 706 52 52
1297 706 52 52
1297 706 52 52
1297 706 52 52
1297 706 52 52
1297 706 52 52
1297 706 52 52
1297 706 52 52
1297 706 52 52
1297 706 52 52
1297 706 52 52
