797 476 85 78
794 475 83 76
791 473 82 75
788 470 82 75
785 469 81 74
781 466 81 74
778 464 81 74
776 463 79 72
771 460 81 74
768 459 81 74
767 458 77 71
762 453 78 72
761 453 75 70
755 450 77 72
755 449 75 70
751 446 76 71
751 445 75 70
749 445 73 68
747 443 74 69
747 442 72 68
747 440 71 67
745 438 72 68
745 438 71 67
744 435 70 66
744 436 69 65
744 433 69 65
743 433 69 65
743 432 68 64
743 431 68 64
742 429 68 64
742 429 67 63
739 426 68 64
740 426 67 63
739 425 67 63
739 424 66 62
738 423 66 62
738 423 66 62
738 422 65 61
736 420 65 61
736 420 65 61
736 419 65 61
736 418 64 60
734 418 65 61
734 417 64 60
733 416 64 60
733 416 63 59
733 414 63 59
732 414 63 59
731 413 64 60
731 413 63 59
731 411 63 59
731 411 62 58
730 411 62 58
730 410 62 58
730 410 61 57
730 409 60 56
728 408 62 58
729 409 60 57
728 406 63 59
728 408 60 56
727 405 62 58
727 406 60 56
726 405 61 57
726 405 59 56
726 405 60 57
726 404 59 56
725 404 59 56
725 403 59 56
725 404 58 55
725 402 59 56
724 402 58 55
723 401 59 56
722 401 58 55
722 399 59 56
721 399 59 56
720 400 58 55
719 398 59 56
719 399 57 54
717 398 59 56
717 399 57 54
716 397 57 54
716 397 56 53
714 396 58 55
715 397 56 53
713 395 59 55
713 396 57 53
712 395 58 54
712 395 57 53
712 395 56 52
712 395 57 53
711 394 58 54
712 395 56 52
711 394 57 53
711 394 56 52
711 394 56 52
710 394 56 52
710 393 57 53
709 392 57 53
709 393 55 51
707 391 56 52
706 391 57 53
706 392 55 52
706 392 56 52
706 393 54 50
704 392 55 51
704 392 55 51
704 392 54 50
704 393 54 50
702 391 57 52
703 392 55 51
703 392 55 51
702 392 55 51
701 392 56 52
702 393 54 50
701 392 56 52
702 393 54 50
700 391 56 52
701 392 54 50
699 391 56 52
699 391 56 52
700 392 54 50
699 391 56 52
699 392 54 50
698 391 56 52
698 392 54 50
699 392 56 51
699 393 55 50
698 393 55 50
697 393 55 50
697 393 55 50
697 394 55 50
696 394 56 51
697 395 55 50
697 395 55 50
696 394 55 50
696 395 55 50
695 394 55 50
694 394 56 51
693 394 55 50
690 393 57 52
689 394 57 52
690 396 55 50
690 396 55 50
690 397 55 50
689 396 56 51
690 396 56 51
689 397 56 51
690 397 56 51
689 397 56 51
689 398 56 51
688 398 57 52
688 399 56 51
688 399 57 52
688 400 56 51
688 400 56 51
688 400 56 51
688 401 55 50
686 401 57 52
687 402 56 51
686 402 57 52
686 403 56 51
685 403 58 53
685 403 58 53
686 404 56 51
685 404 57 52
685 405 56 51
685 405 58 52
685 407 56 50
684 406 58 52
684 408 56 50
685 409 56 50
683 408 58 51
684 410 56 50
682 409 59 52
682 411 57 50
682 411 59 52
683 413 57 51
681 412 59 53
682 413 58 52
682 415 58 52
681 415 58 52
681 415 59 53
680 415 60 54
680 416 60 54
679 416 60 54
679 416 62 55
679 417 60 53
677 417 61 54
676 418 62 55
677 419 61 54
676 420 62 55
677 421 61 54
677 422 61 54
677 423 60 53
677 423 61 54
676 424 61 54
676 424 62 55
676 425 60 54
677 427 60 54
676 427 61 55
676 428 60 54
675 428 63 57
675 430 60 55
675 430 62 57
675 432 61 56
674 432 62 57
675 433 61 57
674 433 61 57
673 434 62 58
673 434 63 59
673 436 61 57
673 436 62 58
672 437 63 59
672 438 62 58
671 439 64 60
670 440 64 60
670 441 64 60
669 441 65 61
668 442 66 62
668 444 66 62
668 446 64 60
668 446 66 62
668 448 64 60
668 449 65 61
668 450 64 60
667 451 66 62
667 453 64 60
666 453 67 63
666 455 64 60
667 457 64 60
665 456 66 62
665 457 67 63
665 459 65 61
663 458 67 63
663 461 66 62
663 461 68 64
664 463 65 62
663 463 66 63
662 463 67 64
661 465 67 64
660 465 67 64
660 466 68 65
660 467 67 64
660 467 67 64
659 468 68 65
660 469 67 64
658 469 68 65
658 470 67 64
657 471 68 65
657 471 68 65
657 472 68 65
656 472 69 66
656 474 67 64
656 474 68 65
655 474 69 66
655 475 67 64
654 475 68 65
653 474 69 66
652 476 69 66
653 476 68 65
652 476 68 65
651 475 70 67
652 477 67 64
652 477 68 65
652 477 68 65
652 477 68 65
652 478 69 66
652 479 67 64
652 478 68 65
654 478 68 65
655 478 67 64
655 478 69 66
656 479 68 65
657 479 68 65
658 479 67 64
659 478 68 65
661 478 67 64
662 480 66 63
663 480 65 62
661 479 67 64
661 478 68 65
661 477 69 66
662 478 67 64
662 477 68 65
663 477 68 65
664 477 67 64
664 478 66 63
665 477 67 64
665 478 65 62
665 476 67 64
665 477 65 62
665 475 67 64
666 476 65 62
666 475 67 64
667 477 64 61
667 474 66 63
668 475 65 62
667 475 65 62
667 474 66 63
668 474 65 62
668 474 65 62
667 474 66 62
667 474 66 62
668 474 65 61
668 473 64 60
667 472 66 62
667 473 64 60
667 473 64 60
667 472 64 60
666 471 65 61
667 471 63 59
667 470 64 60
667 471 62 58
666 468 64 60
666 469 63 59
666 468 62 58
667 468 61 57
666 467 61 57
667 467 60 56
666 467 61 57
665 466 61 57
666 465 60 56
665 466 59 55
665 464 61 56
664 465 59 54
664 462 61 56
664 462 59 54
664 462 59 54
664 460 61 56
664 460 60 55
664 459 60 55
664 458 60 55
664 457 61 56
663 457 62 57
664 456 61 56
664 455 61 56
664 454 61 56
663 453 61 56
663 452 61 56
663 452 61 56
664 450 59 54
664 451 60 55
665 449 59 54
663 449 59 54
663 448 60 55
665 447 58 53
663 446 59 54
662 446 59 54
663 447 57 53
663 445 57 53
664 444 57 53
664 443 56 52
663 443 57 53
664 442 55 51
663 441 56 52
663 442 55 51
663 438 56 52
663 440 54 50
662 439 55 51
661 437 56 52
662 438 54 50
661 438 55 51
661 434 57 53
660 434 57 53
660 433 57 53
660 433 57 53
660 432 57 53
659 431 57 53
659 431 57 53
659 430 57 53
658 429 57 53
658 429 57 53
659 429 54 50
660 429 53 49
659 427 53 49
659 428 53 49
658 425 53 49
657 425 55 51
657 425 53 50
658 425 52 49
658 424 52 49
658 424 52 49
658 424 51 48
657 424 51 48
657 423 51 48
657 423 50 47
656 421 51 48
656 422 51 48
655 420 52 49
656 421 50 47
655 418 52 49
656 419 50 47
656 419 50 47
657 419 49 46
656 419 49 46
656 418 50 47
657 417 50 47
657 417 49 46
657 417 49 46
658 417 49 46
658 417 49 46
657 416 49 46
657 416 48 45
657 415 49 46
657 415 48 45
658 415 49 46
658 415 48 45
658 415 48 45
658 414 49 46
657 414 50 47
657 414 48 46
658 415 47 45
657 413 49 47
658 414 47 45
657 413 48 46
658 414 47 45
657 412 48 46
658 414 47 45
657 412 48 46
659 414 46 44
658 413 47 45
658 413 46 44
658 413 47 45
658 412 47 45
658 412 47 45
658 412 47 45
658 412 47 45
658 412 46 44
658 413 47 45
658 412 47 45
658 412 47 45
658 412 47 45
658 412 47 45
658 412 47 45
658 412 46 44
659 413 47 45
658 412 47 45
659 413 46 44
659 414 47 45
659 411 48 46
661 413 47 45
661 413 46 44
661 414 47 45
661 412 47 45
662 413 47 45
663 413 46 44
663 414 48 45
663 413 47 44
664 414 47 44
664 415 47 44
664 415 47 44
664 415 47 44
664 416 47 44
664 415 48 45
665 415 47 44
664 415 47 44
665 416 46 43
665 416 46 43
665 416 47 44
664 416 47 44
662 416 48 45
663 417 49 46
663 417 49 46
663 417 49 46
663 418 49 46
663 418 49 46
663 419 48 45
664 419 48 45
663 418 49 46
663 419 49 46
663 419 49 46
662 419 50 47
663 419 49 46
664 422 48 45
664 422 48 45
664 424 47 44
665 426 46 43
665 425 46 43
665 428 46 43
665 427 45 42
665 431 45 42
664 430 45 42
664 432 45 42
664 432 45 42
664 432 45 42
665 433 45 42
664 435 45 42
664 436 45 42
664 437 45 42
664 438 45 42
663 439 46 43
663 439 46 43
663 439 46 43
663 439 46 43
663 439 46 43
663 439 46 43
663 439 46 43
663 439 46 43
663 439 46 43
663 439 46 43
663 439 46 43
663 439 46 43
663 439 46 43
663 439 46 43
663 439 46 43
663 439 46 43
663 439 46 43
663 439 46 43
663 439 46 43
663 439 46 43
663 439 46 43
663 439 46 43
663 439 46 43
663 439 46 43
663 439 46 43
663 439 46 43
663 439 46 43
663 439 46 43
663 439 46 43
663 439 46 43
684 358 78 71
685 374 77 71
695 367 78 72
688 373 76 70
684 377 76 70
695 370 76 70
688 378 75 69
684 381 76 70
695 374 76 70
688 381 75 69
685 384 76 70
696 377 76 70
688 385 75 69
689 385 75 69
697 380 75 69
701 379 75 69
701 380 73 67
690 392 72 66
698 387 73 67
700 383 73 67
690 395 72 66
699 390 73 67
689 397 73 67
700 392 74 67
690 400 74 67
698 395 75 68
699 390 75 68
686 403 75 68
697 398 75 68
698 395 75 68
688 406 75 68
697 401 76 69
699 398 76 69
700 398 76 69
701 400 77 70
701 400 77 70
702 402 74 67
705 405 73 66
701 406 72 66
705 409 70 64
703 414 69 63
705 419 66 60
703 422 63 58
701 423 63 58
700 426 63 58
701 428 63 58
700 429 63 58
701 430 63 58
701 431 63 58
700 432 63 58
701 434 63 58
702 433 63 58
701 437 63 58
701 435 63 58
701 438 63 58
702 437 63 58
701 441 63 58
702 439 63 58
701 442 63 58
702 441 63 58
701 444 63 58
702 443 63 58
702 446 63 58
702 444 63 58
702 448 63 58
703 447 63 58
703 450 63 58
703 448 63 58
702 452 63 58
703 451 63 58
705 455 60 55
705 456 58 53
706 458 57 52
706 459 58 53
706 460 58 53
706 460 58 53
707 461 57 52
706 463 59 54
706 463 58 54
708 465 57 53
705 464 59 55
707 465 59 55
707 465 59 55
708 467 59 55
707 468 60 56
708 470 58 54
709 472 58 54
709 474 58 54
710 475 57 53
709 474 58 54
709 475 59 55
708 476 59 55
709 477 59 55
709 479 59 55
709 479 58 54
709 480 60 56
709 480 60 56
708 480 61 57
709 480 60 57
709 480 60 57
709 482 60 57
710 482 60 57
709 483 60 57
710 484 60 57
709 483 60 57
710 486 61 58
709 485 61 58
709 487 61 58
710 488 60 57
710 488 60 57
710 490 61 58
710 489 62 59
711 490 61 58
709 492 63 60
710 492 62 59
710 490 62 59
710 493 62 59
710 492 62 59
710 495 62 59
710 494 63 60
710 496 63 60
709 494 64 61
710 497 63 60
709 496 64 61
711 499 63 60
709 497 64 61
710 500 63 60
709 499 64 61
710 500 64 61
711 500 64 61
709 501 66 63
710 501 65 62
709 502 66 63
710 501 65 62
708 504 66 63
710 504 66 63
710 502 67 64
707 504 69 66
709 504 67 64
710 506 67 64
709 506 67 64
710 506 68 65
709 508 68 65
710 507 67 64
708 509 69 66
709 507 68 65
710 510 68 65
710 509 68 65
711 511 68 65
710 511 68 65
711 511 68 65
709 512 69 66
710 512 70 67
711 513 69 66
709 515 70 67
711 513 69 66
709 517 70 67
712 516 68 65
711 518 70 67
711 516 70 67
710 519 71 68
711 518 70 67
711 521 70 67
712 519 69 66
710 524 68 65
712 522 69 66
710 525 70 67
712 524 70 67
712 524 71 68
711 527 71 68
713 527 70 67
712 527 71 68
711 529 71 68
712 530 71 68
711 530 72 69
713 532 72 69
713 532 73 70
711 534 74 70
713 535 75 71
711 537 74 70
713 538 74 70
714 539 74 70
712 541 75 71
714 540 74 70
713 544 73 69
714 544 73 69
713 546 73 69
714 546 73 69
713 548 73 69
714 548 74 70
715 551 73 69
714 551 74 70
716 553 73 69
715 554 72 68
717 556 72 68
717 556 72 68
716 558 74 70
717 559 74 70
717 561 74 70
716 563 74 70
717 564 74 70
718 567 75 71
716 565 75 71
716 569 77 73
717 569 76 72
717 573 78 74
718 574 77 74
717 575 77 74
717 577 79 76
718 579 79 76
718 581 79 76
718 582 79 76
719 585 80 77
720 584 80 77
719 588 82 79
719 588 82 79
720 592 82 79
720 591 82 79
719 595 84 81
720 596 84 81
721 598 84 81
720 602 84 81
720 601 84 81
721 604 85 82
719 607 86 83
720 607 85 82
720 609 86 83
721 611 87 84
722 614 86 83
721 613 87 84
720 617 89 86
721 617 88 85
722 619 89 86
722 623 89 86
721 621 90 87
722 624 91 88
723 627 91 88
721 628 92 89
723 628 93 90
722 635 93 90
721 633 93 90
722 636 94 91
722 636 94 91
723 639 94 91
722 639 94 91
722 643 94 91
721 643 94 91
722 647 94 91
721 648 94 91
722 649 94 91
723 651 94 91
722 651 94 91
723 652 94 91
724 651 94 91
723 651 94 91
724 651 94 91
722 652 94 91
723 651 94 91
724 652 94 91
725 653 94 91
725 654 94 91
725 653 94 91
725 652 94 91
724 652 94 91
724 651 94 91
724 650 94 91
724 650 94 91
725 650 94 91
726 651 94 91
726 651 94 91
725 654 94 91
726 650 94 91
727 654 94 91
725 647 94 91
726 648 94 91
727 647 94 91
725 644 94 91
726 643 94 91
726 640 94 91
727 636 94 91
727 632 94 91
726 624 96 93
726 622 98 95
726 621 97 94
727 616 96 93
727 615 97 94
725 614 96 93
726 607 97 94
724 609 98 95
726 602 97 94
725 604 96 93
726 597 97 94
727 598 96 93
724 592 97 94
726 589 96 93
727 586 95 92
727 585 95 92
723 579 95 92
722 574 97 94
722 569 100 97
722 566 102 99
720 564 103 100
720 563 103 100
720 558 102 99
721 554 102 99
720 553 104 101
719 549 103 100
719 545 104 101
719 541 103 100
719 538 103 100
719 534 103 100
718 531 103 100
719 527 101 98
719 523 102 99
720 519 102 99
720 518 103 100
718 516 104 101
720 512 103 100
718 511 104 101
720 507 102 99
719 504 103 100
719 500 103 100
719 498 103 100
720 495 102 99
721 492 101 98
719 490 103 100
720 487 101 98
720 485 101 98
720 483 101 98
720 480 101 98
720 478 101 98
721 476 101 98
721 473 100 97
722 471 100 97
722 469 99 96
722 466 99 96
722 465 100 97
722 462 99 96
722 461 101 97
720 457 100 96
721 456 99 95
721 452 99 95
721 451 100 96
721 448 100 96
721 448 101 97
720 444 101 97
720 442 102 98
721 439 102 98
720 438 103 99
720 435 102 98
720 434 104 100
721 431 103 99
721 429 104 100
721 428 105 101
720 427 104 100
719 422 105 101
719 422 108 104
716 419 110 106
715 418 112 108
716 418 110 106
716 416 109 105
716 413 109 105
717 409 110 106
717 408 111 107
716 405 112 108
716 402 115 111
715 397 117 113
714 396 118 114
714 394 120 116
712 390 123 119
711 388 125 121
710 385 126 122
723 388 127 123
715 383 127 123
710 379 127 123
710 379 127 123
709 377 129 125
709 376 130 126
708 375 131 127
707 372 132 128
708 374 131 127
708 371 130 126
710 372 130 126
710 369 129 125
711 371 129 125
714 373 127 123
716 375 125 121
717 373 123 119
719 374 123 119
719 367 125 121
719 371 128 124
718 364 128 124
718 365 129 125
719 361 127 123
719 364 129 125
718 357 129 125
719 361 130 126
719 353 131 127
719 355 133 129
720 357 132 128
722 358 131 127
721 355 133 128
722 359 134 129
719 356 138 132
722 360 137 131
719 356 141 135
720 361 141 135
720 361 143 137
720 361 145 139
719 361 148 142
718 363 150 144
716 363 151 145
715 360 154 148
718 368 152 146
716 362 154 148
718 368 153 147
715 362 156 150
717 367 156 150
716 365 159 153
717 369 158 152
716 365 160 154
718 372 157 151
719 367 159 153
721 374 157 151
720 371 158 152
722 377 158 152
721 372 158 152
722 378 158 152
720 372 160 154
723 379 160 154
721 374 161 155
721 379 162 156
719 374 163 157
723 380 161 155
721 375 164 157
725 382 163 156
722 377 167 159
724 382 167 159
722 376 170 162
724 384 167 159
720 377 170 162
725 385 166 158
722 379 169 161
724 387 166 159
720 380 167 160
724 389 165 158
725 383 167 160
728 391 165 159
728 383 165 159
730 391 162 156
731 389 161 155
733 388 159 153
734 395 156 150
734 391 156 150
736 395 155 149
734 392 152 146
736 396 151 145
738 396 152 145
736 395 151 144
738 399 152 145
741 399 150 143
739 397 148 141
739 402 151 144
741 401 150 143
738 398 148 141
736 403 151 144
737 401 152 145
734 400 151 144
736 402 153 146
733 401 152 145
737 401 153 146
734 406 152 145
736 404 154 147
736 406 152 145
739 406 151 144
739 409 148 141
742 408 147 140
742 412 144 137
746 412 142 135
747 416 141 134
748 419 139 132
752 422 137 131
756 427 134 128
758 429 132 126
759 431 131 125
760 434 129 123
761 431 129 123
760 434 128 122
762 435 128 122
761 434 127 121
759 433 128 122
761 434 126 120
761 433 125 119
761 433 123 117
760 430 126 120
761 431 127 121
759 433 128 122
761 435 128 122
762 437 127 121
762 441 125 119
760 440 123 117
764 439 122 116
762 435 121 115
764 432 121 115
761 430 121 115
766 425 123 117
768 429 122 116
768 429 119 113
773 427 114 109
775 425 110 105
778 423 105 101
779 421 100 97
779 417 96 93
781 415 93 90
780 409 92 89
780 402 93 90
779 396 92 89
777 389 93 90
776 380 96 93
774 371 97 94
773 365 96 93
773 360 95 92
776 352 93 90
776 351 94 91
777 348 92 89
779 349 90 87
780 351 89 86
779 351 90 87
778 347 91 88
778 344 91 88
778 342 90 87
777 340 89 86
775 336 89 86
776 333 91 88
776 333 91 88
776 333 91 88
776 333 91 88
776 333 91 88
776 333 91 88
776 333 91 88
776 333 91 88
776 333 91 88
776 333 91 88
776 333 91 88
776 333 91 88
776 333 91 88
776 333 91 88
776 333 91 88
776 333 91 88
776 333 91 88
776 333 91 88
776 333 91 88
776 333 91 88
776 333 91 88
776 333 91 88
776 333 91 88
776 333 91 88
776 333 91 88
776 333 91 88
776 333 91 88
776 333 91 88
776 333 91 88
776 333 91 88
776 333 91 88
776 333 91 88
776 333 91 88
776 333 91 88
776 333 91 88
776 333 91 88
776 333 91 88
776 333 91 88
776 333 91 88
776 333 91 88
776 333 91 88
776 333 91 88
776 333 91 88
776 333 91 88
776 333 91 88
776 333 91 88
732 255 90 87
738 260 91 88
738 263 88 86
738 264 89 87
738 265 88 86
738 268 88 86
739 267 90 88
739 266 93 90
739 273 95 92
739 270 97 93
739 273 99 95
736 273 100 96
738 271 100 96
738 276 101 97
738 280 100 96
738 283 99 95
740 286 100 96
742 287 100 96
741 285 99 95
743 289 99 95
738 290 99 95
738 291 99 95
737 292 98 94
738 291 97 93
738 287 97 93
738 289 98 94
738 287 99 95
739 288 100 96
739 293 98 95
741 292 98 95
738 290 96 93
740 293 98 95
741 291 97 94
738 290 100 97
731 284 103 100
732 282 106 103
732 285 106 103
730 283 108 105
731 286 107 104
730 289 106 103
733 292 106 103
735 296 106 103
736 296 107 104
734 298 106 103
733 301 104 101
731 304 102 99
731 305 102 99
730 305 102 99
731 306 100 97
728 303 100 97
732 306 99 96
732 306 100 97
731 309 102 99
730 312 100 97
730 313 99 96
729 315 100 97
733 317 100 97
734 319 98 95
736 320 97 94
737 335 95 92
737 327 95 92
736 326 96 93
736 328 96 93
735 330 97 94
736 329 96 93
734 346 95 92
736 339 95 92
732 348 94 91
737 345 94 91
732 351 93 90
731 348 94 91
727 353 94 91
731 346 94 91
733 343 90 87
736 342 88 85
738 338 90 87
737 332 93 89
734 326 93 89
738 332 91 87
739 327 90 86
743 334 87 83
744 336 87 83
745 338 87 83
746 339 87 83
746 339 87 83
749 343 87 83
750 345 88 84
751 345 88 84
752 349 90 86
753 349 91 87
753 352 92 88
754 353 95 91
754 357 96 92
756 361 96 92
758 363 96 92
760 364 96 92
763 365 96 92
765 367 96 92
766 371 96 92
768 372 96 92
769 375 96 92
770 376 96 92
770 379 96 92
771 379 96 92
772 381 96 92
773 382 96 92
773 386 96 92
774 384 99 95
772 388 103 99
771 390 104 100
775 393 103 99
773 393 105 101
776 397 104 100
777 399 105 101
776 398 106 102
780 401 104 100
782 402 107 103
781 407 106 102
784 408 104 100
787 411 104 100
788 412 104 100
791 413 105 101
793 416 104 100
795 417 103 99
797 418 102 98
798 422 102 98
801 423 101 97
797 427 103 99
801 427 103 99
801 432 101 97
805 434 102 98
805 438 102 98
807 442 100 96
811 445 99 95
812 446 98 94
814 452 98 94
814 449 99 95
815 456 99 95
818 456 98 94
820 461 99 95
820 459 99 95
821 462 100 96
824 465 100 96
826 466 99 95
828 469 100 96
829 471 100 96
832 475 100 96
833 475 99 95
835 477 99 95
836 479 100 96
838 482 101 97
840 484 101 97
842 486 101 97
842 489 103 98
843 491 105 100
845 494 106 101
847 494 108 103
849 497 109 104
850 498 111 106
851 502 111 106
853 504 110 105
856 507 109 104
856 509 110 105
860 512 108 104
863 518 107 103
864 518 105 101
869 522 105 101
871 525 104 100
874 525 104 100
878 531 104 100
879 529 104 100
881 534 106 101
884 533 107 102
885 538 108 103
888 538 109 104
889 543 111 106
891 544 111 106
893 548 113 108
893 552 114 109
897 557 112 108
900 561 112 108
905 565 111 107
907 569 109 105
910 571 109 105
913 572 110 106
918 574 109 105
922 578 107 103
926 582 105 101
929 586 103 99
933 584 101 97
937 589 99 95
940 590 97 93
944 593 94 90
949 598 92 88
953 601 90 86
958 603 89 85
961 603 88 84
965 606 87 83
968 606 88 84
972 608 89 85
975 607 90 86
981 610 90 86
983 609 89 85
988 612 89 85
991 611 91 87
995 612 93 89
1000 611 94 90
1004 614 94 90
1009 612 95 91
1013 615 94 90
1018 617 96 92
1023 615 96 92
1027 619 97 93
1031 616 98 94
1037 621 98 94
1041 618 99 95
1045 622 99 95
1051 621 100 96
1057 622 99 95
1062 625 98 94
1067 627 98 94
1072 628 99 95
1077 629 99 95
1083 631 99 95
1089 633 99 95
1095 635 99 95
1100 636 99 95
1107 639 99 95
1113 640 99 95
1119 643 99 95
1125 645 99 95
1132 648 99 95
1138 648 99 95
1145 650 99 95
1152 651 99 95
1158 653 99 95
1164 655 99 95
1170 657 99 95
1176 659 99 95
1182 662 99 95
1189 662 99 95
1195 663 99 95
1201 663 99 95
1207 664 99 95
1213 664 99 95
1219 664 99 95
1225 664 99 95
1230 662 99 95
1249 677 99 95
1246 668 99 95
1251 661 99 95
1269 682 92 85
1262 678 92 86
1279 689 89 83
1280 694 87 80
1280 694 87 80
1280 694 87 80
1280 694 87 80
1280 694 87 80
1280 694 87 80
1280 694 87 80
1280 694 87 80
1280 694 87 80
1280 694 87 80
1280 694 87 80
1280 694 87 80
1280 694 87 80
1280 694 87 80
1280 694 87 80
1280 694 87 80
1280 694 87 80
1280 694 87 80
1280 694 87 80
1280 694 87 80
1280 694 87 80
1280 694 87 80
1280 694 87 80
1280 694 87 80
1280 694 87 80
1280 694 87 80
1280 694 87 80
1280 694 87 80
1280 694 87 80
1280 694 87 80
1280 694 87 80
1280 694 87 80
1280 694 87 80
1280 694 87 80
1280 694 87 80
1280 694 87 80
1280 694 87 80
1280 694 87 80
1280 694 87 80
1280 694 87 80
1280 694 87 80
1280 694 87 80
1280 694 87 80
1280 694 87 80
1280 694 87 80
1280 694 87 80
1280 694 87 80
1280 694 87 80
1280 694 87 80
1280 694 87 80
1280 694 87 80
1280 694 87 80
1280 694 87 80
1280 694 87 80
1212 706 86 79
1212 716 86 79
1212 716 86 79
1212 716 86 79
1212 716 86 79
1212 716 86 79
1212 716 86 79
1212 716 86 79
1212 716 86 79
1212 716 86 79
1212 716 86 79
1212 716 86 79
1212 716 86 79
1212 716 86 79
1212 716 86 79
1212 716 86 79
1212 716 86 79
1212 716 86 79
1212 716 86 79
1212 716 86 79
1212 716 86 79
1212 716 86 79
1212 716 86 79
1212 716 86 79
1212 716 86 79
1212 716 86 79
1212 716 86 79
1212 716 86 79
1212 716 86 79
1212 716 86 79
1212 716 86 79
1212 716 86 79
1212 716 86 79
1212 716 86 79
1212 716 86 79
1212 716 86 79
1212 716 86 79
1212 716 86 79
1212 716 86 79
1212 716 86 79
1212 716 86 79
1212 716 86 79
1212 716 86 79
1212 716 86 79
1212 716 86 79
1212 716 86 79
1212 716 86 79
1212 716 86 79
1212 716 86 79
1212 716 86 79
1212 716 86 79
1212 716 86 79
1212 716 86 79
1212 716 86 79
1212 716 86 79
1212 716 86 79
1212 716 86 79
1212 716 86 79
1212 716 86 79
1212 716 86 79
1212 716 86 79
1212 716 86 79
1212 716 86 79
1212 716 86 79
1212 716 86 79
1212 716 86 79
1212 716 86 79
1212 716 86 79
1212 716 86 79
1212 716 86 79
1212 716 86 79
1212 716 86 79
1212 716 86 79
1212 716 86 79
1212 716 86 79
1212 716 86 79
1212 716 86 79
1212 716 86 79
1212 716 86 79
1212 716 86 79
1212 716 86 79
1212 716 86 79
1212 716 86 79
1212 716 86 79
1212 716 86 79
1212 716 86 79
1212 716 86 79
1212 716 86 79
1212 716 86 79
1212 716 86 79
1212 716 86 79
1212 716 86 79
1212 716 86 79
1212 716 86 79
1212 716 86 79
1212 716 86 79
1212 716 86 79
1212 716 86 79
1212 716 86 79
1212 716 86 79
1212 716 86 79
1212 716 86 79
1212 716 86 79
1212 716 86 79
1212 716 86 79
1212 716 86 79
1212 716 86 79
1212 716 86 79
1212 716 86 79
1212 716 86 79
1212 716 86 79
1212 716 86 79
1212 716 86 79
1212 716 86 79
1212 716 86 79
1212 716 86 79
1212 716 86 79
1212 716 86 79
1212 716 86 79
1212 716 86 79
1212 716 86 79
1212 716 86 79
1212 716 86 79
1212 716 86 79
1212 716 86 79
1212 716 86 79
1212 716 86 79
1212 716 86 79
1212 716 86 79
1212 716 86 79
1212 716 86 79
1212 716 86 79
1212 716 86 79
1212 716 86 79
1212 716 86 79
1212 716 86 79
1212 716 86 79
1212 716 86 79
1212 716 86 79
1212 716 86 79
1212 716 86 79
1212 716 86 79
1212 716 86 79
1212 716 86 79
1212 716 86 79
1212 716 86 79
1212 716 86 79
1238 621 85 78
1237 624 86 79
1244 626 86 79
1244 626 86 79
1244 626 86 79
1244 626 86 79
1244 626 86 79
1244 626 86 79
1244 626 86 79
1244 626 86 79
1244 626 86 79
1244 626 86 79
1244 626 86 79
1244 626 86 79
1244 626 86 79
1244 626 86 79
1244 626 86 79
1244 626 86 79
1244 626 86 79
1244 626 86 79
1244 626 86 79
1244 626 86 79
1244 626 86 79
1244 626 86 79
1244 626 86 79
1244 626 86 79
1244 626 86 79
1244 626 86 79
1244 626 86 79
1244 626 86 79
1244 626 86 79
1244 626 86 79
1244 626 86 79
1244 626 86 79
1244 626 86 79
1244 626 86 79
1244 626 86 79
1244 626 86 79
1244 626 86 79
1244 626 86 79
1244 626 86 79
1244 626 86 79
1244 626 86 79
1244 626 86 79
1244 626 86 79
1244 626 86 79
1244 626 86 79
1244 626 86 79
1244 626 86 79
1244 626 86 79
1244 626 86 79
1244 626 86 79
1244 626 86 79
1244 626 86 79
1244 626 86 79
1244 626 86 79
1244 626 86 79
1244 626 86 79
1244 626 86 79
1244 626 86 79
1244 626 86 79
1244 626 86 79
1244 626 86 79
1244 626 86 79
1244 626 86 79
1244 626 86 79
1244 626 86 79
1244 626 86 79
1244 626 86 79
1244 626 86 79
1244 626 86 79
1244 626 86 79
1244 626 86 79
1244 626 86 79
1244 626 86 79
1244 626 86 79
1244 626 86 79
1244 626 86 79
1244 626 86 79
1244 626 86 79
1244 626 86 79
1244 626 86 79
1244 626 86 79
1244 626 86 79
1244 626 86 79
1244 626 86 79
1244 626 86 79
1244 626 86 79
1244 626 86 79
1244 626 86 79
1244 626 86 79
1244 626 86 79
1244 626 86 79
1244 626 86 79
1244 626 86 79
1244 626 86 79
1244 626 86 79
1244 626 86 79
1244 626 86 79
1244 626 86 79
1244 626 86 79
1244 626 86 79
1244 626 86 79
1244 626 86 79
1244 626 86 79
1244 626 86 79
1244 626 86 79
1244 626 86 79
1244 626 86 79
1244 626 86 79
1244 626 86 79
1244 626 86 79
1244 626 86 79
1244 626 86 79
1244 626 86 79
1244 626 86 79
1244 626 86 79
1244 626 86 79
1244 626 86 79
1244 626 86 79
1244 626 86 79
1244 626 86 79
1244 626 86 79
1244 626 86 79
1244 626 86 79
1244 626 86 79
1244 626 86 79
1244 626 86 79
1244 626 86 79
1244 626 86 79
1244 626 86 79
1244 626 86 79
1244 626 86 79
1244 626 86 79
1244 626 86 79
1244 626 86 79
1244 626 86 79
1244 626 86 79
1244 626 86 79
1244 626 86 79
1244 626 86 79
1244 626 86 79
1244 626 86 79
1244 626 86 79
1244 626 86 79
1244 626 86 79
1244 626 86 79
1244 626 86 79
1244 626 86 79
1244 626 86 79
1244 626 86 79
1244 626 86 79
1244 626 86 79
1244 626 86 79
1244 626 86 79
1244 626 86 79
1244 626 86 79
1244 626 86 79
1244 626 86 79
1244 626 86 79
1244 626 86 79
1244 626 86 79
1244 626 86 79
1244 626 86 79
1244 626 86 79
1244 626 86 79
1244 626 86 79
1244 626 86 79
1244 626 86 79
1244 626 86 79
1244 626 86 79
1244 626 86 79
1244 626 86 79
1244 626 86 79
1244 626 86 79
1244 626 86 79
1244 626 86 79
1244 626 86 79
1244 626 86 79
1244 626 86 79
1244 626 86 79
1244 626 86 79
1244 626 86 79
1244 626 86 79
1244 626 86 79
1244 626 86 79
1244 626 86 79
1244 626 86 79
1244 626 86 79
1244 626 86 79
1244 626 86 79
1244 626 86 79
1244 626 86 79
1244 626 86 79
1244 626 86 79
1244 626 86 79
1244 626 86 79
1244 626 86 79
1244 626 86 79
1244 626 86 79
1244 626 86 79
1244 626 86 79
1244 626 86 79
1244 626 86 79
1244 626 86 79
1244 626 86 79
1244 626 86 79
1244 626 86 79
1244 626 86 79
1244 626 86 79
1244 626 86 79
1244 626 86 79
1244 626 86 79
1244 626 86 79
1244 626 86 79
1244 626 86 79
1244 626 86 79
1244 626 86 79
1244 626 86 79
1244 626 86 79
1244 626 86 79
1244 626 86 79
1244 626 86 79
1244 626 86 79
1244 626 86 79
1244 626 86 79
1244 626 86 79
1244 626 86 79
1244 626 86 79
1244 626 86 79
1244 626 86 79
1244 626 86 79
1244 626 86 79
1244 626 86 79
1244 626 86 79
1244 626 86 79
1244 626 86 79
1244 626 86 79
1244 626 86 79
1244 626 86 79
1244 626 86 79
1244 626 86 79
1244 626 86 79
1244 626 86 79
1244 626 86 79
1244 626 86 79
1244 626 86 79
1244 626 86 79
1244 626 86 79
1244 626 86 79
1244 626 86 79
1244 626 86 79
1244 626 86 79
1244 626 86 79
1244 626 86 79
1244 626 86 79
1244 626 86 79
1244 626 86 79
1244 626 86 79
1244 626 86 79
1244 626 86 79
1244 626 86 79
1244 626 86 79
1244 626 86 79
1244 626 86 79
1244 626 86 79
1244 626 86 79
1244 626 86 79
1244 626 86 79
1244 626 86 79
1244 626 86 79
1244 626 86 79
1244 626 86 79
1244 626 86 79
1244 626 86 79
1244 626 86 79
1244 626 86 79
1244 626 86 79
1244 626 86 79
1244 626 86 79
1244 626 86 79
1244 626 86 79
1244 626 86 79
1244 626 86 79
1244 626 86 79
1244 626 86 79
1244 626 86 79
1244 626 86 79
1244 626 86 79
1244 626 86 79
1244 626 86 79
1244 626 86 79
1244 626 86 79
1244 626 86 79
1244 626 86 79
1244 626 86 79
1244 626 86 79
1244 626 86 79
1244 626 86 79
1244 626 86 79
1244 626 86 79
1244 626 86 79
1244 626 86 79
1244 626 86 79
1244 626 86 79
1244 626 86 79
1244 626 86 79
1244 626 86 79
1244 626 86 79
1244 626 86 79
1244 626 86 79
1244 626 86 79
1244 626 86 79
1244 626 86 79
1244 626 86 79
1244 626 86 79
1244 626 86 79
1244 626 86 79
1244 626 86 79
1244 626 86 79
1244 626 86 79
1244 626 86 79
1244 626 86 79
1244 626 86 79
1244 626 86 79
1244 626 86 79
1244 626 86 79
1244 626 86 79
1244 626 86 79
1244 626 86 79
1244 626 86 79
1244 626 86 79
1244 626 86 79
1244 626 86 79
1244 626 86 79
1244 626 86 79
1244 626 86 79
1244 626 86 79
1244 626 86 79
1244 626 86 79
1244 626 86 79
1244 626 86 79
1244 626 86 79
1244 626 86 79
1244 626 86 79
1244 626 86 79
1244 626 86 79
1244 626 86 79
1244 626 86 79
1244 626 86 79
1244 626 86 79
1244 626 86 79
1244 626 86 79
1244 626 86 79
1244 626 86 79
1244 626 86 79
1244 626 86 79
1244 626 86 79
1244 626 86 79
1244 626 86 79
1244 626 86 79
1244 626 86 79
1244 626 86 79
1244 626 86 79
1244 626 86 79
1244 626 86 79
1244 626 86 79
1244 626 86 79
1244 626 86 79
1244 626 86 79
1244 626 86 79
1244 626 86 79
1244 626 86 79
1244 626 86 79
1244 626 86 79
1244 626 86 79
1244 626 86 79
1244 626 86 79
1244 626 86 79
1244 626 86 79
1244 626 86 79
1244 626 86 79
1244 626 86 79
1244 626 86 79
1244 626 86 79
1244 626 86 79
1244 626 86 79
1244 626 86 79
1244 626 86 79
1244 626 86 79
1244 626 86 79
1244 626 86 79
1244 626 86 79
1244 626 86 79
1244 626 86 79
1244 626 86 79
1244 626 86 79
