1541 446 361 207
1528 443 368 211
1519 440 374 214
1510 436 383 219
1499 433 390 223
1494 434 394 225
1494 437 388 222
1490 434 388 222
1489 432 391 224
1498 437 384 220
1505 437 379 217
1393 413 368 211
1451 435 369 211
1397 410 363 208
1446 434 364 208
1463 433 378 216
1429 430 379 217
1424 430 389 223
1392 432 394 226
1378 439 403 231
1372 429 409 234
1348 432 410 234
1320 433 418 239
1285 429 432 247
1234 381 432 247
1248 416 433 248
1229 389 436 250
1240 416 437 250
1241 434 448 256
1218 423 461 263
1214 417 473 270
1192 413 485 277
1179 411 495 283
1166 412 501 286
1096 355 495 283
1119 392 496 283
1097 406 506 289
1068 363 505 288
1081 402 506 289
1059 364 506 289
1080 360 500 285
1087 398 501 286
1090 422 509 291
1083 426 531 304
1034 354 536 307
1065 391 537 307
1077 411 548 313
1012 350 549 313
1045 395 549 314
1065 416 560 320
984 346 558 319
1009 383 559 319
1050 409 545 311
1056 413 556 318
975 344 554 317
981 371 555 317
1017 396 534 305
1024 406 544 311
948 344 538 307
960 366 539 308
978 390 539 308
997 403 530 303
1010 400 527 301
963 358 525 299
943 371 525 300
945 378 525 300
935 377 525 300
919 385 525 300
949 390 501 286
958 374 485 277
934 365 463 265
935 360 463 265
924 356 463 265
927 356 463 265
921 360 463 265
912 357 463 265
905 357 463 265
905 354 463 265
898 350 463 265
892 350 463 265
891 350 463 265
890 348 463 265
881 350 463 265
873 349 463 265
873 348 463 265
858 348 463 265
852 357 443 254
859 359 427 245
874 356 421 241
886 359 417 239
871 362 413 237
864 362 407 234
885 363 403 232
871 368 395 227
888 368 396 227
875 367 391 224
890 372 391 224
877 374 386 221
891 371 385 220
878 374 382 218
904 372 381 217
891 373 375 214
907 375 368 210
912 377 361 206
917 379 355 203
923 376 351 201
926 377 346 198
926 378 342 196
928 377 340 195
930 376 338 194
927 376 339 194
920 375 347 198
910 375 350 199
902 376 353 201
890 374 361 205
871 377 368 209
862 379 380 216
847 385 393 224
836 400 408 233
826 414 423 242
824 439 439 251
816 454 455 260
818 351 454 259
814 386 455 260
809 415 467 267
804 435 483 276
794 455 496 283
776 460 504 287
806 344 499 284
788 383 499 284
788 341 496 282
758 379 496 282
777 344 495 281
759 385 496 282
776 342 498 283
751 380 498 283
761 349 498 283
739 387 499 283
764 343 503 285
760 334 502 285
737 370 503 285
756 348 499 283
741 386 500 283
763 359 495 280
743 395 495 280
782 367 487 276
760 400 488 276
787 366 486 274
760 394 486 275
795 372 479 271
757 399 479 271
790 376 475 268
730 396 475 269
792 366 475 269
738 386 475 269
786 371 476 269
730 385 476 270
796 362 477 271
745 382 478 271
728 412 490 278
772 349 501 284
737 381 502 285
733 410 514 292
745 376 504 286
736 409 505 287
743 427 523 297
755 445 541 307
795 436 541 307
776 447 559 317
795 429 559 317
772 441 581 330
802 426 581 330
779 432 605 344
792 423 627 357
784 420 652 371
784 406 678 386
773 400 696 396
787 395 706 402
770 391 716 408
796 402 719 410
794 392 723 412
790 396 725 413
804 401 727 414
812 400 731 416
809 402 733 417
813 401 731 416
821 401 731 416
828 403 730 416
832 399 730 416
831 399 733 418
895 418 367 210
900 415 367 211
887 399 385 221
869 376 403 231
851 363 411 236
831 354 416 239
838 366 411 236
832 362 412 237
838 366 405 233
829 362 402 232
836 370 391 226
838 369 385 222
839 373 385 222
842 368 381 220
843 369 383 221
848 374 381 220
854 370 380 220
855 370 380 220
861 372 380 220
870 371 378 219
867 365 385 223
871 366 385 223
875 365 384 223
875 364 383 223
872 364 379 221
872 364 376 219
876 363 374 218
879 361 371 216
878 361 367 213
884 362 363 211
880 358 367 214
883 362 360 210
882 360 361 211
883 361 359 210
883 361 359 210
884 361 361 211
882 359 366 214
886 360 364 213
885 358 370 216
889 360 369 215
886 360 372 217
887 360 373 218
887 360 373 218
888 361 373 218
890 361 372 217
891 361 372 217
892 361 371 216
893 362 366 213
889 361 370 216
892 362 369 216
892 363 369 216
892 364 369 216
891 364 370 216
891 365 370 216
891 366 371 216
891 367 371 216
891 368 372 216
892 368 374 217
893 369 374 217
893 369 375 218
892 369 380 221
893 370 380 221
894 371 380 221
894 374 380 221
893 375 380 221
894 378 380 221
892 379 381 222
893 381 383 223
893 383 382 222
895 386 384 223
892 388 387 225
893 391 385 224
891 393 390 227
894 396 386 225
892 397 396 231
897 401 392 229
894 403 399 233
896 406 398 232
894 410 405 236
895 413 403 235
895 416 404 235
895 420 407 237
896 424 406 236
894 427 411 239
898 431 408 237
894 434 416 242
900 440 411 239
897 442 415 241
896 446 418 243
899 450 417 242
895 453 427 248
896 457 425 247
897 462 424 246
898 466 424 246
897 470 426 247
898 474 427 247
896 478 432 250
900 483 430 249
901 486 433 251
901 490 436 252
905 496 438 253
909 500 439 254
910 505 444 257
922 511 441 255
916 513 452 262
931 520 445 258
933 525 452 262
949 532 448 260
946 535 458 266
962 543 453 263
962 546 462 268
976 554 458 265
973 557 471 273
986 562 470 273
988 567 473 275
997 572 476 277
1004 577 479 279
1008 582 482 281
1015 587 487 284
1019 593 490 285
1025 597 494 287
1027 601 500 290
1034 608 504 292
1039 614 505 293
1045 619 508 294
1052 626 510 295
1057 629 514 297
1064 636 519 300
1065 641 524 303
1062 643 537 310
1069 650 542 313
1072 657 546 315
1087 663 543 313
1091 669 546 315
1104 674 545 314
1117 683 544 313
1126 685 544 313
1136 696 547 314
1147 701 546 314
1153 708 553 318
1161 713 561 323
1168 716 565 325
1176 720 564 324
1184 725 568 326
1186 722 567 325
1194 734 570 327
1188 734 569 327
1176 731 573 329
1194 735 591 339
1154 731 588 337
1178 735 610 350
1136 725 617 354
1160 728 627 360
1162 724 631 362
1183 729 628 360
1190 732 619 355
1232 739 605 347
1193 740 596 342
1239 749 590 339
1239 756 580 333
1269 764 573 329
1270 763 563 323
1259 775 560 321
1283 774 549 315
1269 782 545 312
1281 780 545 312
1280 783 542 310
1301 791 530 303
1315 799 517 296
1321 808 502 288
1347 817 485 278
1367 828 463 266
1385 838 445 255
1405 840 433 248
1423 850 421 241
1441 853 413 237
1439 856 403 231
1445 866 394 226
1457 866 387 222
1472 863 385 221
1463 879 391 224
1474 872 385 221
1482 884 384 220
1487 883 381 218
1494 891 380 217
1501 883 375 214
1520 890 364 208
1543 892 353 201
1493 914 354 201
1537 907 354 202
1519 925 349 199
1553 916 349 199
1569 912 349 199
1579 920 349 199
1570 959 350 200
1583 939 351 200
1575 930 351 200
1585 970 354 201
1603 971 349 198
1605 973 343 195
1603 956 344 196
1614 974 337 192
1604 957 338 192
1618 977 328 186
1619 978 325 185
1627 979 320 182
1628 981 315 179
1610 947 315 179
1616 980 318 180
1597 946 318 181
1593 937 318 181
1590 936 318 181
1585 971 347 198
1565 941 348 199
1575 931 348 199
1583 924 348 199
1579 922 348 199
1572 953 350 200
1569 930 350 200
1576 924 350 200
1578 921 350 200
1575 916 350 200
1573 914 350 200
1561 949 348 198
1567 927 348 199
1577 920 348 199
1568 948 351 201
1567 930 352 201
1575 919 352 201
1574 912 352 201
1569 947 354 202
1557 926 354 203
1568 917 354 203
1574 909 354 203
1570 909 354 203
1569 909 354 203
1571 907 354 203
1572 906 354 203
1570 907 354 203
1570 905 354 203
1567 904 354 203
1554 923 351 201
1561 909 351 201
1569 906 351 201
1551 924 346 198
1561 907 346 198
1568 907 346 198
1568 903 346 198
1567 904 346 198
1567 904 346 198
1565 905 346 198
1567 906 346 198
1565 906 346 198
1564 908 346 198
1559 907 346 198
1558 906 346 198
1558 905 346 198
1560 904 346 198
1560 904 346 198
1560 902 346 198
1571 904 329 188
1580 905 316 181
1584 904 309 177
1586 905 305 174
1587 906 302 172
1589 906 302 172
1587 899 310 177
1586 898 314 179
1583 894 318 181
1577 893 325 185
1575 895 329 187
1566 891 329 187
1563 902 332 189
1566 897 327 186
1567 901 332 189
1565 892 326 186
1497 894 339 194
1525 883 340 194
1542 892 348 199
1548 882 346 198
1476 875 369 211
1513 880 370 212
1523 879 360 206
1536 889 353 202
1540 883 349 200
1543 886 352 202
1547 884 348 200
1551 886 344 198
1555 888 341 196
1557 889 339 195
1559 890 339 195
1557 884 339 195
1556 892 341 196
1545 875 342 197
1537 885 348 200
1538 884 348 200
1528 884 348 200
1535 891 348 200
1527 886 345 198
1522 888 343 197
1522 884 338 194
1506 886 347 199
1508 884 341 196
1504 890 340 195
1504 891 334 191
1502 890 332 190
1501 888 333 191
1493 885 336 193
1491 885 337 194
1490 887 337 194
1484 886 340 196
1473 878 343 198
1467 880 345 199
1452 871 348 201
1437 866 357 206
1429 866 363 209
1416 857 371 213
1404 860 378 217
1401 854 381 219
1396 855 385 221
1388 849 395 227
1381 849 397 228
1386 848 400 230
1380 844 401 230
1366 842 405 233
1347 841 415 239
1343 837 423 244
1349 837 424 245
1337 831 430 248
1327 826 442 255
1334 822 451 260
1314 818 450 259
1298 809 461 265
1269 803 473 272
1252 807 488 281
1225 794 495 285
1203 782 513 295
1176 778 531 305
1150 760 552 317
1105 751 573 329
1103 738 594 341
1061 734 613 352
1032 719 626 359
986 705 644 369
953 709 665 381
950 692 686 393
922 671 708 405
912 679 729 417
891 665 737 421
887 669 757 432
869 650 769 439
888 656 786 449
861 645 780 445
857 656 787 449
847 650 781 446
853 659 776 443
836 658 770 440
816 664 761 435
836 662 748 427
1150 774 513 293
1094 772 513 293
1051 775 536 306
1039 755 557 318
1030 760 580 331
999 747 574 328
1019 749 595 340
1009 736 589 337
1040 741 601 344
1036 754 595 341
1025 747 587 337
1042 739 605 348
1031 737 605 348
1027 751 606 348
1026 748 597 343
1058 764 591 340
1067 762 574 330
1067 773 559 321
1074 779 544 312
1118 784 531 305
1146 794 520 299
1177 798 498 287
1182 810 475 274
1194 826 453 261
1211 830 453 261
1221 832 432 249
1230 842 424 244
1232 851 415 239
1229 850 401 231
1229 857 392 226
1240 858 383 221
1167 786 366 210
1186 798 367 211
1199 828 366 211
1213 854 369 213
1233 873 360 208
1255 884 344 199
1269 892 333 193
1278 891 323 187
1290 910 322 186
1296 906 310 179
1309 904 304 176
1302 897 302 175
1305 905 299 173
1299 904 295 171
1301 907 293 170
1298 906 291 169
1300 910 290 168
1301 914 287 166
1293 919 284 164
1291 919 277 160
1287 925 272 157
1288 928 266 154
1286 930 262 152
1286 933 256 149
1286 935 249 145
1284 940 246 143
1284 941 241 140
1283 948 235 137
1284 953 231 134
1267 974 231 134
1276 987 231 134
1266 993 231 134
1270 996 231 134
1273 1002 231 134
1269 1004 231 134
1271 987 231 134
1267 1003 233 135
1265 991 234 136
1267 1004 230 133
1264 999 230 134
1260 995 230 134
1258 1003 231 134
1256 996 231 135
1252 1003 231 135
1249 995 232 135
1246 1004 228 132
1244 992 228 133
1240 1004 229 133
1235 990 230 134
1226 1004 229 133
1222 1003 231 134
1216 1003 232 135
1207 1002 234 136
1202 1002 235 137
1199 1003 233 135
1200 983 233 136
1191 982 233 136
1185 982 233 136
1182 985 233 136
1184 990 233 136
1184 1003 233 136
1195 1003 233 136
1203 1003 233 136
1203 1003 233 136
1203 1003 233 136
1203 1003 233 136
1203 1003 233 136
1203 1003 233 136
1203 1003 233 136
1203 1003 233 136
1203 1003 233 136
1203 1003 233 136
1292 1057 233 136
1292 1057 233 136
1292 1057 233 136
1292 1057 233 136
1292 1057 233 136
1279 1004 226 132
1288 1009 226 132
1290 1010 226 132
1293 1006 226 132
1287 999 226 132
1289 990 226 132
1282 980 226 132
1280 972 226 132
1280 969 226 132
1287 964 226 132
1293 963 226 132
1298 954 226 132
1285 952 226 132
1278 946 215 126
1266 945 207 121
1247 949 204 119
1232 951 202 118
1214 947 203 119
1201 944 205 120
1207 939 206 121
1197 935 209 123
1209 935 212 125
1199 934 219 129
1200 933 224 132
1198 926 225 132
1203 933 227 133
1203 946 224 131
1208 956 221 129
1206 956 215 125
1210 954 210 122
1209 952 208 121
1209 951 206 120
1200 953 203 118
1200 958 200 116
1197 963 195 113
1196 969 189 109
1193 970 186 107
1188 970 183 105
1184 973 181 104
1168 951 183 105
1182 964 184 106
1183 972 183 105
1179 976 178 102
1175 978 174 100
1171 982 168 96
1167 984 163 93
1164 985 159 91
1162 986 156 89
1161 990 152 87
1158 990 148 85
1158 992 145 83
1155 993 143 82
1155 996 142 81
1152 994 140 80
1151 996 139 80
1148 994 138 79
1145 994 139 80
1143 996 138 79
1141 995 138 79
1140 997 140 80
1143 998 136 78
1147 1000 137 79
1143 998 137 79
1146 995 135 78
1143 990 135 78
1142 981 129 74
1138 967 128 74
1132 950 131 76
1127 930 135 78
1123 910 137 79
1123 875 138 79
1121 862 138 80
1118 849 135 78
1116 832 136 79
1114 816 137 80
1115 802 133 78
1113 790 133 78
1111 781 133 78
1111 774 133 78
1110 766 133 78
1105 757 133 78
1104 750 133 78
1103 742 133 78
1099 735 133 78
1096 727 133 78
1095 721 133 78
1094 716 133 78
1089 710 133 78
1087 704 133 78
1086 698 133 78
1082 692 133 78
1081 686 133 78
1078 680 133 78
1076 674 133 78
1074 671 133 78
1069 665 133 78
1067 659 133 78
1067 654 133 78
1064 649 133 78
1063 644 133 78
1059 639 133 78
1058 633 133 78
1056 628 133 78
1053 622 133 78
1051 618 133 78
1050 612 133 78
1050 607 133 78
1050 600 133 78
1046 597 133 78
1049 592 133 78
1045 587 133 78
1044 582 133 78
1040 579 133 78
1039 573 133 78
1037 570 133 78
1035 564 133 78
1033 563 133 78
1031 557 133 78
1032 553 133 78
1028 550 133 78
1026 545 133 78
1025 540 133 78
1022 536 133 78
1022 532 133 78
1021 529 133 78
1022 524 133 78
1018 519 133 78
1020 517 133 78
1017 513 133 78
1021 510 133 78
1014 505 133 78
1016 502 133 78
1013 498 133 78
1013 493 133 78
1010 489 133 78
1014 487 133 78
1010 482 133 78
1012 480 133 78
1009 476 133 78
1012 472 133 78
1008 468 133 78
1009 467 133 78
1008 464 133 78
1008 461 133 78
1008 456 133 78
1007 453 133 78
1007 450 133 78
1004 445 133 78
1005 445 133 78
1004 440 133 78
1003 438 133 78
1002 435 133 78
1002 433 133 78
1001 430 133 78
1000 427 133 78
1001 424 133 78
1000 421 133 78
1000 419 133 78
999 415 133 78
998 413 133 78
996 410 133 78
997 408 133 78
995 404 133 78
995 401 133 78
996 398 133 78
997 395 133 78
1001 392 133 78
983 396 133 78
984 388 134 78
988 386 134 78
994 385 134 78
999 381 134 78
1001 375 134 78
974 378 133 77
979 373 134 78
985 371 134 78
991 369 134 78
995 366 134 78
1001 364 128 75
1001 363 123 72
997 364 118 69
993 365 118 69
993 362 118 69
994 359 118 69
990 358 118 69
992 354 118 69
992 354 118 69
991 351 118 69
990 351 118 69
991 348 118 69
987 347 118 69
989 345 118 69
988 343 118 69
985 342 118 69
989 340 118 69
986 338 118 69
989 337 118 69
987 333 118 69
987 332 118 69
987 331 118 69
987 329 118 69
987 328 118 69
987 329 118 69
987 330 118 69
987 331 118 69
986 331 118 69
988 331 118 69
984 333 118 69
985 333 118 69
984 335 118 69
983 336 118 69
982 338 118 69
981 338 118 69
981 340 118 69
982 340 118 69
979 342 118 69
981 342 118 69
979 344 118 69
980 345 118 69
978 346 118 69
978 346 118 69
976 345 118 69
973 342 118 69
970 342 118 69
966 339 118 69
963 338 118 69
962 337 118 69
962 334 118 69
960 334 118 69
962 333 118 69
959 332 118 69
960 331 118 69
959 329 118 69
956 329 118 69
955 327 118 69
952 325 118 69
952 323 118 69
952 322 118 69
952 321 118 69
952 321 118 69
952 320 118 69
950 318 118 69
950 316 118 69
949 314 118 69
950 314 118 69
950 312 118 69
947 310 118 69
944 309 118 69
945 307 118 69
944 306 118 69
943 304 118 69
943 304 118 69
942 301 118 69
940 301 118 69
938 299 118 69
939 298 118 69
941 297 118 69
940 297 118 69
942 293 118 69
938 293 118 69
941 292 118 69
939 290 118 69
937 288 118 69
940 287 118 69
940 286 118 69
938 285 118 69
937 284 118 69
937 283 118 69
937 283 118 69
937 283 118 69
937 281 118 69
937 280 118 69
936 278 118 69
937 277 118 69
937 275 118 69
936 274 118 69
936 273 118 69
937 272 118 69
940 271 118 69
944 271 118 69
951 270 113 66
944 270 114 66
949 270 114 67
955 268 111 65
954 266 111 65
954 266 110 64
954 267 110 64
954 265 109 64
953 264 109 64
953 263 108 64
952 262 108 64
953 261 108 64
951 260 107 64
950 262 106 63
949 261 103 61
945 263 100 59
942 264 95 56
942 265 95 56
942 265 95 56
942 263 95 56
943 264 90 53
944 264 87 51
942 264 85 50
942 264 84 49
942 264 83 48
942 265 81 47
943 265 79 46
944 266 78 45
945 266 77 44
944 266 77 44
944 266 76 43
944 265 76 43
944 264 77 43
943 264 77 43
943 264 76 42
943 264 75 41
943 264 75 41
943 264 73 40
943 264 72 40
943 263 72 40
943 262 72 40
943 262 71 39
942 261 71 39
942 260 73 40
941 260 73 40
941 260 72 39
941 260 72 39
941 260 72 39
941 260 71 39
941 260 70 39
941 259 70 39
940 259 71 39
939 259 71 39
938 259 72 39
939 259 71 39
939 259 71 39
939 259 70 39
939 258 70 39
939 258 71 39
938 258 72 39
937 258 72 39
937 258 74 40
937 258 74 40
937 258 75 41
938 257 75 41
939 257 75 41
941 258 75 41
942 258 75 41
943 258 76 41
944 258 77 42
945 259 78 43
946 259 78 43
945 259 78 43
945 260 77 43
944 260 77 43
944 259 78 44
944 260 78 44
944 261 78 44
944 262 77 44
943 262 77 44
942 263 78 44
942 263 78 44
942 263 79 44
942 264 80 44
943 265 80 44
943 267 79 44
944 267 79 44
945 267 78 44
946 267 78 44
946 269 79 44
945 270 79 44
948 269 78 44
949 270 78 44
950 271 78 44
950 271 77 43
950 271 77 43
949 271 77 43
949 272 79 44
949 272 79 44
948 273 79 44
948 274 80 44
947 275 80 44
948 276 79 44
948 276 78 44
948 276 77 44
948 276 76 44
948 275 76 44
947 276 77 45
947 274 78 45
945 273 79 46
944 274 80 47
944 273 81 47
943 274 81 47
943 275 82 48
943 276 81 47
941 277 81 47
941 277 83 48
940 278 84 49
942 278 83 48
940 279 82 47
941 279 81 46
941 280 80 45
942 280 79 44
941 281 79 44
941 282 78 43
942 282 77 43
942 283 76 43
943 283 75 42
940 285 76 42
942 286 76 42
943 286 75 41
940 287 75 41
941 287 74 40
940 288 76 41
940 289 74 40
940 289 75 41
940 289 74 41
940 289 74 41
941 289 74 41
941 289 75 41
940 290 75 41
939 291 75 41
937 291 76 42
937 291 77 43
937 291 76 42
937 290 78 43
937 289 78 43
938 289 78 43
938 289 79 44
938 290 78 44
938 290 78 44
939 290 78 44
939 291 78 44
939 291 78 44
940 292 77 44
940 292 76 44
940 292 77 44
940 293 77 44
939 293 77 44
940 293 77 44
939 293 78 45
941 292 77 44
941 294 77 44
941 294 78 44
941 295 78 44
941 296 78 44
940 296 79 45
939 296 79 45
938 295 80 46
939 295 80 46
938 296 81 47
938 296 80 46
937 297 80 46
938 297 80 46
937 298 80 46
937 299 79 45
936 299 79 45
937 299 78 45
939 298 80 46
941 298 83 48
944 297 83 48
948 297 85 49
952 296 86 49
954 297 87 50
959 296 89 51
964 296 90 51
969 297 91 52
974 298 90 51
979 298 90 51
983 299 90 51
986 299 90 51
988 300 89 50
989 303 88 49
989 303 87 48
988 305 87 48
989 305 85 47
989 306 84 46
989 307 84 46
989 308 83 46
988 308 82 46
989 309 82 46
987 309 81 45
987 310 80 45
987 309 79 45
986 310 80 46
987 309 80 46
985 309 81 47
984 308 81 47
985 307 81 47
984 308 82 47
984 309 82 47
984 310 81 47
983 310 81 47
982 309 82 47
982 310 83 48
981 310 82 47
981 309 84 48
980 310 85 49
979 309 84 48
979 310 87 49
978 310 87 49
977 309 87 49
977 310 87 49
977 309 87 49
977 312 88 49
976 312 87 48
976 311 89 49
975 311 90 50
974 310 90 50
973 308 92 51
974 307 92 51
975 308 91 51
976 308 90 50
976 308 89 49
976 310 89 49
976 310 88 49
975 310 87 49
976 310 87 49
976 310 87 49
976 310 86 49
976 309 86 49
978 309 86 49
978 310 85 48
977 312 84 48
977 312 83 47
977 312 82 47
978 310 83 47
977 312 84 47
978 312 83 47
978 313 82 47
979 313 81 46
978 314 81 46
978 314 80 46
980 313 79 46
979 311 79 46
980 308 81 47
979 306 84 49
979 303 88 51
980 300 90 52
981 302 92 53
981 299 94 54
980 299 96 55
981 297 96 55
980 300 97 56
983 297 95 55
980 298 95 55
981 295 93 54
978 298 94 54
980 295 93 54
977 293 93 54
979 291 92 53
978 292 89 52
976 291 87 51
977 289 86 50
979 289 85 49
978 291 84 48
978 291 83 48
978 291 82 48
978 289 84 49
978 288 84 49
978 287 84 49
978 286 84 49
979 286 85 49
978 286 86 50
979 285 86 50
979 285 85 49
979 284 84 48
979 284 84 48
979 284 83 48
979 283 82 48
980 283 83 48
979 284 82 48
980 283 82 48
981 282 82 48
981 283 81 48
981 282 80 47
980 282 81 48
980 281 81 48
978 280 82 48
980 279 83 49
978 278 83 49
979 277 82 49
979 278 83 49
978 277 84 49
979 278 84 49
975 277 84 49
978 277 84 49
976 277 84 49
977 277 83 49
975 276 83 49
976 274 84 50
976 276 84 50
975 275 83 49
976 273 83 49
975 273 84 50
976 272 84 50
975 272 83 50
976 272 82 50
976 272 80 49
978 271 79 48
976 272 78 48
978 271 77 47
977 269 77 47
976 268 78 47
977 267 78 47
976 265 78 47
976 263 80 48
974 261 81 49
974 260 82 49
975 259 82 49
973 258 82 49
974 256 84 50
973 259 84 50
973 260 82 49
974 260 81 49
973 260 80 48
974 259 81 49
973 259 80 48
973 257 82 49
972 256 82 49
972 255 83 50
969 253 84 51
971 253 86 52
969 254 86 52
969 253 85 52
968 257 84 52
969 253 85 52
966 256 85 52
965 254 85 52
962 255 86 53
962 253 86 53
958 254 87 54
955 252 88 55
954 253 88 55
949 253 87 54
946 252 87 54
941 253 87 54
939 252 87 54
935 254 87 54
931 252 86 54
930 252 88 55
925 252 87 54
923 252 88 54
920 252 88 54
916 252 87 54
914 251 87 54
911 251 87 54
910 251 87 54
909 251 88 54
906 251 87 54
906 251 86 54
903 250 86 54
902 250 86 54
899 250 86 54
898 251 86 54
896 250 86 54
894 251 86 54
893 250 86 54
890 252 86 54
890 251 85 54
886 251 85 54
886 250 85 54
881 252 85 54
882 250 84 54
878 250 84 54
878 249 84 54
873 251 85 55
873 249 84 54
869 251 84 54
871 249 83 54
864 249 84 55
865 248 84 55
860 248 85 55
858 248 86 56
856 248 86 56
854 249 86 56
852 249 86 56
849 250 86 56
848 250 85 56
845 250 85 56
843 250 86 57
842 249 85 56
838 252 85 56
838 250 85 56
834 253 84 56
834 251 85 57
830 252 84 57
831 250 85 58
825 253 84 58
826 256 83 48
823 262 85 49
821 261 83 48
820 261 83 48
817 260 83 48
816 260 84 48
814 261 85 49
810 260 84 48
809 262 85 49
806 260 85 49
804 261 84 49
802 260 83 49
799 259 85 50
795 260 87 51
794 259 87 51
790 259 86 50
789 262 86 50
787 261 85 49
784 262 84 49
782 261 84 49
779 262 85 49
777 263 85 49
775 264 84 48
772 266 83 47
771 266 83 47
767 267 82 46
766 268 82 46
764 268 82 46
761 269 82 46
758 269 81 45
756 270 80 45
755 270 80 45
751 270 80 45
749 270 81 45
744 272 82 46
743 271 81 45
739 274 81 45
738 274 80 44
735 276 81 44
733 277 80 44
731 278 80 44
727 279 80 44
726 280 80 44
722 281 79 43
720 282 80 44
718 283 81 45
713 283 81 45
711 283 81 45
707 284 83 46
704 285 85 47
701 284 87 48
697 286 89 49
694 287 89 49
692 287 90 50
689 289 92 51
687 290 90 50
684 292 91 50
682 294 90 50
679 295 90 50
677 297 91 50
674 299 90 50
671 301 89 50
669 301 90 50
665 305 91 50
663 306 90 50
661 307 91 50
658 309 92 50
655 311 91 50
652 312 91 50
650 314 92 51
648 315 91 50
644 318 92 51
643 318 92 51
640 321 92 51
638 323 91 50
635 326 91 50
632 327 91 50
629 329 91 50
626 331 91 50
623 332 92 50
622 334 92 50
619 336 92 50
618 337 92 50
615 340 91 50
613 340 93 51
610 343 93 51
608 344 93 51
606 345 92 51
604 346 93 51
600 349 93 51
599 350 93 51
596 351 93 51
593 354 93 51
591 355 94 51
588 357 95 51
585 359 96 52
582 360 96 52
579 363 96 52
576 364 97 53
575 365 96 52
570 368 97 53
570 368 96 52
566 371 96 52
567 373 97 52
565 375 97 52
564 377 98 52
564 378 97 52
563 380 99 53
563 381 98 52
562 383 99 53
561 384 98 53
562 385 99 53
561 388 98 53
560 390 98 53
559 391 98 53
560 392 99 54
556 395 99 54
551 397 100 55
543 398 101 56
526 402 105 58
509 404 108 60
488 407 112 62
461 411 115 64
439 416 117 65
390 427 117 65
374 434 117 65
287 433 165 93
261 440 165 93
227 448 167 94
196 456 169 95
167 464 172 97
141 472 176 99
91 499 176 99
82 505 177 99
65 510 181 101
52 516 185 103
40 523 190 106
25 530 196 109
14 534 198 110
2 541 203 113
-8 544 204 113
-13 552 207 115
-23 551 209 116
-22 560 210 117
-21 557 208 116
-63 569 211 117
-45 577 211 118
-35 580 211 118
-26 581 204 114
-25 591 205 114
-26 600 204 114
-26 611 204 114
-64 633 202 113
-38 645 203 113
-29 659 201 112
-69 683 203 113
-42 695 203 113
-72 714 206 115
-42 725 207 115
-78 747 210 116
-41 756 210 117
-77 771 211 118
-84 787 209 116
-79 803 204 113
-76 828 200 111
-37 837 201 112
-79 845 202 112
-41 850 202 113
-80 855 201 112
-81 856 202 113
-46 863 202 113
-88 866 204 114
-56 872 205 114
-88 868 205 114
-57 875 206 115
-95 874 203 113
-59 882 204 114
-97 880 200 111
-65 888 200 112
-96 884 199 111
-74 894 200 112
-36 893 190 107
-26 891 183 103
-25 890 176 99
-15 888 169 95
1 884 165 93
15 877 164 92
35 867 165 92
47 860 166 92
68 853 169 94
85 851 164 91
97 851 158 88
110 856 151 84
112 862 147 82
114 865 144 80
111 869 143 79
110 874 142 78
111 879 141 78
108 884 140 78
107 888 141 79
103 894 141 79
101 901 141 79
99 908 141 79
98 915 142 79
97 922 143 79
93 928 142 79
90 931 142 79
87 934 144 80
86 937 145 81
83 941 145 81
82 944 144 81
81 947 144 81
79 950 144 81
77 953 145 82
