1435 1132 147 213
1434 1129 147 213
1433 1125 147 213
1432 1123 146 211
1432 1119 146 211
1431 1117 145 210
1430 1114 145 210
1430 1110 145 210
1430 1109 142 206
1429 1105 144 209
1428 1102 143 208
1426 1099 143 208
1426 1095 143 208
1425 1093 142 206
1425 1090 142 206
1424 1087 142 206
1423 1084 142 206
1423 1082 140 204
1423 1078 140 205
1423 1076 138 202
1421 1072 140 205
1421 1069 137 201
1419 1065 138 202
1420 1063 137 201
1419 1061 135 199
1417 1057 136 200
1417 1055 134 198
1417 1052 135 199
1414 1047 136 200
1415 1046 133 196
1414 1042 133 196
1413 1039 133 196
1412 1036 133 196
1412 1033 132 195
1411 1030 131 194
1410 1027 132 195
1410 1024 130 191
1408 1022 131 193
1408 1021 128 189
1407 1020 129 191
1405 1013 131 194
1406 1013 128 189
1405 1010 128 189
1404 1008 127 188
1403 1008 128 189
1401 1002 129 190
1401 1003 128 188
1400 1000 127 187
1399 999 127 187
1397 994 128 188
1398 994 127 186
1397 991 127 186
1397 989 126 184
1396 988 126 185
1396 984 126 184
1395 984 126 184
1394 982 125 183
1393 980 125 184
1392 979 125 184
1391 976 125 183
1390 976 124 182
1391 974 124 181
1389 974 124 181
1389 970 123 180
1387 970 123 180
1387 969 123 179
1386 967 123 180
1385 967 123 179
1385 964 122 178
1384 964 123 180
1384 963 122 178
1382 963 123 180
1382 960 122 179
1382 960 122 179
1380 957 123 180
1380 959 121 177
1379 958 123 179
1380 958 120 174
1378 957 122 177
1378 958 122 176
1377 957 121 175
1376 956 122 176
1376 955 122 175
1374 954 123 176
1373 953 123 176
1372 954 123 175
1372 953 123 174
1371 953 123 174
1370 953 123 174
1371 954 122 173
1371 954 122 174
1371 953 122 174
1369 953 123 175
1370 952 122 173
1369 952 122 173
1368 952 122 173
1367 952 123 174
1366 951 124 175
1367 950 122 173
1365 948 123 175
1364 948 123 175
1363 948 123 175
1363 947 123 175
1363 948 122 174
1362 948 122 174
1360 947 123 176
1360 945 123 176
1358 945 125 178
1359 945 123 175
1357 946 125 178
1358 945 123 176
1356 945 125 178
1357 946 123 175
1355 946 125 177
1354 947 125 176
1352 946 127 179
1352 945 127 178
1351 947 127 179
1352 947 126 178
1351 948 127 179
1352 948 127 179
1351 949 127 178
1350 949 130 182
1352 950 128 179
1352 953 127 178
1351 953 127 178
1350 955 127 178
1353 958 125 175
1350 957 127 177
1350 961 127 177
1352 961 127 177
1349 962 126 176
1351 963 126 176
1349 964 126 176
1349 964 126 176
1348 964 127 177
1349 964 126 176
1346 962 126 177
1345 962 126 177
1345 962 126 177
1344 963 128 179
1346 962 127 177
1344 962 127 177
1343 964 127 177
1343 964 127 178
1342 964 127 178
1341 963 128 179
1341 965 128 179
1341 966 129 180
1340 967 129 181
1340 968 128 180
1341 967 129 181
1339 966 130 183
1340 966 130 182
1339 968 131 183
1337 968 134 187
1337 969 136 189
1335 969 139 193
1333 970 139 193
1330 972 142 198
1328 971 144 201
1328 971 145 202
1327 973 147 204
1326 976 148 205
1326 976 148 205
1326 976 150 208
1328 976 152 210
1328 979 152 210
1330 979 150 208
1328 978 150 207
1327 973 151 209
1328 978 148 205
1328 973 149 206
1328 976 145 201
1327 975 141 195
1327 978 137 190
1327 978 135 187
1327 977 134 186
1328 978 131 182
1329 978 131 182
1328 978 132 183
1328 979 131 182
1327 978 132 184
1327 978 131 183
1326 977 132 184
1326 977 132 185
1327 975 132 185
1327 975 131 184
1326 976 131 183
1326 977 130 182
1327 977 130 182
1327 978 129 181
1326 976 130 183
1326 976 130 183
1325 976 130 183
1325 975 130 183
1325 976 130 183
1326 977 129 182
1324 976 130 184
1326 977 128 182
1325 976 129 183
1325 975 129 183
1324 975 129 182
1324 975 129 182
1324 975 128 181
1325 975 126 178
1323 974 127 180
1324 975 126 178
1325 976 125 177
1324 974 126 178
1325 973 126 178
1324 973 126 178
1325 971 126 178
1324 971 126 177
1325 972 124 174
1324 970 126 176
1325 971 124 173
1325 969 124 173
1324 969 124 173
1325 968 124 172
1324 967 124 172
1324 967 123 170
1324 967 124 171
1324 965 124 170
1323 966 123 169
1322 963 124 171
1322 963 124 171
1322 964 123 170
1322 962 123 170
1321 962 124 171
1321 960 124 171
1321 959 125 172
1320 958 125 172
1319 957 126 174
1320 955 126 174
1320 954 126 174
1320 955 125 173
1320 955 123 170
1320 954 124 171
1320 953 124 171
1319 951 126 173
1319 948 126 173
1318 947 125 172
1317 945 126 173
1317 942 127 174
1317 942 125 171
1315 943 127 174
1314 940 129 176
1314 940 130 177
1315 938 130 177
1314 937 130 177
1312 934 132 179
1311 932 133 180
1311 934 132 178
1311 932 132 178
1311 933 131 177
1311 933 131 177
1311 933 131 178
1310 934 130 177
1312 932 130 177
1311 934 130 177
1314 933 128 175
1313 935 127 174
1313 936 126 173
1315 935 125 172
1312 934 126 174
1313 934 126 174
1312 933 127 176
1311 934 128 177
1310 934 129 178
1309 935 129 177
1310 935 126 174
1310 933 127 175
1309 935 127 174
1308 934 126 173
1309 931 127 174
1308 932 128 176
1308 931 127 174
1307 931 127 174
1307 928 127 174
1307 929 127 174
1307 926 128 175
1306 925 130 178
1306 925 128 176
1305 925 128 176
1305 924 128 176
1305 922 128 176
1306 925 127 174
1306 918 128 175
1304 920 129 177
1304 919 127 175
1303 918 126 174
1303 918 126 174
1301 916 125 173
1300 915 125 173
1299 912 123 170
1298 914 124 172
1298 909 121 168
1297 911 122 170
1296 906 120 168
1295 908 120 168
1294 904 119 166
1293 904 119 166
1292 902 119 166
1291 901 118 165
1292 897 118 164
1291 897 121 168
1291 894 119 165
1290 891 120 167
1289 889 120 168
1289 887 120 167
1287 883 121 168
1286 884 122 170
1286 879 122 170
1285 881 123 171
1284 873 123 171
1284 876 122 170
1283 878 121 168
1281 869 124 172
1281 873 122 170
1280 868 123 171
1281 873 121 168
1279 862 124 172
1279 866 121 168
1279 862 122 169
1279 862 119 165
1278 860 119 164
1278 861 117 161
1276 854 117 161
1277 859 117 161
1276 848 116 160
1276 851 115 158
1276 850 112 154
1276 847 112 154
1276 846 111 152
1276 846 110 151
1276 843 109 149
1274 840 111 152
1273 840 111 153
1272 838 111 153
1271 837 111 153
1270 835 111 153
1269 834 111 153
1269 832 110 152
1268 830 111 154
1268 830 109 151
1268 824 110 153
1269 828 108 151
1268 819 107 150
1269 823 107 149
1268 816 105 147
1268 819 105 147
1266 812 107 149
1266 814 106 147
1265 808 107 148
1265 810 107 148
1265 805 105 145
1264 804 106 146
1263 802 106 147
1262 801 106 147
1262 799 105 146
1261 798 105 147
1259 794 106 148
1260 798 104 145
1257 788 106 148
1258 794 104 145
1256 786 104 146
1257 789 104 146
1256 783 103 145
1256 784 102 144
1256 778 103 145
1256 779 102 143
1255 776 103 144
1254 775 103 143
1254 773 102 141
1253 772 102 140
1251 769 103 142
1251 770 102 141
1252 765 101 140
1251 767 102 141
1252 764 100 139
1251 761 102 141
1251 763 100 139
1251 758 100 139
1251 761 99 138
1252 760 96 134
1253 757 95 133
1251 755 96 135
1253 751 96 134
1252 749 96 134
1251 749 97 136
1250 745 96 135
1249 749 97 136
1249 744 95 134
1249 743 94 133
1249 740 94 133
1246 736 97 137
1247 738 95 134
1247 735 94 132
1245 733 96 135
1244 731 96 135
1244 730 96 135
1244 728 96 134
1243 726 95 133
1243 724 96 134
1243 724 95 132
1243 720 96 133
1243 721 95 131
1242 720 95 131
1241 715 96 132
1241 714 95 131
1241 711 94 129
1243 709 93 128
1241 706 94 130
1242 709 92 127
1241 706 92 128
1239 701 94 130
1239 703 94 130
1239 698 92 127
1238 695 92 127
1235 694 93 129
1235 694 91 126
1233 692 91 126
1231 691 92 127
1230 689 91 126
1230 689 90 124
1229 687 90 124
1228 687 90 124
1228 686 89 122
1227 685 89 122
1226 683 91 124
1226 684 90 122
1226 681 90 122
1224 678 92 125
1224 678 91 124
1225 677 90 122
1224 674 91 123
1224 674 90 121
1225 671 89 120
1225 671 88 119
1224 669 88 120
1224 668 88 120
1224 667 88 120
1224 665 88 120
1223 664 88 120
1224 664 87 118
1223 663 87 118
1224 661 87 118
1224 661 86 117
1224 657 87 118
1224 658 86 116
1223 656 86 116
1224 654 86 115
1224 655 85 114
1223 653 86 115
1223 652 85 114
1222 651 86 115
1223 650 85 114
1223 650 84 113
1223 646 85 115
1223 647 84 113
1222 646 85 115
1222 644 86 116
1222 645 85 114
1221 644 85 115
1222 641 85 115
1221 641 85 115
1221 640 85 115
1221 639 84 114
1222 637 84 114
1221 637 85 115
1221 637 84 114
1222 636 83 113
1221 634 84 114
1222 633 83 113
1221 633 83 113
1221 630 84 114
1222 632 82 112
1222 629 83 113
1221 629 83 113
1222 628 82 112
1223 628 81 111
1222 626 83 114
1221 626 83 114
1222 625 82 113
1223 624 82 113
1223 623 82 113
1223 622 81 112
1223 623 80 111
1224 620 81 112
1224 623 80 110
1224 618 82 112
1225 622 81 111
1224 618 83 113
1224 619 81 111
1225 617 81 111
1225 618 80 110
1226 616 80 111
1226 617 80 111
1226 617 80 112
1227 617 80 112
1227 616 80 113
1228 615 79 112
1228 616 79 111
1227 615 80 112
1228 615 80 112
1228 615 79 111
1228 612 80 112
1229 615 79 110
1229 614 78 109
1230 611 79 110
1229 610 80 112
1230 613 78 109
1229 610 79 111
1229 611 78 110
1228 608 80 112
1229 611 78 109
1229 608 80 112
1229 609 79 111
1229 607 80 112
1229 609 79 110
1229 605 81 113
1230 608 79 110
1230 606 80 112
1230 607 79 111
1230 604 80 112
1232 607 78 109
1231 602 81 113
1232 605 78 108
1232 604 79 110
1232 604 79 110
1232 603 79 110
1232 602 79 110
1232 601 79 110
1232 601 79 109
1233 598 79 110
1233 600 78 108
1234 600 78 108
1234 600 77 107
1235 599 77 106
1236 603 75 103
1234 600 78 106
1234 600 78 106
1235 599 78 106
1235 601 76 104
1235 600 78 107
1236 601 76 105
1236 600 76 106
1236 600 76 106
1237 600 75 105
1236 600 75 105
1237 599 75 105
1236 598 76 107
1237 598 75 106
1235 597 77 108
1237 599 75 105
1236 597 76 106
1237 597 76 105
1236 596 76 105
1236 596 76 105
1236 595 76 105
1235 594 77 106
1234 593 78 107
1235 595 77 106
1235 592 77 106
1234 591 78 108
1234 592 77 107
1233 589 78 108
1234 591 77 107
1233 587 78 109
1234 590 76 107
1235 586 76 107
1234 588 76 108
1234 586 76 109
1234 586 76 108
1234 586 76 108
1233 582 78 110
1234 586 76 107
1234 581 78 109
1234 584 77 107
1233 581 78 108
1233 583 77 106
1233 581 77 106
1233 581 76 105
1233 577 78 108
1233 579 77 106
1232 576 78 108
1233 578 76 106
1232 574 77 108
1232 575 76 106
1232 573 78 109
1232 573 76 107
1232 570 78 109
1232 570 77 108
1232 570 77 108
1231 568 77 108
1231 569 76 107
1232 566 77 108
1231 566 78 109
1231 563 78 109
1231 565 78 109
1231 561 78 109
1231 563 77 108
1230 562 77 108
1230 561 77 109
1231 561 76 107
1230 557 78 110
1231 560 76 107
1231 556 76 106
1231 559 75 104
1230 553 76 106
1232 559 74 104
1231 555 74 104
1233 550 74 104
1233 554 73 103
1232 550 73 103
1232 550 72 102
1233 547 74 106
1234 548 71 102
1232 546 73 104
1233 546 72 103
1234 545 72 103
1233 544 72 103
1234 542 72 103
1234 542 71 102
1233 541 71 103
1234 539 72 104
1234 538 71 102
1234 538 70 101
1235 536 71 102
1235 535 70 101
1235 535 69 100
1234 534 70 101
1235 531 70 102
1235 531 69 101
1235 530 69 101
1234 529 69 101
1236 528 68 100
1235 527 68 101
1236 525 69 103
1236 523 68 102
1236 524 68 101
1235 522 69 102
1235 521 68 101
1236 520 68 100
1235 518 69 101
1235 518 68 100
1235 516 69 102
1235 515 68 101
1236 514 69 102
1236 512 68 101
1236 512 68 100
1236 512 67 99
1235 510 68 101
1235 509 68 101
1235 507 68 101
1236 506 68 100
1235 505 68 100
1235 504 68 101
1236 502 67 100
1235 502 67 100
1236 500 68 101
1236 500 67 99
1236 499 66 98
1236 497 67 99
1236 497 66 98
1237 495 66 98
1236 495 66 98
1238 494 65 97
1237 491 66 98
1238 494 64 96
1236 491 66 99
1238 491 64 96
1236 490 66 99
1238 491 64 96
1237 490 65 97
1237 490 64 96
1237 490 64 96
1238 490 64 95
1237 489 64 95
1237 489 64 95
1237 489 64 95
1238 489 63 94
1237 489 64 95
1237 488 64 95
1239 488 63 93
1238 487 63 94
1238 487 63 94
1238 487 63 94
1238 487 63 94
1238 487 63 94
1239 488 62 93
1239 487 61 92
1238 487 62 93
1240 486 62 94
1240 486 61 93
1240 483 61 93
1241 484 60 91
1242 483 61 93
1242 483 61 93
1242 483 61 92
1241 481 61 93
1241 481 61 93
1242 482 60 92
1242 480 61 94
1242 480 60 93
1243 478 60 94
1243 478 59 93
1243 478 60 94
1244 479 59 93
1244 479 58 92
1244 478 59 94
1243 477 60 95
1244 475 60 95
1242 474 62 98
1243 477 60 96
1244 478 59 95
1244 477 60 96
1244 480 59 95
1244 477 60 96
1243 478 61 98
1243 479 61 98
1243 480 61 97
1243 480 60 96
1245 482 60 95
1245 483 59 93
1245 483 59 93
1246 485 58 91
1246 485 58 91
1246 484 59 92
1245 484 60 93
1245 483 60 93
1245 483 60 92
1245 482 61 93
1245 481 61 93
1245 483 61 92
1244 482 62 94
1243 483 62 94
1244 481 63 95
1243 480 64 96
1245 481 64 96
1246 482 63 94
1247 483 61 91
1249 485 61 91
1250 484 61 91
1250 484 61 91
1251 486 60 89
1251 487 61 90
1251 490 62 92
1251 491 61 91
1250 492 62 93
1250 493 63 95
1250 493 65 97
1250 494 66 98
1249 494 66 98
1249 495 68 101
1250 495 66 98
1250 497 67 99
1250 496 66 98
1250 499 66 98
1251 499 65 97
1252 500 64 95
1251 500 65 96
1251 501 63 94
1252 502 62 92
1251 501 63 93
1251 503 62 92
1252 504 60 90
1252 503 61 91
1251 504 62 92
1253 506 61 90
1252 505 62 92
1253 506 61 91
1253 506 61 91
1253 507 61 90
1253 508 62 91
1255 509 61 89
1254 508 63 91
1254 509 63 91
1255 509 63 90
1255 511 63 90
1255 510 64 92
1255 513 64 91
1256 515 63 90
1256 517 63 90
1256 516 64 92
1258 516 64 92
1258 516 65 93
1258 517 64 92
1258 519 64 92
1258 519 64 91
1257 520 66 94
1258 519 67 95
1259 521 67 95
1259 521 67 95
1260 523 64 91
1261 524 63 90
1261 525 64 91
1260 527 66 94
1262 531 64 91
1262 532 64 91
1263 534 63 90
1263 537 64 91
1263 538 64 91
1265 543 62 89
1264 544 64 91
1265 548 63 89
1264 549 64 90
1265 552 64 90
1265 555 64 90
1265 559 64 90
1266 563 64 90
1266 566 64 90
1266 569 64 89
1267 573 63 88
1267 576 63 88
1267 579 64 89
1267 583 64 89
1268 587 64 89
1268 590 64 90
1268 594 64 89
1268 597 63 88
1268 599 64 89
1269 602 63 88
1269 604 64 89
1270 606 63 88
1269 609 64 89
1271 608 64 89
1271 613 64 89
1271 614 64 88
1271 617 64 88
1270 618 66 90
1271 622 64 88
1271 621 65 90
1273 626 64 88
1273 625 65 89
1274 630 63 86
1273 631 64 87
1274 632 65 89
1275 636 64 87
1274 636 65 88
1274 641 65 88
1275 640 66 89
1275 643 66 89
1276 643 66 89
1277 648 67 90
1278 649 65 88
1279 652 64 87
1279 651 65 89
1281 655 63 87
1281 655 64 88
1283 659 63 87
1282 659 63 87
1284 663 62 86
1285 663 64 89
1286 667 62 86
1286 666 63 87
1287 671 61 85
1287 669 63 88
1288 674 62 86
1290 677 62 86
1290 677 62 87
1291 679 62 88
1292 682 62 88
1292 683 62 88
1293 685 63 89
1293 686 61 87
1294 688 62 89
1295 689 63 91
1295 690 62 90
1297 695 62 91
1296 692 64 93
1297 697 62 90
1298 698 63 91
1298 700 63 91
1299 703 62 90
1299 703 63 92
1300 707 61 90
1301 707 61 90
1301 708 61 90
1302 710 61 91
1303 709 62 92
1304 713 61 90
1303 713 62 91
1303 712 63 93
1304 715 62 91
1305 715 63 92
1306 717 62 90
1307 717 62 89
1307 716 62 89
1307 715 64 92
1307 716 65 93
1308 715 64 92
1309 716 64 92
1309 715 65 93
1309 715 66 94
1310 716 66 94
1311 716 66 94
1311 716 67 95
1311 715 67 96
1311 716 68 98
1313 717 67 97
1314 718 66 95
1314 718 68 97
1315 718 67 96
1315 719 68 97
1316 720 67 96
1316 721 68 97
1318 718 68 97
1318 719 69 98
1319 720 69 98
1319 721 69 98
1320 722 68 97
1321 721 69 99
1322 722 68 98
1323 722 70 101
1323 722 69 100
1323 723 70 101
1324 723 69 100
1323 723 70 102
1322 722 71 103
1321 722 72 104
1321 724 71 103
1321 725 71 103
1322 727 69 100
1321 727 69 100
1321 729 68 99
1320 729 69 101
1319 730 68 99
1318 731 68 99
1318 733 68 99
1318 734 68 98
1318 736 68 98
1319 737 68 98
1320 738 68 98
1321 739 68 98
1322 740 69 99
1322 740 68 98
1323 741 70 101
1325 742 68 98
1325 743 69 100
1327 744 68 98
1327 745 68 99
1328 745 68 99
1329 746 68 99
1330 747 68 99
1331 748 68 99
1331 749 69 101
1333 749 69 101
1333 751 68 100
1335 752 69 101
1335 752 69 101
1336 754 69 102
1337 754 70 103
1337 755 70 104
1338 756 70 105
1339 755 71 106
1339 757 71 106
1339 758 73 108
1339 759 73 108
1341 761 72 106
1341 761 73 107
1342 762 72 105
1345 763 71 104
1346 765 70 102
1348 766 69 100
1348 767 69 100
1351 768 67 98
1351 767 68 99
1352 768 67 98
1352 770 68 99
1352 770 68 100
1352 771 68 99
1351 772 68 99
1349 772 69 100
1347 773 68 99
1346 773 68 99
1345 773 68 99
1344 774 68 100
1342 774 70 103
1341 777 71 105
1341 778 70 104
1343 779 70 104
1345 780 69 103
1345 780 70 104
1346 782 70 104
1347 781 71 105
1346 782 73 107
1346 783 74 108
1348 786 72 105
1350 787 73 106
1349 786 73 106
1351 789 73 106
1350 790 73 107
1352 790 73 106
1353 792 73 106
1354 793 73 105
1354 794 74 106
1355 794 75 107
1355 796 75 106
1357 797 75 106
1357 798 75 106
1360 800 75 106
1360 801 75 106
1362 804 75 106
1361 804 75 106
1364 806 75 107
1363 806 76 108
1365 807 75 107
1365 807 75 107
1366 809 75 108
1367 810 76 110
1368 813 75 108
1368 814 76 109
1370 815 76 108
1370 817 77 109
1371 819 76 108
1371 821 76 108
1369 821 77 109
1365 822 77 109
1358 824 76 108
1351 824 77 109
1344 824 78 110
1340 825 78 110
1335 826 78 109
1330 826 77 108
1324 826 77 108
1318 828 77 108
1310 829 77 107
1304 829 76 106
1295 829 77 108
1287 830 77 107
1278 830 77 107
1269 831 78 108
1262 833 77 107
1257 834 76 106
1253 833 78 108
1252 834 78 108
1252 834 79 110
1252 836 79 110
1253 836 79 111
1254 837 79 111
1255 837 79 111
1254 839 80 112
1256 839 81 113
1256 840 80 112
1256 842 82 114
1256 842 82 113
1258 843 82 113
1258 843 83 114
1258 845 83 114
1258 846 84 115
1260 846 84 115
1260 849 85 116
1261 848 85 116
1260 849 86 117
1263 852 84 114
1263 855 86 116
1263 855 85 115
1263 857 86 116
1263 859 88 118
1264 859 86 116
1264 861 88 119
1267 862 86 116
1266 863 88 118
1266 865 89 119
1268 866 88 118
1269 868 87 117
1271 869 86 116
1272 871 86 116
1272 873 86 116
1273 875 85 115
1272 874 86 117
1273 873 87 118
1273 877 86 117
1273 878 86 116
1273 878 86 116
1272 880 86 117
1272 880 86 118
1273 879 88 120
1273 880 87 119
1273 881 87 118
1273 884 88 119
1274 882 90 122
1275 886 88 119
1277 885 89 121
1278 888 87 118
1276 887 89 121
1277 890 88 119
1277 888 90 122
1278 894 88 119
1278 894 89 120
1277 895 88 119
1276 894 90 122
1277 899 88 119
1278 898 89 120
1279 902 87 118
1279 901 89 120
1280 905 88 118
1281 905 89 119
1282 907 89 119
1284 911 88 117
1284 911 89 119
1286 913 88 118
1288 916 88 117
1288 918 88 116
1288 920 89 117
1289 920 88 116
1291 924 89 117
1290 922 89 117
1291 927 89 117
1291 924 90 118
1292 930 89 116
1292 929 89 116
1293 933 89 116
1294 933 88 115
1296 935 90 117
1296 936 90 117
1296 937 91 119
1296 939 92 120
1296 941 93 121
1297 942 92 119
1297 944 92 118
1297 947 91 117
1297 948 90 116
1296 950 92 118
1295 952 92 117
1295 955 91 116
1294 956 91 116
1293 957 92 117
1292 957 93 118
1290 959 93 118
1288 960 94 119
1287 962 93 118
1286 964 93 118
1285 966 93 118
1284 968 94 119
1283 967 95 120
1279 970 94 119
1277 970 96 122
1275 972 97 123
1271 973 97 123
1269 974 96 122
1264 976 96 122
1259 979 95 121
1254 982 94 119
1249 983 94 119
1242 984 94 118
1234 987 95 119
1227 988 94 118
1221 990 94 118
1216 991 94 118
1210 991 96 120
1206 994 97 121
1204 996 96 120
1201 998 98 123
1199 999 96 121
1197 999 98 124
1194 1003 98 124
1192 1002 100 126
1191 1006 100 126
1192 1007 100 126
1193 1008 102 128
1193 1013 101 126
1195 1014 101 126
1195 1013 104 129
1197 1017 103 128
1197 1020 102 127
1200 1020 103 128
1199 1023 102 127
1203 1022 103 129
1202 1026 102 128
1205 1025 104 130
1204 1031 104 130
1207 1030 105 131
1206 1033 105 131
1209 1034 104 130
1210 1035 105 131
1211 1038 105 131
1213 1039 106 132
1213 1043 104 130
1215 1043 105 132
1217 1046 104 131
1219 1048 103 129
1220 1050 103 129
1222 1051 104 130
1220 1053 106 132
1223 1056 107 133
1225 1059 105 130
1225 1060 107 132
1227 1062 107 131
1227 1064 106 130
1229 1067 107 132
1231 1068 105 129
1233 1069 106 130
1234 1072 105 129
1237 1072 105 129
1235 1071 106 131
1237 1073 105 130
1237 1075 106 131
1240 1077 106 131
1241 1079 105 130
1241 1080 107 133
1243 1080 107 133
1244 1083 107 132
1245 1084 107 132
1246 1086 108 133
1248 1085 108 133
1249 1088 107 131
1250 1085 109 133
1249 1088 109 134
1251 1086 109 135
1251 1088 109 135
1253 1089 108 134
1253 1090 110 136
1255 1092 110 136
1257 1089 110 136
1256 1091 110 136
1258 1094 110 136
1260 1096 109 135
1262 1094 109 135
1263 1096 108 134
1264 1098 108 134
1267 1098 108 133
1268 1100 106 131
1270 1100 107 133
1270 1098 108 134
1269 1098 110 137
1271 1099 109 136
1271 1097 112 139
1272 1099 111 138
1273 1099 111 138
1274 1100 111 137
1275 1100 111 136
1276 1100 110 135
1277 1100 112 137
1277 1100 112 137
1277 1099 114 139
1277 1100 114 139
1277 1099 116 141
1277 1100 116 141
1278 1100 116 141
1278 1100 118 143
1277 1100 119 144
1276 1100 120 145
1277 1098 121 146
1284 1098 102 148
1289 1092 107 155
1286 1093 111 160
1283 1093 115 166
1283 1091 116 167
1282 1091 117 168
1280 1090 118 170
1281 1090 117 169
1281 1090 117 168
1283 1092 114 164
1284 1091 115 165
1284 1092 116 166
1285 1090 117 168
1288 1092 114 164
1291 1092 114 163
1292 1093 110 157
1292 1093 110 158
1294 1094 106 152
1293 1093 106 152
1292 1093 106 151
1292 1091 105 150
1290 1091 104 149
1289 1090 103 148
1287 1087 105 151
1285 1085 107 153
1284 1086 107 153
1284 1084 108 155
1286 1083 108 155
1287 1084 107 154
1286 1084 107 155
1286 1082 110 159
1286 1082 109 157
1285 1080 111 160
1285 1081 110 159
1287 1080 110 159
1288 1082 107 155
1287 1078 109 159
1287 1079 108 157
1286 1079 109 158
1285 1078 110 160
1284 1076 109 159
1282 1073 110 161
1282 1073 109 160
1281 1071 110 161
1281 1071 110 161
1280 1069 111 162
1280 1069 110 161
1280 1068 110 161
1281 1068 109 160
1280 1067 110 162
1281 1067 110 162
1281 1068 109 161
1281 1062 111 164
1281 1063 110 163
1280 1063 110 163
1281 1061 111 164
1281 1063 109 161
1282 1059 109 161
1280 1059 110 163
1281 1058 111 165
1279 1057 113 168
1279 1058 113 167
1279 1057 113 167
1282 1057 111 164
1284 1058 108 160
1285 1058 108 159
1284 1057 108 159
1286 1057 107 157
1285 1057 106 156
1287 1057 106 155
1287 1054 105 154
1285 1054 107 156
1284 1054 107 156
1285 1054 107 155
1285 1054 107 155
1286 1053 107 155
1285 1052 108 156
1286 1053 107 155
1288 1050 106 153
1287 1051 106 152
1288 1051 106 152
1288 1051 105 150
1287 1049 107 153
1286 1049 107 154
1286 1051 106 153
1288 1049 106 153
1288 1049 105 152
1287 1049 105 152
1288 1046 105 153
1288 1048 103 150
1288 1047 103 150
1289 1048 102 148
1290 1045 102 148
1290 1047 100 146
1292 1045 100 145
1290 1044 101 147
1291 1044 101 148
1291 1045 100 147
1292 1043 101 149
1292 1044 100 148
1292 1043 101 149
1291 1041 101 149
1292 1041 100 147
1295 1041 100 146
1293 1040 101 148
1293 1038 102 149
1294 1038 100 145
1295 1036 100 145
1295 1037 100 144
1294 1036 100 144
1296 1035 100 144
1295 1035 101 145
1295 1035 100 144
1296 1033 100 143
1296 1032 101 145
1296 1033 100 144
1296 1032 100 144
1296 1029 100 144
1296 1029 100 144
1295 1029 99 143
1296 1027 98 142
1297 1028 97 140
1296 1026 98 142
1297 1026 98 142
1296 1024 100 145
1297 1024 99 144
1297 1024 98 142
1297 1023 99 143
1296 1023 99 143
1297 1021 100 144
1297 1022 99 143
1296 1021 99 143
1297 1021 99 143
1297 1021 98 142
1299 1019 99 143
1300 1021 96 139
1299 1018 98 142
1299 1018 97 141
1298 1015 98 143
1298 1015 98 143
1298 1013 98 144
1297 1013 98 144
1298 1012 99 145
1297 1012 99 145
1297 1011 100 146
1298 1011 100 145
1299 1008 97 141
1297 1007 99 144
1298 1006 100 145
1298 1007 99 144
1297 1006 99 145
1298 1007 98 143
1298 1005 99 145
1297 1005 99 145
1298 1004 98 144
1298 1003 98 144
1298 1004 98 144
1298 1003 98 144
1297 1003 98 144
1298 1003 98 145
1299 1001 97 144
1298 1001 98 146
1298 1003 96 143
1299 1001 95 142
1298 1001 96 144
1300 1002 94 141
1300 1001 95 142
1299 1001 95 142
1299 1000 95 141
1298 999 95 142
1298 999 94 141
1298 999 94 141
1298 998 94 141
1298 997 95 142
1298 996 94 141
1298 995 94 141
1297 994 94 142
1297 993 94 143
1297 991 94 143
1297 992 94 142
1296 992 94 143
1296 991 95 145
1296 991 94 144
1296 989 95 145
1295 988 95 145
1295 987 95 145
1295 987 94 144
1296 985 95 145
1296 985 93 142
1295 984 93 142
1295 984 92 141
1296 982 92 141
1294 981 94 144
1294 982 92 142
1295 981 92 142
1294 980 93 143
1294 979 92 142
1293 977 93 143
1294 978 92 141
1294 977 92 141
1293 976 93 142
1292 975 94 144
1292 975 93 143
1293 975 92 142
1293 974 92 142
1293 972 93 143
1292 972 93 143
1292 971 94 145
1292 973 93 143
1291 970 94 144
1292 971 95 146
1292 971 93 143
1293 970 93 143
1292 969 93 143
1293 971 93 143
1293 968 93 142
1293 971 91 139
1293 971 92 140
1292 970 93 141
1292 972 92 139
1294 971 90 136
1294 972 90 135
1293 972 90 135
1292 972 91 136
1291 973 91 136
1292 975 89 134
1291 972 91 137
1289 969 92 139
1291 968 91 138
1290 969 92 139
1290 967 93 140
1289 968 93 140
1289 967 94 141
1289 970 93 139
1288 969 93 140
1288 969 94 141
1289 970 93 140
1289 970 93 140
1289 969 93 140
1288 969 93 140
1288 968 93 140
1289 968 92 139
1290 968 92 139
1289 968 92 140
1289 967 92 140
1289 968 91 139
1288 965 93 142
1289 966 92 141
1289 966 92 141
1289 966 92 141
1289 966 92 140
1289 965 92 140
1288 965 92 141
1289 963 93 142
1287 962 95 145
1286 963 95 145
1287 964 95 145
1286 964 96 147
1286 964 97 148
1285 965 97 148
1286 964 96 146
1286 965 95 145
1286 965 95 145
1286 967 94 144
1287 970 94 144
1286 970 95 146
1286 970 94 145
1287 970 96 147
1287 970 95 146
1285 970 97 148
1285 972 97 147
1284 973 97 147
1285 975 97 147
1284 973 98 149
1283 975 98 150
1283 972 100 153
1284 976 98 150
1284 978 97 148
1284 979 97 147
1283 979 97 147
1283 978 98 148
1282 979 98 149
1283 979 98 148
1283 980 97 147
1282 980 97 147
1283 980 96 146
1283 981 95 145
1283 980 96 147
1283 982 94 144
1284 980 95 146
1284 982 94 144
1284 982 95 145
1283 982 96 147
1283 983 95 146
1280 981 98 151
1281 979 98 150
1281 980 97 149
1280 979 98 151
1281 981 97 150
1279 980 98 152
1281 982 97 150
1280 980 98 152
1282 980 97 150
1280 979 99 152
1280 980 98 151
1281 980 98 151
1281 982 96 148
1280 981 97 150
1280 982 96 149
1281 982 96 149
1281 982 97 151
1280 983 98 153
1280 985 98 153
1280 987 97 151
1279 988 97 152
1280 991 97 151
1279 992 97 151
1280 993 95 149
1281 992 96 151
1280 992 97 152
1280 996 97 152
1278 994 99 155
1277 994 100 156
1278 995 99 154
1277 995 99 154
1277 995 99 154
1278 996 99 154
1277 996 100 155
1276 995 101 156
1276 997 99 154
1276 996 100 155
1276 995 100 155
1277 996 98 153
1277 996 98 153
1277 996 98 153
1277 997 98 153
1278 998 97 151
1277 999 97 150
1278 999 96 149
1279 998 96 149
1278 998 96 148
1278 1000 95 146
1277 1000 95 146
1278 1003 94 144
1278 1002 95 146
1277 1003 95 146
1277 1005 94 145
1278 1005 94 145
1277 1006 95 146
1277 1008 95 146
1276 1008 96 147
1277 1011 94 144
1277 1011 94 144
1277 1009 95 146
1275 1007 97 150
1275 1009 95 148
1276 1006 95 149
1274 1004 96 151
1276 1004 95 150
1276 1003 95 150
1277 1002 96 152
1277 1001 96 152
1277 1001 96 153
1277 1001 96 153
1277 998 97 155
1276 998 97 155
1276 996 97 155
1278 997 95 152
1276 996 97 155
1277 996 96 154
1277 996 97 155
1276 994 98 156
1275 995 99 157
1275 992 100 159
1275 994 99 158
1274 991 100 159
1274 989 101 161
1273 989 101 161
1273 986 101 161
1274 985 100 160
1274 983 101 161
1274 981 100 160
1275 979 100 160
1275 977 101 161
1275 977 101 161
1276 975 99 158
1275 976 99 159
1275 974 98 158
1274 971 100 161
1274 969 100 161
1275 968 99 160
1275 966 98 159
1275 964 98 158
1275 963 97 156
1274 961 98 157
1275 958 98 157
1274 957 99 158
1274 957 99 158
1273 954 100 159
1273 953 99 158
1273 950 99 158
1273 949 99 157
1274 949 97 154
1274 948 96 153
1274 947 95 151
1274 947 94 149
1275 945 94 149
1275 946 93 148
1275 944 92 147
1276 941 93 149
1275 941 93 148
1275 940 92 147
1275 937 92 147
1274 937 92 147
1274 934 94 150
1273 932 95 152
1272 932 95 151
1271 927 95 152
1272 927 94 150
1273 923 93 149
1273 923 93 149
1273 917 93 149
1272 917 93 149
1272 914 92 148
1273 910 91 147
1272 908 91 147
1272 905 90 145
1272 904 89 143
1271 899 89 143
1271 898 88 141
1271 895 87 140
1270 891 87 139
1271 890 85 136
1270 884 87 139
1271 884 84 134
1272 880 84 134
1271 879 84 134
1272 874 84 134
1271 871 85 135
1269 866 86 137
1270 868 83 132
1268 864 85 135
1268 861 84 134
1268 858 84 134
1268 855 83 133
1267 854 83 132
1266 852 84 133
1266 850 83 132
1266 848 83 132
1266 844 83 132
1266 841 83 131
1265 837 83 131
1265 835 83 130
1264 833 83 130
1264 830 82 129
1264 827 82 129
1264 825 82 129
1263 820 82 129
1263 818 81 127
1262 815 81 126
1263 815 79 123
1262 811 81 125
1261 810 81 124
1261 809 80 123
1261 804 81 124
1261 804 79 121
1260 802 79 121
1259 800 79 121
1259 797 79 121
1259 796 78 120
1258 793 78 120
1260 791 76 118
1259 788 77 120
1258 786 78 122
1257 784 78 122
1257 782 77 120
1256 780 77 120
1256 778 76 119
1255 774 77 120
1255 773 76 118
1253 769 78 121
1253 769 77 119
1251 765 79 121
1251 764 78 119
1251 761 78 119
1251 758 78 119
1251 757 77 117
1250 755 77 117
1250 754 76 116
1249 751 77 117
1248 748 78 118
1247 746 78 118
1247 744 77 117
1246 742 77 117
1246 740 76 116
1247 738 76 116
1246 734 77 117
1246 733 76 115
1245 731 76 114
1245 730 75 112
1244 727 76 114
1243 725 76 114
1243 724 76 113
1243 723 76 113
1243 721 76 113
1242 720 76 113
1243 719 75 112
1243 718 74 111
1243 717 74 110
1243 716 74 109
1242 714 74 109
1242 712 73 107
1241 710 73 108
1241 709 72 107
1240 707 72 107
1240 706 71 106
1239 704 71 106
1239 702 70 105
1238 700 70 104
1238 701 69 103
1237 697 69 103
1237 695 69 103
1236 694 70 104
1237 693 70 104
1236 691 70 105
1237 690 69 104
1236 688 70 106
1235 685 70 106
1235 684 70 106
1235 682 69 105
1233 680 70 106
1233 678 69 105
1232 676 69 106
1233 674 69 106
1231 672 69 106
1231 670 69 106
1231 669 68 105
1231 666 68 105
1231 665 68 105
1231 662 68 104
1231 663 67 102
1229 660 67 102
1229 659 67 102
1229 658 66 101
1230 656 65 100
1229 655 65 100
1228 653 66 101
1229 651 65 100
1228 648 65 100
1228 648 64 99
1228 645 65 100
1228 643 65 99
1228 642 64 97
1228 642 64 97
1227 637 64 97
1226 637 65 99
1226 634 64 98
1226 633 64 98
1226 632 63 97
1224 631 64 98
1224 631 63 97
1223 627 63 97
1223 627 63 97
1223 625 63 96
1223 625 63 96
1222 620 64 97
1222 622 63 96
1221 618 63 96
1221 618 62 94
1222 617 62 95
1222 613 61 93
1220 611 63 95
1219 610 62 94
1219 611 62 95
1219 607 62 96
1219 607 62 96
1218 606 62 96
1217 605 62 96
1217 603 61 95
1217 603 61 95
1217 600 60 94
1216 601 61 95
1216 598 61 95
1215 598 62 96
1215 596 62 95
1215 594 62 94
1215 593 61 93
1214 591 61 93
1213 590 61 93
1213 588 61 92
1213 589 61 92
1212 586 61 92
1211 585 61 93
1211 585 60 91
1211 581 61 92
1211 581 61 92
1210 579 61 92
1209 578 61 93
1208 576 61 93
1208 574 61 93
1207 573 61 94
1206 571 62 95
1207 570 61 94
1206 570 61 94
1205 567 61 94
1205 568 61 95
1205 564 60 93
1204 565 61 94
1204 565 61 94
1204 563 60 93
1203 561 61 94
1203 562 60 92
1202 560 60 93
1203 559 59 91
1202 558 59 92
1202 557 59 92
1201 556 59 92
1201 555 59 92
1200 554 59 92
1200 553 59 91
1199 552 59 91
1198 550 59 92
1197 549 59 92
1196 548 59 93
1196 546 59 93
1195 544 60 95
1195 543 59 94
1195 543 59 93
1194 542 59 93
1193 542 59 93
1192 541 60 94
1192 542 59 92
1191 541 60 93
1190 541 60 93
1189 540 60 93
1189 540 59 92
1188 540 59 93
1188 539 59 94
1187 539 59 94
1187 538 59 94
1187 539 58 93
1187 539 58 93
1186 539 59 94
1185 538 60 95
1185 537 60 94
1184 537 60 95
1184 538 59 94
1183 538 59 95
1182 538 59 96
1182 538 59 96
1181 537 60 97
1181 537 60 97
1180 536 60 97
1179 536 61 98
1178 535 61 98
1178 537 61 98
1177 537 61 97
1177 538 60 96
1176 539 60 96
1176 540 59 95
1175 541 59 95
1175 542 59 94
1174 542 59 95
1173 542 60 96
1173 542 60 96
1172 543 60 95
1171 543 61 96
1170 544 60 95
1169 544 60 95
1169 545 60 94
1168 545 60 94
1168 546 59 93
1168 546 58 92
1167 546 59 93
1167 546 58 92
1167 546 58 92
1167 547 57 91
1166 546 58 93
1166 547 58 92
1166 548 58 91
1165 546 58 91
1165 547 58 90
1163 547 59 91
1162 547 59 91
1161 547 59 92
1160 547 59 92
1160 548 59 91
1159 548 60 92
1159 549 60 91
1158 549 60 91
1157 550 59 90
1157 551 59 89
1157 551 58 88
1156 551 58 89
1156 551 58 89
1156 551 58 88
1155 552 58 87
1154 552 58 88
1153 552 59 89
1153 553 57 87
1151 552 59 90
1150 552 59 90
1149 551 60 92
1149 551 60 92
1149 552 59 90
1148 552 59 90
1146 552 60 91
1145 551 61 92
1144 551 61 92
1143 551 62 93
1143 552 61 92
1142 551 61 92
1142 552 60 91
1141 548 61 92
1142 551 60 90
1141 550 61 91
1139 549 62 92
1139 552 62 92
1138 548 62 93
1138 551 61 91
1137 548 62 92
1137 552 61 91
1136 547 62 92
1136 552 61 91
1135 548 62 92
1135 552 61 90
1134 546 62 92
1134 550 61 91
1133 547 61 91
1133 548 60 89
1133 547 59 88
1133 548 58 87
1133 546 58 87
1132 545 59 88
1131 547 58 87
1131 546 58 87
1131 545 58 87
1130 545 58 87
1129 543 58 87
1128 543 59 89
1128 541 59 89
1127 541 60 90
1127 541 59 89
1127 543 58 88
1127 541 57 86
1127 542 57 86
1127 541 57 86
1126 542 56 85
1126 541 56 84
1126 541 55 82
1126 541 54 81
1125 541 54 81
1125 541 54 81
1124 540 55 82
1124 541 54 80
1123 541 54 81
1122 538 56 84
1123 540 54 81
1122 539 54 82
1122 540 53 81
1121 538 54 82
1122 538 53 81
1121 536 54 82
1121 537 53 81
1120 535 54 83
1121 535 53 82
1120 534 54 83
1120 533 54 83
1120 532 53 82
1119 532 54 83
1119 532 53 82
1118 532 53 82
1118 533 53 82
1118 532 53 82
1117 531 53 82
1117 531 53 81
1116 530 54 82
1116 531 54 82
1115 530 55 83
1115 530 54 82
1114 528 56 84
1114 528 55 83
1114 528 55 83
1114 527 54 81
1114 527 55 83
1114 527 54 81
1114 527 54 82
1114 526 54 82
1114 526 53 80
1113 524 54 82
1114 525 53 80
1113 522 54 82
1114 524 53 81
1113 520 54 82
1113 521 53 81
1112 520 54 83
1113 518 53 82
1113 519 52 81
1113 518 53 82
1113 519 52 81
1113 515 53 83
1113 516 52 81
1113 516 52 81
1113 514 52 80
1113 514 52 80
1113 513 52 80
1113 513 52 80
1112 511 53 81
1112 512 52 80
1112 512 52 81
1112 509 52 81
1112 510 51 80
1111 508 52 82
1113 508 51 80
1112 507 51 81
1113 507 50 80
1113 506 50 81
1113 503 50 81
1113 503 50 81
1113 503 50 81
1113 502 50 81
1113 501 50 81
1113 501 50 80
1113 501 50 80
1113 500 50 80
1113 500 50 79
1113 499 50 79
1113 498 50 79
1114 498 49 78
1114 497 49 78
1114 496 48 77
1114 494 49 79
1113 492 50 80
1113 493 49 78
1113 491 50 79
1114 490 49 77
1114 489 49 77
1114 488 49 77
1113 486 50 78
1113 487 49 77
1113 485 49 77
1114 485 49 77
1113 482 49 77
1113 482 49 77
1113 482 49 78
1114 480 48 77
1113 480 49 78
1114 479 48 76
1114 479 48 77
1114 476 48 77
1114 477 47 76
1115 476 46 74
1114 474 48 77
1115 473 47 75
1114 472 47 75
1114 471 47 75
1114 470 47 75
1113 468 47 76
1114 467 47 76
1114 467 47 76
1114 465 47 76
1114 464 47 77
1115 462 46 76
1115 461 46 76
1115 461 46 76
1115 459 46 76
1115 458 45 75
1114 456 46 77
1115 456 46 76
1115 455 45 75
1114 454 46 77
1116 453 45 75
1115 452 46 77
1115 449 44 74
1115 451 46 77
1115 447 45 75
1114 447 45 75
1114 447 45 75
1114 447 45 75
1113 447 46 76
1114 445 45 74
1113 445 46 75
1115 446 45 73
1114 444 45 74
1113 443 45 75
1114 442 44 74
1114 441 44 75
1115 440 43 74
1114 439 45 77
1114 438 43 74
1113 437 45 77
1114 436 44 75
1113 435 44 76
1114 434 44 76
1114 433 44 75
1114 433 44 74
1113 431 45 75
1113 430 45 74
1112 429 46 75
1111 427 46 75
1111 427 46 75
1111 426 46 75
1112 426 45 74
1112 426 44 72
1112 426 44 72
1112 425 44 72
1112 425 43 71
1112 423 43 72
1111 421 44 74
1111 420 44 74
1112 420 44 74
1113 420 42 71
1113 420 42 71
1114 418 42 71
1113 417 42 72
1113 417 42 72
1113 417 41 71
1113 415 41 72
1113 421 41 59
1113 419 41 59
1113 418 41 59
1114 417 41 59
1113 416 41 59
1113 415 41 59
1114 415 41 59
1113 414 41 59
1114 414 41 59
1114 413 41 59
1113 412 41 59
1114 412 41 59
1113 411 41 59
1114 410 41 59
1113 410 41 59
1114 409 41 59
1113 408 41 59
1114 408 41 59
1114 406 41 59
1113 406 41 59
1114 405 41 59
1113 402 43 62
1112 402 43 63
1112 401 44 64
1112 400 44 64
1112 398 45 65
1113 398 44 63
1112 397 44 63
1112 396 45 65
1112 395 44 64
1112 394 45 65
1112 395 44 63
1113 392 45 65
1114 393 43 62
1114 394 43 61
1114 392 43 61
1114 392 43 61
1114 391 43 61
1114 389 43 61
1113 389 43 61
1113 387 44 62
1113 387 44 62
1113 387 44 62
1114 386 44 61
1114 385 43 59
1113 384 43 60
1113 384 43 61
1114 382 42 60
1114 381 44 62
1114 381 42 60
1114 379 43 61
1114 378 43 60
1113 378 43 61
1114 376 42 60
1113 375 43 61
1114 374 43 61
1115 373 43 61
1118 373 42 60
1120 372 42 61
1124 371 42 61
1126 371 41 60
1128 369 42 62
1132 369 43 63
1135 369 41 61
1138 368 41 61
1142 368 41 62
1146 367 41 61
1149 366 42 62
1153 364 43 64
1158 365 42 63
1165 364 42 63
1169 363 42 62
1174 365 42 62
1179 364 41 60
1181 365 41 59
1183 365 40 58
1183 365 40 58
1183 364 40 58
1183 364 40 58
1183 364 40 58
1184 363 39 57
1183 361 40 59
1183 361 40 59
1183 360 40 59
1183 359 40 60
1183 359 40 60
1183 359 39 59
1183 357 39 60
1182 357 39 61
1183 357 39 61
1183 355 39 61
1183 355 39 61
1183 356 39 60
1183 356 38 59
1183 354 39 60
1183 354 39 60
1183 354 39 60
1183 353 39 59
1183 353 39 59
1183 352 39 59
1182 352 39 60
1182 351 39 60
1182 351 39 61
1182 351 38 60
1183 349 39 62
1183 350 38 61
1183 348 38 61
1183 347 39 63
1183 348 38 61
1183 347 38 62
1183 346 38 62
1183 346 38 62
1183 345 38 62
1183 345 38 62
1183 345 38 62
1183 344 38 62
1183 344 38 61
1183 344 38 61
1183 344 37 59
1182 342 38 60
1182 342 38 61
1183 343 37 59
1183 342 37 59
1183 342 37 59
1183 341 37 58
1182 341 38 59
1183 341 37 57
1182 341 37 58
1183 340 37 58
1183 340 37 58
1183 340 37 57
1183 339 37 57
1183 338 37 57
1183 339 36 56
1183 337 36 57
1184 335 37 58
1184 335 37 58
1184 335 37 58
1184 335 37 57
1184 334 37 56
1183 333 38 58
1183 334 37 57
1183 333 36 56
1183 332 37 58
1184 331 36 56
1183 331 37 58
1184 330 36 57
1184 329 37 58
1184 329 36 57
1184 328 37 58
1184 328 36 57
1184 328 36 57
1184 327 36 57
1184 327 36 57
1184 326 36 57
1183 325 36 58
1184 324 37 59
1184 325 36 57
1185 325 36 56
1184 324 36 57
1185 322 36 56
1185 323 36 57
1185 323 35 56
1184 322 36 58
1185 320 36 58
1185 320 36 58
1185 320 36 58
1185 320 35 57
1185 320 35 58
1186 319 35 58
1185 318 36 59
1186 318 36 59
1187 317 35 57
1186 316 36 59
1186 316 36 58
1186 316 36 58
1186 316 36 57
