653 718 55 37
651 717 57 38
650 716 58 39
651 714 59 40
649 713 61 41
648 711 63 42
645 710 65 43
643 708 67 44
643 708 68 45
644 706 67 44
642 704 68 45
642 702 69 46
639 703 70 47
640 700 71 48
637 700 70 47
639 697 72 48
637 697 70 46
639 694 69 45
638 691 67 44
641 689 65 43
640 687 64 42
643 685 63 41
642 684 62 40
643 683 61 39
642 681 61 39
644 679 61 39
643 678 60 39
643 676 60 39
642 674 60 39
642 673 60 39
642 671 60 39
642 670 60 39
642 669 60 39
641 668 60 39
641 666 59 38
642 665 59 38
641 664 59 38
640 663 59 38
641 661 59 38
640 661 58 37
640 658 59 38
640 657 58 38
641 656 59 39
639 654 59 39
639 654 58 38
639 653 59 38
638 652 58 37
638 650 59 38
638 649 58 37
638 647 59 37
638 646 59 37
638 645 58 37
638 644 57 37
638 643 57 37
639 642 56 37
639 641 56 37
639 640 56 37
639 639 56 37
639 638 56 37
637 637 57 37
637 638 57 37
636 636 56 36
637 635 55 35
636 634 55 35
637 633 55 35
637 632 55 35
638 632 55 35
636 630 56 35
637 629 56 35
637 628 57 35
636 627 57 35
637 626 56 35
638 626 55 34
637 625 54 34
639 625 53 34
639 624 53 34
639 623 53 34
639 621 53 34
638 620 53 34
638 619 53 34
638 618 53 34
637 617 53 34
638 617 52 34
638 616 51 34
638 615 50 33
639 614 50 33
640 613 50 33
641 612 49 33
641 612 49 33
641 612 49 33
640 611 50 33
641 612 50 33
641 612 50 33
640 611 50 33
640 612 50 33
641 610 49 33
639 609 50 33
640 610 49 33
639 608 49 33
639 608 50 34
639 608 51 35
639 606 50 35
639 606 50 35
639 606 50 35
639 605 49 34
639 607 48 33
638 606 48 33
639 607 47 33
638 606 47 33
637 605 48 34
637 606 49 35
637 604 49 35
636 604 49 35
636 603 50 36
636 603 49 35
637 603 48 34
637 604 48 34
637 602 47 33
639 604 47 33
637 602 48 34
638 603 48 34
638 602 48 34
637 602 49 35
636 601 49 35
636 602 49 35
637 601 49 35
637 600 49 35
638 601 48 34
638 601 47 34
638 601 46 34
639 602 46 34
638 601 47 35
637 600 47 35
637 601 48 35
637 599 48 35
638 601 48 35
637 600 48 35
638 601 48 35
637 599 48 35
638 600 47 34
638 601 47 34
637 600 47 34
637 601 47 34
637 600 47 34
637 601 47 34
636 600 48 35
636 600 49 35
636 600 49 35
636 601 49 35
636 600 49 35
636 601 48 34
636 602 48 34
637 601 48 34
636 601 48 34
636 602 48 34
636 601 48 34
636 601 48 34
636 600 48 34
636 600 47 33
635 600 47 33
636 601 47 33
635 599 48 34
636 600 47 33
635 600 48 34
635 601 48 34
634 600 49 34
634 601 48 34
635 602 48 34
634 601 49 35
634 601 49 35
634 601 49 35
634 601 49 35
634 602 49 35
634 601 49 35
634 602 48 35
634 601 48 35
634 601 47 35
634 601 47 35
633 602 47 35
633 603 47 35
633 602 47 35
633 603 47 35
633 603 47 35
633 603 47 35
633 603 47 35
633 604 47 35
632 603 47 35
633 605 47 35
633 603 47 35
632 602 47 35
632 603 47 35
631 603 47 35
632 603 47 35
632 603 48 36
632 604 48 36
631 602 49 37
630 602 48 36
632 604 46 35
631 602 47 36
631 604 47 36
631 605 47 36
631 603 46 35
631 605 46 36
631 604 47 37
630 603 48 37
630 602 47 37
630 603 47 37
629 602 47 37
629 602 47 37
629 602 47 37
629 602 47 37
629 603 47 37
629 604 46 37
630 604 46 37
630 604 45 36
629 605 45 36
629 606 45 36
628 605 46 37
629 606 45 36
628 606 45 36
628 606 45 36
627 607 45 36
627 607 45 36
627 607 45 36
627 608 45 36
627 608 46 37
626 608 46 37
625 608 46 37
625 609 46 37
624 607 47 38
624 613 46 31
623 611 48 32
623 611 49 33
622 612 50 34
622 614 50 34
622 614 50 34
620 613 51 35
618 612 51 35
618 614 51 35
616 615 52 36
617 615 51 35
616 615 51 35
615 615 50 34
616 616 49 33
615 617 49 33
614 616 50 33
615 618 49 33
613 616 50 34
613 618 49 33
610 618 50 33
611 618 51 33
610 619 50 33
611 621 50 33
610 619 51 34
609 620 52 35
610 618 52 35
609 619 52 35
610 620 51 34
609 620 52 35
607 619 53 35
606 620 52 34
606 621 51 34
604 621 51 34
603 621 50 34
602 620 51 35
602 620 52 36
601 620 52 36
601 620 53 37
600 620 53 37
598 620 54 38
599 621 53 38
597 620 54 39
597 620 55 40
596 621 56 41
596 622 56 41
595 623 57 42
596 624 56 41
594 623 57 42
593 625 56 41
592 624 56 41
592 626 55 40
591 626 56 41
592 626 57 42
592 629 57 42
591 629 58 43
591 628 58 43
589 628 59 44
587 629 59 44
588 621 57 43
585 627 58 43
583 626 59 43
583 627 58 42
581 626 58 42
580 628 58 42
579 627 60 43
580 628 59 43
579 629 59 43
578 629 60 44
577 629 61 45
574 629 61 45
573 630 61 45
571 630 62 46
567 629 63 47
568 628 65 48
567 629 66 49
566 630 67 50
564 631 69 51
563 632 71 53
562 633 72 54
561 635 70 53
559 634 71 54
556 633 73 55
554 633 75 56
553 635 74 55
553 635 75 56
550 635 76 56
550 634 77 57
548 635 77 57
548 636 76 56
546 637 77 57
546 626 77 57
544 632 77 57
542 636 79 59
540 638 80 60
539 639 78 59
539 639 78 59
536 639 79 60
535 640 79 60
534 640 79 60
533 640 80 60
531 640 81 61
530 639 80 60
527 639 83 62
525 639 82 62
525 638 83 63
522 637 83 63
518 636 85 65
517 638 86 65
517 638 84 63
513 637 86 64
512 637 89 66
513 639 86 64
511 639 86 64
509 639 88 66
506 639 88 66
505 640 87 66
503 641 86 65
501 641 87 66
499 642 86 65
499 641 88 66
495 641 88 66
493 642 88 66
492 641 90 67
489 643 89 66
487 643 90 67
485 644 89 66
483 644 90 67
484 644 89 67
480 645 89 67
479 645 89 67
477 645 89 67
475 645 89 67
472 645 91 68
469 645 91 68
468 646 90 67
466 647 90 67
463 647 90 67
460 648 92 69
458 649 92 69
456 649 94 70
453 650 94 70
451 650 96 71
448 652 95 70
445 653 97 71
445 654 97 71
443 656 94 69
441 656 95 70
439 657 94 69
438 657 94 69
435 657 95 70
432 658 95 70
430 659 96 70
429 661 96 70
426 662 95 69
423 662 94 69
422 663 93 68
420 663 93 68
418 664 92 67
415 664 93 68
412 665 94 69
409 665 95 70
405 665 96 70
402 665 97 71
398 665 98 72
397 665 98 72
393 665 100 73
390 665 102 74
387 665 103 75
383 665 104 75
379 667 104 75
377 668 103 74
374 671 103 74
374 673 101 72
373 675 101 72
373 678 100 71
375 681 97 69
377 681 96 68
379 682 96 68
384 682 94 67
389 681 94 67
394 683 93 66
400 684 93 66
407 684 92 65
413 685 90 64
422 683 90 64
430 684 90 64
442 685 88 63
454 686 87 62
466 687 86 62
479 686 86 62
494 687 86 62
508 688 87 62
524 688 87 62
539 688 87 62
554 687 87 62
567 688 87 62
581 688 88 63
593 687 89 63
603 685 92 65
610 688 93 66
618 688 94 67
623 689 93 66
625 691 92 65
627 691 89 63
629 693 89 63
629 692 88 63
630 692 88 63
630 691 89 64
627 691 89 64
630 692 89 64
630 691 88 63
632 692 89 64
628 693 87 62
632 691 88 63
632 692 87 62
634 693 86 61
632 692 87 61
629 691 87 61
629 689 89 62
624 690 89 62
621 688 90 63
618 685 91 64
622 685 92 65
615 686 92 65
615 683 92 65
618 683 92 65
613 684 91 65
613 680 92 66
609 681 93 67
611 679 94 68
606 681 94 68
607 677 94 68
603 679 95 68
605 676 97 69
603 677 97 69
603 675 98 70
603 676 99 71
602 674 99 71
605 672 99 71
607 672 100 71
610 673 99 70
612 673 99 70
615 672 98 69
618 670 97 68
620 670 99 69
624 670 98 68
627 668 98 68
630 666 99 68
632 664 100 68
637 664 101 68
642 661 100 68
646 663 98 66
651 663 96 65
655 661 95 64
660 660 95 64
666 659 95 64
672 657 95 64
680 658 95 64
684 657 96 65
691 656 95 64
697 657 95 64
702 654 95 64
707 656 94 63
712 653 93 62
717 654 94 63
723 652 94 63
731 650 95 64
735 652 94 63
740 653 95 64
745 652 96 65
752 652 94 64
757 653 94 64
760 652 95 65
765 652 95 65
768 651 95 65
770 651 94 64
771 650 93 63
771 650 92 62
776 650 92 62
775 650 90 61
778 649 89 60
775 649 88 59
775 649 88 59
776 648 89 60
774 647 89 60
771 645 90 61
770 644 91 61
768 644 90 61
768 641 92 62
766 640 92 62
763 639 94 63
761 638 95 64
759 636 97 65
756 635 98 66
756 633 100 67
753 632 100 67
752 629 101 68
749 628 99 67
753 628 97 66
751 627 94 64
750 627 91 62
748 625 91 62
744 624 91 62
745 622 90 61
742 620 92 62
740 618 93 62
738 616 93 62
737 614 92 61
739 614 91 61
736 614 91 61
733 612 90 60
730 611 91 60
728 610 91 60
728 609 92 61
726 608 92 61
725 607 93 62
724 607 94 62
723 607 94 62
722 606 94 62
722 605 95 62
723 605 95 62
722 605 94 61
723 605 94 61
720 603 95 61
722 603 93 60
721 602 94 61
718 602 95 62
719 602 95 62
717 602 95 62
715 602 93 61
713 603 91 60
712 603 89 59
709 603 86 57
706 604 83 55
703 604 82 54
704 604 82 54
704 604 83 54
705 604 84 55
704 602 85 56
703 601 86 57
706 600 85 57
705 599 86 58
707 599 87 59
708 598 86 58
710 598 88 59
708 597 89 60
709 596 89 60
706 596 89 60
706 595 89 60
705 595 89 60
704 596 89 60
702 594 89 60
704 594 90 60
698 594 92 61
701 592 91 60
697 593 92 60
694 593 92 60
695 592 91 59
692 592 90 58
693 595 89 57
687 594 90 58
690 593 89 57
686 593 89 57
683 593 91 58
681 593 90 57
683 593 89 56
681 593 89 56
678 593 89 56
674 593 90 57
670 593 91 58
668 593 91 58
666 593 90 57
664 593 90 57
661 593 90 57
660 593 89 56
657 592 89 56
652 591 90 56
649 591 91 56
645 591 91 56
642 591 91 56
640 591 89 55
637 590 88 54
635 590 88 54
632 590 89 54
630 590 88 53
626 589 88 53
624 589 87 53
619 589 87 53
616 589 87 53
613 589 86 52
610 589 86 52
606 589 86 52
603 589 85 51
599 588 85 51
595 588 87 52
590 588 88 52
587 589 87 51
583 588 87 51
580 588 86 50
577 589 85 50
574 588 85 50
569 587 86 51
567 587 85 50
564 587 85 50
561 587 85 50
563 587 84 50
564 587 83 49
562 586 84 49
563 585 84 49
565 585 83 48
563 585 83 48
564 584 84 49
566 584 84 49
566 583 84 49
568 583 84 49
569 582 84 49
569 582 84 49
572 582 83 48
569 580 85 49
573 580 84 49
576 580 81 47
575 579 83 48
577 578 84 48
578 577 84 48
580 576 85 49
582 576 83 48
584 576 82 47
588 575 82 47
590 576 80 46
591 575 80 46
593 573 83 48
596 574 80 46
599 572 82 47
600 569 83 48
602 568 85 49
605 567 86 49
608 566 87 49
610 565 88 49
621 564 74 50
624 562 77 52
627 562 76 51
632 561 77 52
635 561 76 51
639 561 76 51
641 559 77 52
645 559 76 52
650 559 74 51
653 558 74 51
657 557 72 50
659 557 71 50
661 556 72 51
666 554 73 52
668 554 71 50
669 553 72 51
675 551 71 51
676 551 72 52
679 550 70 51
679 547 73 53
681 547 73 53
684 546 73 53
685 545 75 54
688 544 76 55
691 543 75 54
693 544 74 53
696 543 73 53
699 542 74 53
701 542 74 53
704 541 74 53
708 541 73 52
712 541 71 51
716 539 71 51
717 539 70 51
724 539 68 49
725 538 69 50
729 539 67 48
732 537 68 49
736 535 69 49
739 536 68 48
744 535 68 48
747 535 69 49
751 533 70 49
754 533 70 49
759 532 69 49
763 531 68 49
767 529 68 49
772 529 68 49
776 529 68 49
780 528 69 50
784 528 69 50
787 527 71 51
792 526 72 52
796 527 70 50
800 526 70 50
804 525 70 50
808 526 67 48
811 525 65 46
813 525 65 46
814 523 65 46
816 523 66 47
817 522 64 46
818 520 64 46
818 520 65 47
819 518 65 47
820 518 63 46
820 517 65 47
821 517 63 46
822 516 62 45
822 515 62 45
823 514 62 45
823 513 62 45
822 512 62 45
823 512 62 45
823 511 60 44
823 510 61 45
822 509 60 44
822 509 60 44
823 508 59 44
821 507 59 44
822 506 58 43
822 505 58 43
821 504 58 43
820 503 58 43
820 502 59 44
819 502 58 43
818 501 58 43
819 500 58 43
818 500 58 43
817 499 56 42
816 498 56 42
815 497 56 42
815 497 56 42
815 497 54 41
815 495 53 40
812 493 56 42
811 493 55 41
812 492 54 40
811 491 55 41
810 491 54 40
809 490 54 40
808 489 54 40
807 489 54 40
806 487 53 40
805 487 53 40
804 486 53 40
804 485 52 39
803 484 52 39
802 483 52 39
802 483 51 38
801 483 51 38
799 482 50 37
798 480 51 38
797 480 50 37
796 478 51 38
794 478 51 38
793 477 51 38
792 476 51 38
791 476 51 38
790 475 51 38
789 475 51 38
788 474 49 37
787 472 50 38
786 472 51 39
785 472 49 38
785 471 48 37
784 469 48 37
783 469 48 37
782 468 48 37
781 468 47 37
779 467 47 37
779 466 47 37
777 466 47 37
776 465 45 36
775 464 46 36
774 464 45 36
773 463 45 36
772 462 44 35
771 461 45 36
770 461 44 35
769 460 44 35
768 459 44 35
767 459 44 35
766 459 43 34
766 459 42 33
765 458 42 33
764 458 41 33
763 457 40 32
762 457 41 33
760 456 40 33
760 458 41 28
759 458 40 27
759 457 40 27
758 457 39 26
756 456 39 26
754 455 40 27
753 454 41 28
753 455 40 27
753 454 40 27
753 454 39 26
751 454 39 26
750 453 38 26
749 452 39 27
748 452 39 27
747 452 39 27
747 452 39 27
747 453 39 27
745 453 39 27
745 453 38 26
743 445 38 26
742 448 39 26
742 449 39 26
742 450 39 26
741 450 39 26
741 450 39 26
740 451 38 26
740 451 37 26
739 452 36 26
739 451 36 26
738 451 36 26
738 451 37 27
737 451 36 26
737 450 36 26
736 450 36 26
736 450 36 26
735 449 36 26
734 449 36 26
733 449 37 26
732 448 38 27
731 447 38 27
731 446 38 27
730 445 38 27
729 444 39 28
728 444 40 29
728 443 40 29
728 443 40 29
727 443 40 29
726 442 40 29
727 443 39 28
726 443 39 28
725 442 39 28
725 443 39 28
724 442 39 28
724 442 39 28
724 442 39 28
724 442 39 28
723 441 39 28
722 441 39 28
722 442 39 28
722 441 39 28
722 441 39 28
721 440 39 28
721 441 39 28
721 440 39 28
720 439 39 28
720 439 39 28
720 439 39 28
719 439 40 28
719 440 39 28
720 440 39 28
719 440 39 28
719 440 38 27
719 439 39 27
718 439 39 27
718 439 39 27
718 439 39 27
717 439 39 27
717 439 38 27
718 438 38 27
717 438 38 27
717 437 38 27
717 437 38 27
717 437 38 27
716 437 38 27
717 437 38 27
716 437 39 27
716 437 39 27
716 437 39 27
716 437 39 27
716 437 39 27
716 437 39 27
715 437 39 27
715 436 39 27
714 436 40 27
715 436 40 27
716 436 39 26
715 436 40 26
715 436 40 26
715 436 40 26
715 436 39 26
714 436 39 26
714 435 39 26
714 435 40 27
715 435 39 26
713 435 40 26
714 435 41 26
712 435 41 26
713 435 40 26
714 435 40 26
713 434 40 26
713 434 41 27
712 433 41 27
713 434 40 26
713 435 40 26
714 435 39 25
713 435 38 25
714 434 38 25
714 434 38 25
713 434 38 25
714 434 38 25
714 434 38 25
714 434 38 25
714 433 37 24
713 434 38 24
714 433 37 24
712 433 38 25
714 432 37 24
712 431 38 25
713 431 39 25
712 430 39 25
713 431 39 25
712 431 38 24
713 431 39 25
713 431 38 24
714 431 38 24
713 431 37 24
714 430 37 24
713 429 38 25
714 429 37 24
713 429 38 24
713 429 39 25
714 429 38 24
713 428 38 24
714 428 39 25
713 428 39 25
715 428 38 24
713 428 39 25
714 427 38 24
714 427 39 24
712 426 40 25
713 426 40 25
711 426 40 25
709 425 40 25
707 425 40 25
705 425 40 25
702 424 40 25
699 423 41 26
696 423 42 27
694 423 41 27
691 423 41 27
688 422 41 27
685 422 41 27
681 422 42 28
677 421 43 28
673 421 43 28
669 421 43 28
666 421 42 28
665 422 40 27
666 422 39 26
663 421 40 26
663 422 41 26
661 422 40 26
662 422 39 26
659 421 39 26
658 422 40 27
659 422 39 26
656 421 39 26
655 421 40 27
656 420 39 26
654 421 40 27
655 422 39 26
653 422 39 26
652 421 39 26
652 422 40 26
651 422 39 25
651 422 39 25
650 422 40 25
650 423 40 25
649 423 39 24
649 424 40 25
650 424 38 24
648 424 38 24
649 424 39 25
647 424 38 24
648 424 38 24
647 424 39 25
646 424 39 25
647 424 39 25
645 423 39 25
646 423 39 25
645 423 39 25
644 423 40 26
644 423 40 26
644 423 41 27
643 423 40 26
643 424 41 27
642 424 40 26
642 424 41 27
641 424 40 26
641 424 41 26
640 425 42 27
641 425 40 26
641 425 40 26
640 425 41 27
640 425 40 26
640 426 41 27
640 426 39 26
639 426 41 27
640 426 40 26
640 428 42 27
640 428 40 26
640 428 40 26
639 429 40 26
640 429 39 25
639 430 39 25
639 430 39 25
639 430 40 25
639 430 40 25
639 431 41 26
639 432 41 26
639 432 39 25
639 432 40 25
639 432 41 26
638 432 40 25
639 432 41 26
638 433 41 26
638 433 41 26
638 433 42 27
638 434 41 26
638 435 40 26
639 435 40 26
639 436 40 26
639 436 40 26
638 437 40 26
638 437 41 26
637 438 40 25
638 438 41 26
638 439 40 26
638 439 40 26
638 439 40 26
638 440 41 27
638 440 40 26
638 441 41 26
638 442 40 25
639 443 40 25
638 443 40 25
638 444 40 25
638 445 39 24
638 446 40 25
639 446 39 24
639 447 40 25
639 447 39 24
638 448 40 25
639 448 38 24
638 449 39 25
639 449 38 25
640 449 38 25
638 448 39 26
637 448 41 27
639 448 40 26
637 449 41 27
638 450 40 27
639 450 39 27
637 450 40 28
638 450 41 29
638 450 40 28
638 451 40 28
638 451 40 28
637 451 41 29
637 451 41 29
637 453 41 29
638 453 40 28
638 455 41 28
637 456 41 28
638 457 40 27
638 457 40 27
639 457 40 27
638 458 41 28
638 459 40 27
639 459 39 26
637 460 41 27
639 461 40 26
638 462 41 27
638 463 40 26
639 463 40 26
638 464 41 26
637 465 40 26
639 466 40 26
639 466 39 25
639 466 39 25
639 467 39 25
639 467 39 25
638 468 39 25
640 468 38 24
640 470 39 25
640 469 38 24
640 470 39 25
639 470 38 24
640 470 38 24
640 471 39 25
639 471 38 24
640 472 38 24
640 471 38 24
639 472 39 25
640 472 38 24
640 473 39 24
638 473 39 24
640 474 38 23
640 474 38 23
640 474 38 23
640 475 38 23
640 475 38 23
639 476 38 23
641 476 38 23
640 476 37 23
640 476 37 23
639 476 38 24
639 476 39 24
638 476 39 24
639 476 39 24
638 477 40 24
640 477 39 23
638 477 39 23
639 477 40 23
638 477 40 23
639 477 40 23
638 477 40 23
639 478 40 23
637 474 39 22
637 475 40 23
640 477 40 23
638 478 39 23
638 478 39 23
638 478 39 23
638 478 39 23
638 478 40 23
638 478 40 23
638 478 40 23
637 479 40 23
639 479 39 23
638 479 39 23
639 479 38 23
640 480 37 22
639 479 38 22
640 480 37 22
639 479 38 23
640 479 37 22
639 479 37 22
640 479 37 22
639 479 36 22
640 479 37 22
639 478 37 22
639 478 36 22
640 479 36 22
640 478 36 22
639 478 36 22
640 478 36 22
639 478 37 22
638 478 37 22
639 478 37 22
638 477 38 22
639 478 37 21
638 477 38 21
642 477 31 21
640 477 31 21
642 477 31 21
641 477 31 21
641 477 31 21
640 476 33 22
638 475 34 23
640 474 35 24
638 474 34 24
640 473 34 24
638 473 35 25
638 472 35 25
637 471 36 26
638 470 36 26
637 469 36 26
636 468 37 27
635 467 38 28
635 465 40 29
635 464 41 30
634 465 41 30
634 464 41 30
634 464 41 30
633 464 41 30
634 464 41 30
633 463 41 30
633 465 42 30
634 465 41 29
633 464 41 29
634 464 41 29
633 463 42 29
633 465 42 29
634 464 41 29
632 463 41 29
633 465 41 29
633 465 40 28
634 465 41 29
633 465 40 28
633 465 41 29
633 465 40 28
633 466 41 29
633 465 40 28
633 467 40 28
632 467 39 27
632 466 39 27
632 466 40 28
632 466 41 28
631 467 41 28
632 467 40 28
632 468 40 28
631 468 40 28
631 467 40 28
631 467 41 29
630 467 40 28
630 467 41 29
630 467 41 29
629 467 41 29
629 467 42 30
628 467 42 30
629 468 42 30
628 467 42 30
628 469 42 30
629 468 42 30
627 470 43 31
627 469 42 30
626 470 42 30
627 471 42 30
626 471 41 30
625 470 43 31
626 471 42 31
627 471 41 30
625 473 42 31
626 472 41 31
625 471 41 31
624 472 42 32
625 474 41 31
625 473 41 31
623 473 42 32
624 475 41 31
623 474 41 31
623 476 40 30
623 475 41 31
623 475 42 31
622 476 42 31
623 477 41 30
622 477 43 31
622 477 42 30
621 478 43 31
622 477 43 31
621 479 43 31
621 478 43 31
620 479 43 31
621 479 42 30
620 481 44 31
621 481 43 30
619 481 44 30
620 482 44 30
619 482 45 30
617 482 46 31
619 483 45 30
618 483 44 30
619 484 44 30
619 484 44 30
618 485 44 30
618 485 43 30
617 486 43 30
617 486 42 29
618 487 41 29
618 487 41 29
617 488 41 29
618 488 40 28
617 488 40 28
617 488 41 29
617 488 40 28
617 489 41 29
616 488 40 28
616 488 41 29
615 488 41 29
615 488 41 29
616 488 40 28
615 489 41 29
616 489 40 28
616 489 40 28
615 489 39 28
615 489 40 29
616 489 39 29
615 488 38 29
615 487 39 30
614 486 40 30
613 485 41 31
612 484 42 32
613 485 42 32
612 484 42 32
612 484 42 32
612 484 42 32
612 483 42 32
611 485 42 32
613 484 41 31
613 484 41 31
614 483 41 31
614 483 41 31
617 483 41 31
618 483 40 30
620 484 41 30
621 483 41 30
623 483 41 30
626 482 41 30
629 483 40 29
632 483 39 29
635 481 39 29
637 481 40 30
641 481 40 30
643 480 40 30
646 481 40 30
647 481 39 29
648 481 38 28
650 481 39 28
649 481 38 28
650 480 38 28
651 480 38 28
652 480 38 28
652 480 37 27
653 479 37 27
654 479 36 27
655 478 36 27
655 477 36 27
656 477 37 28
655 477 36 27
657 476 36 27
657 476 36 27
658 476 36 27
658 476 35 26
657 476 36 26
659 476 35 26
659 475 35 26
659 475 35 26
659 474 35 26
659 473 35 26
660 472 35 26
660 472 35 26
660 472 35 26
660 471 36 26
661 471 35 26
661 470 34 26
662 469 34 26
661 470 33 25
662 469 33 25
661 468 34 26
661 468 34 26
661 467 34 26
661 466 34 26
661 466 34 26
661 465 35 27
661 464 35 27
660 463 35 27
661 463 34 26
661 463 33 25
661 462 34 25
661 462 34 25
661 461 35 25
660 461 35 25
661 461 34 25
661 460 35 26
660 459 35 26
660 459 35 26
660 458 35 26
660 457 35 26
660 456 35 26
659 456 36 27
661 455 35 26
659 454 36 27
660 453 35 27
659 452 35 27
660 451 35 27
659 449 36 28
660 448 37 29
659 447 38 30
659 446 39 31
659 445 38 31
660 448 38 25
659 448 39 25
659 447 39 25
659 447 39 25
659 448 39 25
659 449 38 24
660 449 37 23
660 449 36 23
661 449 36 23
662 449 35 23
661 448 35 23
661 447 35 23
662 447 35 23
660 447 35 23
661 447 35 23
661 448 35 23
661 448 35 23
661 448 35 23
661 448 34 23
662 448 34 23
662 447 34 23
662 447 35 24
661 448 34 23
662 447 35 23
662 448 34 22
662 448 35 23
662 448 35 23
662 448 35 23
662 448 35 23
662 448 34 23
662 448 35 24
663 449 34 23
663 448 35 24
662 448 36 24
662 449 37 24
662 450 36 23
663 450 36 23
662 451 36 23
662 451 36 23
662 451 37 23
662 451 37 23
662 451 37 23
662 452 37 23
663 452 38 24
663 453 37 24
664 453 36 24
664 453 37 25
664 453 36 24
665 453 37 25
664 453 37 25
664 454 38 26
664 454 38 26
664 455 38 26
665 455 38 26
665 456 38 26
665 455 38 26
665 456 39 27
665 457 38 26
666 458 38 26
666 458 38 26
666 459 39 27
667 459 38 26
667 460 39 26
666 461 38 25
667 461 38 25
666 462 38 25
665 463 38 25
665 463 38 25
665 463 39 26
664 464 39 26
664 464 39 26
665 465 40 27
665 465 38 26
667 466 39 27
666 467 37 26
667 467 38 27
667 467 38 27
668 468 38 27
668 469 37 26
668 470 38 27
668 471 37 27
668 471 37 27
668 471 38 28
668 472 39 29
668 473 38 28
668 474 38 28
668 475 37 28
668 475 37 28
667 476 37 28
667 476 37 28
667 477 38 28
667 477 38 28
667 478 39 29
667 479 38 28
668 479 38 28
668 480 38 28
668 481 37 28
669 481 37 28
668 482 37 28
669 482 37 28
669 483 37 28
669 483 37 28
669 483 37 28
669 483 38 29
670 483 37 28
669 484 38 29
670 484 38 29
670 485 38 29
670 485 38 29
670 485 38 29
671 486 38 29
671 487 37 28
670 486 38 29
671 486 38 29
670 487 38 29
671 486 38 29
670 487 38 29
671 487 38 29
671 488 38 29
671 488 38 29
671 488 38 29
671 488 37 28
670 489 38 29
672 488 38 29
671 489 37 28
671 488 38 28
671 489 39 29
671 488 38 28
671 489 39 29
671 488 38 28
671 488 39 29
671 488 38 28
671 487 39 28
670 488 39 28
671 488 39 28
671 488 38 27
672 487 39 27
670 488 39 27
670 487 40 28
671 488 39 27
671 488 38 26
671 487 40 27
672 487 39 26
671 488 38 26
672 487 39 26
671 487 38 25
672 486 39 26
671 486 38 25
672 486 39 26
671 486 38 25
672 485 38 25
671 485 38 25
672 484 39 26
671 485 38 26
672 484 38 26
672 484 38 26
672 484 37 25
672 484 36 25
673 484 36 25
673 483 36 25
673 482 36 25
672 482 37 25
671 482 36 25
673 481 37 25
671 481 36 24
672 481 37 25
672 481 35 24
672 481 36 25
673 480 35 24
671 480 35 24
672 479 36 25
673 479 35 24
671 478 36 25
673 477 35 25
671 476 35 25
671 476 35 25
671 475 35 25
670 475 36 26
672 474 36 26
670 473 36 26
671 473 36 26
671 472 35 25
670 471 36 26
670 471 36 26
670 471 36 26
670 470 36 26
670 469 36 26
669 469 35 26
670 469 35 26
670 468 34 25
669 467 35 26
668 466 35 26
668 465 36 27
668 465 36 27
668 464 36 27
668 464 36 27
669 463 36 27
667 462 35 27
667 461 36 28
667 460 36 28
666 459 37 29
665 458 37 29
666 457 37 29
665 456 38 30
665 455 39 31
665 455 39 31
664 454 38 30
664 454 39 31
664 454 38 30
664 453 38 30
664 452 38 30
664 452 39 30
663 451 39 30
663 452 39 30
663 451 39 30
663 450 38 29
662 450 39 30
663 450 38 30
663 449 37 30
662 451 37 25
662 451 39 26
661 452 40 27
662 451 38 26
662 451 38 26
662 451 37 25
662 450 37 25
661 450 37 25
662 449 37 25
662 449 36 25
663 449 36 25
663 448 35 24
662 448 36 25
662 447 36 25
662 447 36 25
662 447 35 25
662 447 34 25
663 446 34 25
662 446 34 25
662 445 34 25
662 445 34 25
662 444 34 25
661 444 34 25
662 443 35 25
660 443 35 25
660 442 35 25
660 441 36 26
660 440 36 26
660 439 37 27
659 439 36 26
659 439 37 27
659 439 36 26
659 439 37 26
659 440 36 25
660 440 35 24
659 440 34 24
659 439 35 25
659 439 35 25
659 439 34 25
660 438 35 26
658 438 34 26
659 437 35 27
658 437 34 26
659 437 35 27
658 437 34 26
659 437 35 27
658 437 34 26
658 437 35 27
658 437 34 26
658 437 35 27
658 437 34 26
658 437 35 27
658 437 34 26
658 437 35 27
658 437 34 26
658 437 35 27
658 437 34 27
658 437 34 27
658 436 34 27
657 437 35 28
657 437 35 28
657 437 36 28
657 438 36 28
658 438 36 28
657 438 36 28
657 439 37 28
656 439 36 27
655 440 36 27
654 440 36 27
652 441 35 27
649 441 35 27
646 442 35 27
642 442 35 27
638 442 35 27
634 443 35 27
630 443 35 27
627 444 35 27
625 444 35 27
625 445 36 28
625 445 36 28
625 446 35 28
624 446 34 28
624 448 35 24
623 450 36 25
623 451 35 24
622 452 36 24
622 453 35 24
622 453 35 24
621 454 35 24
621 455 35 24
621 455 34 24
621 455 35 25
620 456 35 25
620 456 35 25
619 457 35 25
619 458 36 26
619 458 36 26
618 459 37 26
617 461 37 26
617 461 36 26
617 461 37 27
616 461 36 27
616 461 37 28
615 462 38 29
615 462 38 29
615 462 38 29
614 464 39 30
613 465 38 30
613 464 39 31
613 466 38 30
613 467 38 30
612 468 39 31
612 468 38 30
612 471 38 30
611 471 39 30
611 473 39 30
610 474 39 30
610 475 39 30
609 476 39 30
609 477 39 30
609 478 39 30
608 479 40 30
607 481 40 30
606 482 41 30
605 483 41 30
605 485 41 30
605 486 41 30
604 486 41 30
605 487 42 31
604 489 41 31
604 489 41 31
603 491 41 31
603 492 40 31
603 493 40 31
602 494 41 32
601 495 41 32
601 497 42 33
601 497 41 32
600 500 42 33
600 500 41 32
599 502 42 33
599 503 42 33
599 505 41 32
598 507 41 32
598 508 41 32
598 510 41 32
597 512 41 32
597 513 40 31
596 515 40 31
596 516 40 31
595 517 40 31
596 518 41 31
594 520 41 31
594 521 41 31
593 522 42 32
594 524 42 32
592 526 42 32
592 528 42 32
592 529 41 31
591 530 41 31
591 532 41 31
590 533 41 31
590 534 42 32
589 536 42 32
589 537 42 32
588 539 42 32
588 541 41 31
587 542 42 31
588 544 42 31
587 545 41 31
585 545 43 32
585 547 42 32
586 548 42 32
584 549 43 33
583 550 43 33
583 552 43 33
582 554 43 33
583 555 43 33
581 556 44 34
583 558 43 33
581 560 43 33
580 562 43 33
579 562 44 34
580 564 44 34
579 566 44 34
578 567 44 34
578 569 44 34
577 570 44 34
577 572 44 34
577 573 45 34
575 575 45 34
575 576 45 34
574 578 45 34
574 579 46 35
574 580 45 34
573 582 45 34
572 583 46 35
572 584 46 35
571 585 46 35
571 587 46 35
570 588 46 35
570 589 46 35
569 591 46 35
570 592 46 35
568 593 46 35
568 594 47 36
567 596 46 36
568 597 46 36
567 597 47 37
566 598 47 37
568 599 47 37
567 600 46 36
571 602 48 37
570 603 48 37
575 604 47 36
576 606 46 36
579 606 47 37
580 607 47 37
584 608 47 37
586 609 47 37
589 609 47 37
593 611 47 37
595 612 47 37
599 613 47 37
601 613 48 38
606 614 49 39
609 615 48 38
613 616 50 39
617 617 49 38
621 619 48 38
624 620 47 37
623 622 46 37
624 622 47 38
623 626 47 32
624 628 49 33
622 627 51 34
623 629 51 34
622 631 51 34
622 630 52 35
624 631 51 34
622 633 50 33
624 633 51 34
622 634 51 34
623 636 51 34
621 636 52 35
623 636 52 35
623 638 50 34
623 639 51 35
621 638 52 35
625 640 51 34
621 641 51 34
623 642 51 34
621 643 53 35
621 642 54 35
623 644 53 34
621 646 53 34
622 646 55 35
621 647 54 34
622 648 55 34
620 650 55 34
623 650 56 34
621 651 57 35
622 652 55 34
622 654 55 34
621 655 54 33
624 657 54 33
620 657 56 34
624 660 56 34
620 660 58 35
623 662 57 35
620 664 58 36
623 665 57 35
621 668 57 35
622 670 56 34
623 673 56 34
621 674 57 35
621 674 57 35
621 676 56 34
624 678 56 34
621 679 57 35
621 678 57 35
622 678 56 34
