1286 535 49 49
1285 534 49 49
1286 535 48 48
1287 535 48 48
1287 535 48 48
1287 535 48 48
1287 535 48 48
1287 535 48 48
1287 535 48 48
1287 535 48 48
1287 535 48 48
1287 535 48 48
1287 535 47 47
1287 534 47 47
1287 535 47 47
1287 534 47 47
1287 534 47 47
1287 534 47 47
1287 534 47 47
1286 534 47 47
1286 534 46 46
1287 535 46 46
1287 534 46 46
1287 534 46 46
1287 534 46 46
1287 534 46 46
1287 534 46 46
1287 534 46 46
1287 534 46 46
1287 534 45 45
1287 534 45 45
1287 533 45 45
1286 533 46 46
1286 533 45 45
1286 533 45 45
1286 533 45 45
1287 533 44 44
1287 534 44 44
1287 533 45 45
1286 533 46 46
1286 533 46 46
1286 532 46 46
1286 532 46 46
1286 532 46 46
1286 532 46 46
1286 532 46 46
1286 531 46 46
1286 532 46 46
1285 532 46 46
1285 531 46 46
1285 532 46 46
1285 531 46 46
1285 531 46 46
1285 531 46 46
1285 531 46 46
1284 531 47 47
1284 530 47 47
1284 530 47 47
1284 530 47 47
1284 530 47 47
1284 530 46 46
1284 530 46 46
1284 530 46 46
1284 530 46 46
1284 530 46 46
1284 530 46 46
1284 530 46 46
1284 530 47 47
1283 530 46 46
1283 529 47 47
1283 529 47 47
1283 529 47 47
1283 529 47 47
1282 529 47 47
1282 529 47 47
1282 529 47 47
1282 529 47 47
1282 529 47 47
1282 529 47 47
1282 530 47 47
1282 530 47 47
1282 531 47 47
1282 531 47 47
1282 531 47 47
1282 532 46 46
1282 532 46 46
1282 532 46 46
1282 532 46 46
1282 533 46 46
1282 533 46 46
1282 533 46 46
1282 534 46 46
1282 533 46 46
1282 533 45 45
1282 533 45 45
1282 533 45 45
1282 533 45 45
1282 533 45 45
1282 533 45 45
1282 533 46 46
1281 534 46 46
1281 534 46 46
1281 534 46 46
1280 534 46 46
1280 533 47 47
1280 533 47 47
1279 533 47 47
1279 533 47 47
1279 533 46 46
1280 533 47 47
1280 533 47 47
1280 533 47 47
1280 533 47 47
1279 533 48 48
1279 533 48 48
1279 533 48 48
1279 533 49 49
1279 533 48 48
1279 533 49 49
1278 532 49 49
1278 533 49 49
1278 533 49 49
1278 533 49 49
1278 533 49 49
1278 533 48 48
1279 534 48 48
1279 534 48 48
1279 533 48 48
1279 534 48 48
1279 534 48 48
1279 534 48 48
1278 533 48 48
1278 534 48 48
1278 534 48 48
1278 534 48 48
1278 534 47 47
1278 534 47 47
1279 534 47 47
1279 534 47 47
1279 533 47 47
1278 533 48 48
1279 534 47 47
1278 534 48 48
1278 535 47 47
1278 535 47 47
1278 535 47 47
1278 535 47 47
1278 535 47 47
1278 535 47 47
1278 535 48 48
1279 536 47 47
1279 536 47 47
1278 536 48 48
1279 537 47 47
1278 536 48 48
1279 537 47 47
1278 537 47 47
1278 537 48 48
1278 537 47 47
1279 537 47 47
1279 538 47 47
1279 538 47 47
1279 538 47 47
1279 539 47 47
1279 539 47 47
1279 539 47 47
1279 539 46 46
1279 539 46 46
1279 540 46 46
1279 540 46 46
1279 541 46 46
1279 541 46 46
1278 541 47 47
1278 541 47 47
1278 542 47 47
1278 542 46 46
1278 544 46 46
1278 545 46 46
1278 546 45 45
1277 546 44 44
1278 548 43 43
1278 549 43 43
1278 550 43 43
1277 549 43 43
1276 550 43 43
1276 551 43 43
1275 550 43 43
1276 552 43 43
1276 553 42 42
1276 553 42 42
1276 555 42 42
1275 555 42 42
1275 556 41 41
1273 554 41 41
1274 556 41 41
1274 557 41 41
1273 557 41 41
1273 557 41 41
1273 557 41 41
1273 559 41 41
1272 559 41 41
1272 561 40 40
1273 560 40 40
1272 561 40 40
1272 561 40 40
1272 560 40 40
1263 562 39 39
1263 564 39 39
1262 565 40 40
1260 564 40 40
1260 564 40 40
1260 564 40 40
1260 564 40 40
1260 564 40 40
1260 564 40 40
1260 564 40 40
1260 564 40 40
1260 564 40 40
1260 564 40 40
1260 564 40 40
1260 564 40 40
1260 564 40 40
1260 564 40 40
1260 564 40 40
1260 564 40 40
1260 564 40 40
1260 564 40 40
1260 564 40 40
1260 564 40 40
1260 564 40 40
1260 564 40 40
1260 564 40 40
1260 564 40 40
1260 564 40 40
1260 564 40 40
1260 564 40 40
1260 564 40 40
1260 564 40 40
1260 564 40 40
1260 564 40 40
1260 564 40 40
1260 564 40 40
1260 564 40 40
1260 564 40 40
1260 564 40 40
1260 564 40 40
1260 564 40 40
1260 564 40 40
1260 564 40 40
1260 564 40 40
1260 564 40 40
1260 564 40 40
1260 564 40 40
1260 564 40 40
1260 564 40 40
1260 564 40 40
1260 564 40 40
1260 564 40 40
1260 564 40 40
1260 564 40 40
1260 564 40 40
1260 564 40 40
1260 564 40 40
1260 564 40 40
1260 564 40 40
1260 564 40 40
1260 564 40 40
1260 564 40 40
1260 564 40 40
1260 564 40 40
1260 564 40 40
1260 564 40 40
1260 564 40 40
1260 564 40 40
1260 564 40 40
1260 564 40 40
1260 564 40 40
1260 564 40 40
1260 564 40 40
1260 564 40 40
1260 564 40 40
1260 564 40 40
1260 564 40 40
1260 564 40 40
1260 564 40 40
1260 564 40 40
1260 564 40 40
1260 564 40 40
1260 564 40 40
1260 564 40 40
1260 564 40 40
1260 564 40 40
1260 564 40 40
1260 564 40 40
1260 564 40 40
1260 564 40 40
1260 564 40 40
1260 564 40 40
1260 564 40 40
1260 564 40 40
1260 564 40 40
1260 564 40 40
1260 564 40 40
1260 564 40 40
1260 564 40 40
1260 564 40 40
1260 564 40 40
1260 564 40 40
1260 564 40 40
1260 564 40 40
1260 564 40 40
1260 564 40 40
1260 564 40 40
1260 564 40 40
1260 564 40 40
1260 564 40 40
1260 564 40 40
1260 564 40 40
1260 564 40 40
1260 564 40 40
1260 564 40 40
1260 564 40 40
1260 564 40 40
1260 564 40 40
1260 564 40 40
1260 564 40 40
1260 564 40 40
1260 564 40 40
1260 564 40 40
1260 564 40 40
1260 564 40 40
1260 564 40 40
1260 564 40 40
1260 564 40 40
1260 564 40 40
1260 564 40 40
1260 564 40 40
1260 564 40 40
1260 564 40 40
1260 564 40 40
1260 564 40 40
1260 564 40 40
1260 564 40 40
1260 564 40 40
1260 564 40 40
1260 564 40 40
1260 564 40 40
1260 564 40 40
1260 564 40 40
1260 564 40 40
1260 564 40 40
1260 564 40 40
1260 564 40 40
1260 564 40 40
1260 564 40 40
1260 564 40 40
1260 564 40 40
1260 564 40 40
1260 564 40 40
1260 564 40 40
1260 564 40 40
1260 564 40 40
1260 564 40 40
1260 564 40 40
1260 564 40 40
1260 564 40 40
1260 564 40 40
1260 564 40 40
1260 564 40 40
1260 564 40 40
1260 564 40 40
1260 564 40 40
1260 564 40 40
1260 564 40 40
1260 564 40 40
1260 564 40 40
1260 564 40 40
1260 564 40 40
1260 564 40 40
1260 564 40 40
1260 564 40 40
1260 564 40 40
1260 564 40 40
1260 564 40 40
1260 564 40 40
1260 564 40 40
1260 564 40 40
1260 564 40 40
1260 564 40 40
1260 564 40 40
1260 564 40 40
1260 564 40 40
1260 564 40 40
1260 564 40 40
1260 564 40 40
1260 564 40 40
1260 564 40 40
1260 564 40 40
1260 564 40 40
1260 564 40 40
1260 564 40 40
1260 564 40 40
1260 564 40 40
1260 564 40 40
1260 564 40 40
1260 564 40 40
1260 564 40 40
1260 564 40 40
1260 564 40 40
1260 564 40 40
1260 564 40 40
1260 564 40 40
1260 564 40 40
1260 564 40 40
1260 564 40 40
1260 564 40 40
1260 564 40 40
1260 564 40 40
1260 564 40 40
1260 564 40 40
1260 564 40 40
1260 564 40 40
1260 564 40 40
1260 564 40 40
1260 564 40 40
1260 564 40 40
1260 564 40 40
1260 564 40 40
1260 564 40 40
1260 564 40 40
1260 564 40 40
1260 564 40 40
1260 564 40 40
1260 564 40 40
1260 564 40 40
1260 564 40 40
1260 564 40 40
1260 564 40 40
1260 564 40 40
1260 564 40 40
1260 564 40 40
1260 564 40 40
1260 564 40 40
1260 564 40 40
1260 564 40 40
1260 564 40 40
1260 564 40 40
1260 564 40 40
1260 564 40 40
1260 564 40 40
1260 564 40 40
1260 564 40 40
1260 564 40 40
1260 564 40 40
1260 564 40 40
1260 564 40 40
1260 564 40 40
1260 564 40 40
1260 564 40 40
1260 564 40 40
1260 564 40 40
1260 564 40 40
1260 564 40 40
1260 564 40 40
1260 564 40 40
1260 564 40 40
1260 564 40 40
1260 564 40 40
1260 564 40 40
1260 564 40 40
1260 564 40 40
1260 564 40 40
1260 564 40 40
1260 564 40 40
1260 564 40 40
1260 564 40 40
1260 564 40 40
1260 564 40 40
1260 564 40 40
1260 564 40 40
1260 564 40 40
1260 564 40 40
1260 564 40 40
1260 564 40 40
1260 564 40 40
1260 564 40 40
1260 564 40 40
1260 564 40 40
1260 564 40 40
1260 564 40 40
1260 564 40 40
1260 564 40 40
1260 564 40 40
1260 564 40 40
1260 564 40 40
1260 564 40 40
1260 564 40 40
1260 564 40 40
1260 564 40 40
1260 564 40 40
1260 564 40 40
1260 564 40 40
1260 564 40 40
1260 564 40 40
1260 564 40 40
1260 564 40 40
1260 564 40 40
1260 564 40 40
1260 564 40 40
1260 564 40 40
1260 564 40 40
1260 564 40 40
1260 564 40 40
1260 564 40 40
1260 564 40 40
1260 564 40 40
1260 564 40 40
1260 564 40 40
1260 564 40 40
1260 564 40 40
1260 564 40 40
1260 564 40 40
1260 564 40 40
1260 564 40 40
1260 564 40 40
1260 564 40 40
1260 564 40 40
1260 564 40 40
1260 564 40 40
1260 564 40 40
1260 564 40 40
1260 564 40 40
1260 564 40 40
1260 564 40 40
1260 564 40 40
1260 564 40 40
1260 564 40 40
1260 564 40 40
1260 564 40 40
1260 564 40 40
1260 564 40 40
1260 564 40 40
1260 564 40 40
1260 564 40 40
1260 564 40 40
1260 564 40 40
1260 564 40 40
1260 564 40 40
1260 564 40 40
1260 564 40 40
1260 564 40 40
1260 564 40 40
1260 564 40 40
1260 564 40 40
1260 564 40 40
1260 564 40 40
1260 564 40 40
1260 564 40 40
1260 564 40 40
1260 564 40 40
1260 564 40 40
1260 564 40 40
1260 564 40 40
1260 564 40 40
1260 564 40 40
1260 564 40 40
1260 564 40 40
1260 564 40 40
1260 564 40 40
1260 564 40 40
1260 564 40 40
1260 564 40 40
1260 564 40 40
1260 564 40 40
1260 564 40 40
1260 564 40 40
1260 564 40 40
1260 564 40 40
1260 564 40 40
1260 564 40 40
1260 564 40 40
1260 564 40 40
1260 564 40 40
1260 564 40 40
1260 564 40 40
1260 564 40 40
1260 564 40 40
1260 564 40 40
1260 564 40 40
1260 564 40 40
1260 564 40 40
1260 564 40 40
1260 564 40 40
1260 564 40 40
1260 564 40 40
1260 564 40 40
1260 564 40 40
1260 564 40 40
1260 564 40 40
1260 564 40 40
1260 564 40 40
1260 564 40 40
1260 564 40 40
1260 564 40 40
1260 564 40 40
1260 564 40 40
1260 564 40 40
1260 564 40 40
1260 564 40 40
1260 564 40 40
1260 564 40 40
1260 564 40 40
1260 564 40 40
1260 564 40 40
1260 564 40 40
1260 564 40 40
1260 564 40 40
1260 564 40 40
1260 564 40 40
1260 564 40 40
1260 564 40 40
1260 564 40 40
1260 564 40 40
1260 564 40 40
1260 564 40 40
1260 564 40 40
1260 564 40 40
1260 564 40 40
1260 564 40 40
1260 564 40 40
1260 564 40 40
1260 564 40 40
1260 564 40 40
1260 564 40 40
1260 564 40 40
1260 564 40 40
1260 564 40 40
1260 564 40 40
1260 564 40 40
1260 564 40 40
1260 564 40 40
1260 564 40 40
1260 564 40 40
1260 564 40 40
1260 564 40 40
1260 564 40 40
1260 564 40 40
1260 564 40 40
1260 564 40 40
1260 564 40 40
1260 564 40 40
1260 564 40 40
1260 564 40 40
1260 564 40 40
1260 564 40 40
1260 564 40 40
1260 564 40 40
1260 564 40 40
1260 564 40 40
1260 564 40 40
1260 564 40 40
1260 564 40 40
1260 564 40 40
1260 564 40 40
1260 564 40 40
1260 564 40 40
1260 564 40 40
1260 564 40 40
1214 546 40 40
1234 545 41 41
1256 548 42 42
1282 547 41 41
1305 550 42 42
1322 549 43 43
1341 549 43 43
1358 551 43 43
1375 551 43 43
1390 553 44 44
1407 553 44 44
1423 554 44 44
1439 555 44 44
1456 556 44 44
1473 557 45 45
1489 558 45 45
1506 560 45 45
1524 560 45 45
1539 563 45 45
1557 564 45 45
1575 564 45 45
1591 566 45 45
1608 567 45 45
1624 568 46 46
1642 570 46 46
1662 570 47 47
1681 571 47 47
1700 574 47 47
1723 577 47 47
1742 575 48 48
1767 579 48 48
1786 581 48 48
1811 584 48 48
1833 583 49 49
1854 587 49 49
1880 589 49 49
1899 589 49 49
1927 593 50 50
1948 594 50 50
1976 598 51 51
1998 598 52 52
2027 602 53 53
2051 603 53 53
2076 604 55 55
2102 609 55 55
2128 610 55 55
2154 614 55 55
2182 618 56 56
2206 617 56 56
2237 621 57 57
2262 623 57 57
2291 627 58 58
2316 630 58 58
2346 634 59 59
2375 634 60 60
2401 639 60 60
2432 643 60 60
2458 643 62 62
2487 646 62 62
2513 650 63 63
2543 652 64 64
2571 655 65 65
2599 660 65 65
2622 662 66 66
2622 662 66 66
2595 663 48 48
2608 651 47 47
2627 642 47 47
2627 642 47 47
2627 642 47 47
2627 642 47 47
2627 642 47 47
2627 642 47 47
2627 642 47 47
2627 642 47 47
2627 642 47 47
2627 642 47 47
2627 642 47 47
2627 642 47 47
2627 642 47 47
2627 642 47 47
2627 642 47 47
2627 642 47 47
2627 642 47 47
2627 642 47 47
2627 642 47 47
2627 642 47 47
2627 642 47 47
2627 642 47 47
2627 642 47 47
2627 642 47 47
2627 642 47 47
2627 642 47 47
2627 642 47 47
2627 642 47 47
2627 642 47 47
2627 642 47 47
2627 642 47 47
2627 642 47 47
2627 642 47 47
2627 642 47 47
2627 642 47 47
2627 642 47 47
2627 642 47 47
2627 642 47 47
2627 642 47 47
2627 642 47 47
2627 642 47 47
2627 642 47 47
2627 642 47 47
2627 642 47 47
2627 642 47 47
2627 642 47 47
2627 642 47 47
2627 642 47 47
2627 642 47 47
2627 642 47 47
2627 642 47 47
2627 642 47 47
2627 642 47 47
2627 642 47 47
2627 642 47 47
2627 642 47 47
2627 642 47 47
2627 642 47 47
2627 642 47 47
2627 642 47 47
2627 642 47 47
2627 642 47 47
2627 642 47 47
2627 642 47 47
2627 642 47 47
2627 642 47 47
2627 642 47 47
2627 642 47 47
2627 642 47 47
2627 642 47 47
2627 642 47 47
2627 642 47 47
2627 642 47 47
2627 642 47 47
2627 642 47 47
2627 642 47 47
2627 642 47 47
2627 642 47 47
2627 642 47 47
2627 642 47 47
2627 642 47 47
2627 642 47 47
2627 642 47 47
2627 642 47 47
2627 642 47 47
2627 642 47 47
2627 642 47 47
2627 642 47 47
2627 642 47 47
2627 642 47 47
2627 642 47 47
2627 642 47 47
2627 642 47 47
2627 642 47 47
2627 642 47 47
2627 642 47 47
2627 642 47 47
2627 642 47 47
2627 642 47 47
2627 642 47 47
2627 642 47 47
2627 642 47 47
2627 642 47 47
2627 642 47 47
2627 642 47 47
2627 642 47 47
2627 642 47 47
2627 642 47 47
2627 642 47 47
2627 642 47 47
2627 642 47 47
2627 642 47 47
2627 642 47 47
2627 642 47 47
2627 642 47 47
2627 642 47 47
2627 642 47 47
2627 642 47 47
2627 642 47 47
2627 642 47 47
2627 642 47 47
2627 642 47 47
2627 642 47 47
2627 642 47 47
2627 642 47 47
2627 642 47 47
2627 642 47 47
2627 642 47 47
2627 642 47 47
2627 642 47 47
2627 642 47 47
2627 642 47 47
2627 642 47 47
2627 642 47 47
2627 642 47 47
2627 642 47 47
2627 642 47 47
2627 642 47 47
2627 642 47 47
2627 642 47 47
2627 642 47 47
2627 642 47 47
2627 642 47 47
2627 642 47 47
2627 642 47 47
2627 642 47 47
2627 642 47 47
2627 642 47 47
2627 642 47 47
2627 642 47 47
2627 642 47 47
2627 642 47 47
2627 642 47 47
2627 642 47 47
2627 642 47 47
2627 642 47 47
2627 642 47 47
2627 642 47 47
2627 642 47 47
2627 642 47 47
2627 642 47 47
2627 642 47 47
2627 642 47 47
2627 642 47 47
2627 642 47 47
2627 642 47 47
2627 642 47 47
2627 642 47 47
2627 642 47 47
2627 642 47 47
2627 642 47 47
2627 642 47 47
2627 642 47 47
2634 603 49 49
2639 608 49 49
2640 609 49 49
2642 607 49 49
2642 607 49 49
2642 607 49 49
2642 607 49 49
2642 607 49 49
2642 607 49 49
2642 607 49 49
2642 607 49 49
2642 607 49 49
2642 607 49 49
2642 607 49 49
2642 607 49 49
2642 607 49 49
2642 607 49 49
2642 607 49 49
2642 607 49 49
2642 607 49 49
2642 607 49 49
2642 607 49 49
2642 607 49 49
2642 607 49 49
2642 607 49 49
2642 607 49 49
2642 607 49 49
2642 607 49 49
2642 607 49 49
2642 607 49 49
2642 607 49 49
2642 607 49 49
2642 607 49 49
2642 607 49 49
2612 605 48 48
2616 605 48 48
2622 606 49 49
2627 604 49 49
2630 609 50 50
2630 609 50 50
2630 609 50 50
2630 609 50 50
2630 609 50 50
2630 609 50 50
2630 609 50 50
2630 609 50 50
2630 609 50 50
2630 609 50 50
2630 609 50 50
2630 609 50 50
2630 609 50 50
2630 609 50 50
2630 609 50 50
2630 609 50 50
2630 609 50 50
2630 609 50 50
2630 609 50 50
2630 609 50 50
2630 609 50 50
2630 609 50 50
2630 609 50 50
2630 609 50 50
2630 609 50 50
2630 609 50 50
2630 609 50 50
2630 609 50 50
2630 609 50 50
2630 609 50 50
2630 609 50 50
2630 609 50 50
2630 609 50 50
2630 609 50 50
2630 609 50 50
2630 609 50 50
2630 609 50 50
2630 609 50 50
2630 609 50 50
2630 609 50 50
2630 609 50 50
2630 609 50 50
2630 609 50 50
2630 609 50 50
2630 609 50 50
2630 609 50 50
2630 609 50 50
2630 609 50 50
2630 609 50 50
2630 609 50 50
2630 609 50 50
2630 609 50 50
2630 609 50 50
2630 609 50 50
2630 609 50 50
2630 609 50 50
2630 609 50 50
2630 609 50 50
2630 609 50 50
2630 609 50 50
2593 616 49 49
2597 617 49 49
2598 618 49 49
2598 618 49 49
2567 603 48 48
2560 603 48 48
2560 603 48 48
2560 603 48 48
2560 603 48 48
2560 603 48 48
2560 603 48 48
2560 603 48 48
2560 603 48 48
2560 603 48 48
2560 603 48 48
2560 603 48 48
2560 603 48 48
2560 603 48 48
2577 575 49 49
2601 564 49 49
2605 561 49 49
2608 560 48 48
2616 562 47 47
2619 563 48 48
2626 566 48 48
2636 568 47 47
2643 570 48 48
2643 570 48 48
2643 570 48 48
2643 570 48 48
2619 570 48 48
2634 575 48 48
2634 575 48 48
2634 575 48 48
2634 575 48 48
2634 575 48 48
2634 575 48 48
2634 575 48 48
2634 575 48 48
2634 575 48 48
2634 575 48 48
2634 575 48 48
2634 575 48 48
2634 575 48 48
2634 575 48 48
