323 339 17 12
323 339 17 12
323 339 16 12
324 339 16 12
324 339 16 12
324 339 15 12
324 339 15 12
324 339 15 12
324 339 15 12
324 339 15 12
324 339 15 12
324 339 15 12
324 339 15 12
324 339 15 12
324 339 15 12
324 339 15 12
324 338 15 12
324 339 15 12
324 338 15 12
324 338 15 12
324 338 15 12
324 338 15 12
324 338 15 12
324 338 15 12
323 337 16 12
321 337 16 12
318 338 16 12
316 339 16 12
315 339 15 12
316 339 15 12
316 339 15 12
315 339 15 12
315 339 14 12
316 338 13 11
316 338 13 11
316 338 13 11
316 338 13 11
316 338 13 11
316 338 13 11
316 338 13 11
316 338 13 11
316 338 13 11
316 338 13 11
316 338 13 11
316 338 13 11
316 338 13 11
316 338 13 11
316 338 13 11
316 338 13 11
316 338 13 11
316 338 13 11
316 338 13 11
316 338 13 11
316 338 13 11
316 338 13 11
316 338 13 11
316 338 13 11
317 331 13 11
319 330 13 11
319 330 13 11
319 331 13 11
319 332 14 10
319 332 14 10
319 331 14 10
320 331 14 10
320 331 14 10
320 331 14 10
320 330 14 10
321 330 14 10
321 329 14 10
321 329 14 10
321 329 14 10
321 329 14 10
322 329 14 10
322 328 14 10
323 328 14 10
323 328 14 10
324 328 14 10
324 328 14 10
324 328 14 10
324 327 14 10
325 327 14 10
325 327 14 10
325 327 14 10
325 327 14 10
326 326 14 10
326 326 14 10
327 326 14 10
327 326 14 10
327 325 14 10
328 325 14 10
328 325 14 10
328 325 14 10
329 324 14 10
329 325 14 10
329 324 14 10
329 324 14 10
330 324 14 10
330 324 14 10
330 323 14 10
331 323 14 10
332 322 14 10
332 322 14 10
332 321 14 10
333 321 14 10
333 320 13 10
333 321 14 10
334 321 14 10
334 320 14 10
335 320 14 10
335 319 14 10
336 319 14 10
336 319 14 10
336 319 14 10
336 319 14 10
337 319 14 10
337 318 14 10
337 318 14 10
337 318 14 10
338 318 14 10
338 317 14 10
338 318 14 10
339 317 14 10
339 316 14 10
339 316 14 10
339 316 14 10
340 316 14 10
340 316 14 10
340 316 14 10
340 315 14 10
341 315 14 10
341 315 14 10
342 314 14 10
342 314 14 10
342 314 14 10
343 314 14 10
343 314 14 10
343 314 14 10
343 314 14 10
343 314 14 10
344 314 14 10
344 313 14 10
345 313 14 10
345 312 14 10
345 312 14 10
346 312 14 10
346 312 14 10
346 312 14 10
347 312 14 10
347 311 14 10
347 311 14 10
347 311 14 10
347 311 14 10
347 310 14 10
348 310 14 10
349 310 14 10
348 310 14 10
349 309 14 10
350 309 14 10
350 309 14 10
350 309 14 10
350 308 14 10
350 308 14 10
351 307 14 10
351 308 14 10
351 307 14 10
351 307 14 10
352 307 14 10
352 306 14 10
352 305 14 10
352 305 14 10
352 305 14 10
353 304 14 10
353 304 14 10
353 304 14 10
353 303 14 10
354 303 14 10
354 303 14 10
354 303 14 10
354 303 14 10
355 303 14 10
354 302 14 10
355 302 14 10
355 302 14 10
355 302 14 10
356 301 14 10
356 301 14 10
356 300 14 10
356 300 14 10
357 300 14 10
357 299 15 10
357 298 15 10
356 298 15 10
357 298 15 10
357 297 15 10
357 297 15 10
357 297 15 10
358 296 16 10
358 294 15 10
359 295 16 10
359 295 16 10
359 295 16 10
358 294 17 10
359 295 17 10
358 294 18 10
361 294 14 10
360 294 14 10
360 293 14 10
