708 360 24 44
708 360 24 44
708 359 24 44
708 359 24 44
709 359 24 44
709 359 24 43
708 358 24 44
708 358 24 44
709 358 23 43
708 357 24 44
708 357 24 44
709 357 24 44
709 357 24 43
709 356 24 43
709 356 24 43
709 356 23 42
709 357 23 42
709 356 23 42
709 356 23 42
709 356 23 41
709 355 23 41
709 355 23 41
708 355 23 41
709 355 22 40
709 355 22 40
709 355 22 41
709 354 22 41
710 353 22 42
710 353 22 42
710 352 22 42
710 352 22 42
709 351 22 42
708 351 22 41
704 351 21 40
703 350 22 42
702 350 22 43
702 351 22 43
702 352 21 42
702 351 21 43
702 351 21 44
702 352 21 44
702 352 22 45
703 353 22 45
703 351 22 45
703 350 21 44
703 352 21 43
703 349 21 43
703 347 21 43
703 345 20 42
704 347 20 41
702 345 20 41
700 345 20 42
696 344 20 42
687 343 20 42
685 344 20 42
683 343 20 42
683 344 20 42
683 345 19 41
682 343 19 42
682 346 19 34
682 345 20 35
682 344 20 36
683 345 20 37
682 343 21 38
681 344 22 39
682 344 22 39
682 344 22 40
683 344 22 40
682 344 22 41
683 343 22 41
683 343 22 40
683 343 22 40
683 343 22 40
684 343 22 41
683 343 22 41
684 343 21 40
683 343 21 40
683 345 21 40
684 344 21 41
684 343 21 42
684 343 21 42
684 343 21 42
684 342 21 43
684 341 22 44
684 342 22 45
685 341 22 45
685 341 22 45
685 341 22 44
684 341 22 44
684 341 23 45
684 340 23 45
683 340 23 46
684 341 23 46
684 341 23 45
684 341 23 44
685 341 23 44
685 342 23 45
685 341 23 45
685 341 23 45
685 342 23 45
685 341 23 46
685 341 23 47
686 342 23 47
685 342 24 49
687 341 24 50
687 343 24 49
687 341 24 49
687 342 24 49
687 341 24 49
688 342 24 48
687 343 24 47
688 341 24 48
688 343 24 47
688 342 24 46
688 342 24 46
688 342 24 47
688 340 24 48
689 341 24 48
689 342 24 47
689 341 24 47
689 341 24 47
689 341 24 46
690 342 24 45
689 341 24 45
690 341 24 45
690 342 24 44
690 341 24 44
690 341 24 44
691 342 24 44
690 342 24 44
691 341 23 43
690 341 24 44
691 341 23 43
690 340 24 45
692 340 23 44
691 341 23 44
691 340 24 45
692 339 23 44
692 340 23 43
691 340 23 44
692 340 23 44
692 340 23 43
692 340 23 43
692 340 23 43
692 339 23 43
692 338 23 43
692 338 23 42
692 338 22 41
693 338 22 41
693 337 22 41
694 338 22 41
693 338 22 42
694 339 21 41
693 338 22 42
694 338 22 42
695 338 21 41
694 338 22 43
694 337 22 44
695 337 22 44
695 337 22 44
696 336 22 44
696 336 22 45
696 336 22 46
697 337 23 47
696 336 24 48
697 337 24 48
698 339 24 47
698 336 25 49
697 337 26 50
698 337 26 50
699 338 26 50
698 340 27 52
697 340 28 53
698 336 29 54
697 339 28 53
699 338 28 52
699 340 28 52
699 341 29 54
698 340 29 54
698 337 29 54
699 338 29 54
699 330 29 54
700 333 29 54
700 337 28 52
702 336 27 51
702 339 27 51
702 340 28 53
703 336 28 53
703 338 28 53
703 337 28 53
704 339 28 53
703 337 28 53
705 338 28 52
705 338 27 51
704 339 27 52
705 338 27 52
706 339 27 52
706 338 26 51
707 337 26 51
708 338 27 52
707 337 26 51
709 338 26 51
709 336 26 52
710 337 26 52
710 336 25 51
710 336 25 51
710 336 25 52
711 335 25 52
711 334 25 52
712 334 25 51
712 335 25 50
713 336 25 50
713 336 25 50
713 337 25 49
713 335 25 49
714 335 25 48
714 336 24 47
715 337 24 46
716 337 24 45
716 336 24 44
717 335 23 42
716 334 22 41
717 332 22 42
718 333 21 41
717 331 21 42
718 333 20 41
718 331 21 43
718 332 20 42
719 332 20 41
719 332 20 41
720 331 20 41
720 332 20 40
721 331 20 39
721 331 20 38
721 332 19 37
722 332 19 36
722 333 19 36
722 332 19 36
723 332 19 35
723 331 19 36
723 331 19 36
724 331 19 36
724 331 19 36
724 331 19 36
724 331 19 37
725 331 19 37
725 331 19 38
725 331 19 38
725 332 19 38
725 332 19 37
726 332 19 37
726 332 19 37
726 332 19 37
726 332 19 37
727 331 20 38
727 333 20 38
727 333 20 37
727 334 20 37
727 334 20 38
727 333 20 39
728 333 20 39
728 334 20 39
728 333 21 40
728 335 21 40
728 334 21 41
728 334 21 41
728 335 21 42
728 336 22 44
728 337 22 45
728 336 23 47
728 335 23 47
728 337 23 47
728 336 24 48
728 337 24 47
728 337 24 47
728 337 24 47
728 337 24 48
728 338 24 49
728 337 25 50
728 337 25 49
727 338 25 49
727 339 25 50
728 337 24 49
727 341 25 49
728 340 25 49
729 338 26 51
728 338 26 51
727 339 26 51
736 336 26 51
739 333 26 51
741 334 25 49
738 337 24 47
740 337 24 47
741 336 24 47
742 338 23 46
741 339 23 45
742 340 22 44
743 341 21 43
743 341 21 42
743 342 21 42
743 343 21 42
744 344 21 41
744 344 21 41
743 344 21 42
743 345 21 42
744 345 21 41
744 346 21 42
745 346 21 42
745 346 21 42
745 346 21 43
746 346 21 43
746 346 21 43
746 346 21 43
747 345 21 44
747 345 22 46
748 345 21 45
748 344 22 47
749 343 22 47
749 344 23 48
749 343 24 50
750 344 24 50
750 344 24 51
750 344 24 50
750 345 25 51
751 344 24 50
750 345 25 52
751 343 25 51
750 343 26 53
749 345 25 52
750 343 26 53
750 340 26 54
749 340 27 56
750 337 28 57
749 338 29 59
748 337 30 60
747 336 31 62
745 337 31 61
745 338 30 59
747 340 29 58
745 343 29 57
744 342 28 55
746 345 27 54
746 346 26 53
747 347 25 52
748 349 24 50
748 349 25 51
749 350 24 50
750 351 23 48
750 354 23 47
751 354 22 46
752 356 22 46
753 357 22 45
754 358 21 44
753 359 21 45
754 358 21 44
754 359 21 44
754 357 21 45
755 356 22 47
756 356 22 47
758 360 22 47
758 359 22 47
757 358 22 47
754 361 22 48
751 361 23 49
752 363 23 49
751 364 23 48
750 365 23 48
750 365 23 47
750 365 23 46
750 364 22 45
751 363 22 45
752 362 22 45
752 362 22 45
753 363 22 44
752 364 22 44
753 364 22 43
753 364 22 44
754 364 21 43
754 365 21 42
753 366 21 43
753 364 20 42
754 367 20 42
755 367 19 41
755 367 19 40
755 367 19 41
756 367 19 40
756 367 20 41
756 366 20 42
757 366 20 42
757 366 20 43
757 365 20 42
757 365 21 43
755 365 21 43
754 365 21 43
752 365 20 42
751 365 20 43
750 363 20 43
750 363 20 43
749 363 20 43
749 364 20 42
749 364 20 43
749 363 19 42
749 367 20 36
749 367 20 36
749 367 20 36
749 367 20 36
749 366 20 36
749 366 20 36
749 366 20 36
749 366 20 36
748 365 20 36
747 365 20 36
745 365 20 36
743 365 20 36
742 364 21 37
741 363 21 37
741 362 22 38
741 361 23 39
740 361 23 39
740 360 24 40
740 360 23 39
740 360 23 39
740 359 23 39
740 359 23 40
740 359 22 39
741 357 23 40
740 358 23 39
741 358 23 38
741 358 23 38
741 359 22 37
741 358 22 37
741 357 22 37
740 357 22 38
739 357 22 38
739 357 21 37
737 356 21 37
736 355 21 38
735 355 22 39
736 354 22 39
736 354 21 37
736 354 21 37
735 354 21 38
735 354 20 37
737 353 20 37
736 353 20 37
736 353 20 37
736 353 20 37
736 352 20 37
735 352 20 37
735 351 20 37
735 351 20 37
735 351 19 36
735 350 20 37
735 350 20 36
735 350 20 36
735 350 20 36
734 348 20 36
735 349 20 35
734 348 21 36
733 348 21 36
733 347 21 36
733 347 21 36
733 347 21 36
733 346 21 36
733 346 21 35
733 346 21 35
733 345 20 34
733 346 20 35
734 344 20 35
733 343 21 36
733 343 21 36
732 343 21 35
732 343 21 35
732 343 21 35
732 343 21 34
731 342 21 34
731 342 21 34
731 342 21 33
730 342 21 32
731 343 17 32
731 341 17 33
731 340 18 34
731 340 18 34
731 340 18 34
730 338 18 35
729 337 18 35
726 336 19 36
723 336 20 37
719 335 19 36
716 334 20 37
713 334 19 36
711 334 18 35
711 333 18 35
711 333 18 35
710 332 18 34
710 333 18 35
710 331 17 34
709 332 17 34
709 332 17 33
709 331 17 33
709 331 17 33
709 330 17 33
709 330 17 32
709 330 17 33
709 328 16 32
709 329 16 33
709 327 16 33
709 327 16 33
708 327 16 33
708 327 16 32
708 327 16 32
708 326 16 32
708 326 16 32
707 325 16 33
707 324 16 33
707 324 16 33
707 324 16 32
707 324 16 32
707 324 16 32
707 324 16 32
706 322 16 32
707 323 16 32
706 321 16 32
706 322 16 31
706 320 16 31
706 320 16 31
706 319 16 31
705 319 16 31
706 318 16 32
706 318 16 31
705 317 16 31
705 317 16 31
705 317 16 31
705 316 16 31
704 315 16 32
705 315 16 33
705 313 16 32
704 314 16 32
705 314 16 32
704 313 16 32
704 313 17 33
703 311 17 32
702 313 18 33
701 311 18 33
700 313 18 33
700 311 18 33
699 311 18 33
699 311 18 33
699 311 18 33
699 311 18 33
699 310 18 33
699 310 18 33
699 310 18 33
699 310 18 33
699 310 18 33
700 309 18 33
700 308 18 33
700 307 18 33
700 307 18 33
700 307 18 33
700 307 18 33
700 307 18 33
700 306 18 33
701 305 18 33
701 305 18 33
701 306 18 33
701 305 18 33
701 306 18 33
701 304 18 33
701 305 18 33
701 304 18 33
701 305 18 33
701 303 18 33
701 304 18 33
701 305 18 33
702 304 18 33
702 303 18 33
702 303 18 33
702 303 18 33
702 303 18 33
702 303 18 33
702 303 18 33
702 303 18 33
702 304 18 33
702 304 18 33
702 305 18 33
702 306 18 33
702 305 18 33
702 305 18 33
702 306 18 33
702 306 18 33
702 306 18 33
702 306 18 33
702 307 18 33
702 307 18 33
702 308 18 33
702 308 18 33
702 308 18 33
702 309 18 33
702 305 18 33
702 309 18 33
702 310 18 33
702 311 18 33
701 310 18 33
701 310 18 33
701 311 18 33
701 311 18 33
701 311 18 33
701 312 18 33
701 312 18 33
701 313 18 33
701 313 18 33
700 313 18 33
700 313 18 33
699 313 19 35
698 313 19 35
698 314 20 36
698 314 20 36
698 314 20 36
697 314 20 36
697 314 21 38
696 314 21 38
695 314 22 39
695 314 22 39
695 315 22 38
694 316 22 38
695 317 22 38
694 317 22 38
694 317 22 38
693 318 22 38
694 318 22 37
693 318 22 37
693 318 22 38
693 319 22 39
692 319 22 39
693 320 22 39
692 320 22 38
692 321 23 39
690 321 23 39
690 322 23 38
690 324 23 37
689 323 23 37
689 324 23 37
688 325 23 37
688 326 23 37
687 325 23 37
687 325 23 37
687 328 23 37
686 327 23 37
686 328 24 39
687 327 24 40
687 327 24 41
687 327 24 42
688 326 24 42
689 327 24 42
689 328 24 41
689 329 24 41
689 330 24 41
688 330 24 41
688 330 25 42
687 331 25 42
686 331 25 42
686 331 25 43
685 331 25 43
685 332 26 44
685 332 26 44
685 333 27 45
683 333 26 44
685 335 26 44
685 335 25 43
684 337 25 42
684 337 26 43
683 336 26 43
684 337 26 44
684 338 26 44
683 339 26 44
683 338 27 45
682 339 26 44
683 339 26 45
683 339 26 44
682 342 26 44
683 343 26 44
682 344 25 43
683 345 25 44
682 345 24 43
683 346 24 43
683 347 23 42
683 347 24 44
683 348 24 44
683 348 23 43
683 348 23 42
682 351 24 43
683 351 23 42
683 352 22 41
684 352 23 43
683 352 22 41
683 353 23 43
682 354 22 42
683 354 23 44
683 356 22 42
684 357 22 41
683 357 22 42
683 358 22 42
682 358 23 43
681 358 23 43
681 357 24 45
682 356 25 46
681 358 24 45
682 358 24 45
682 360 23 44
682 361 23 44
682 363 23 44
681 363 23 45
681 362 23 46
681 362 24 47
681 362 24 47
680 362 24 47
680 362 24 48
679 361 25 50
678 360 25 51
678 358 26 53
679 359 26 53
679 360 26 53
678 360 26 53
678 360 26 53
678 360 26 53
677 360 26 53
678 361 26 53
677 360 26 53
676 363 26 53
677 364 26 53
677 364 26 53
677 366 26 53
676 365 26 53
676 367 26 53
676 367 26 53
677 370 26 53
676 370 27 55
676 369 26 54
676 371 27 54
674 370 27 55
675 370 28 57
674 370 28 56
675 374 28 57
676 372 27 55
676 376 27 55
675 377 26 52
677 381 25 51
677 383 24 48
678 384 24 48
678 387 23 46
677 388 23 46
677 388 23 46
677 388 23 46
677 390 22 44
678 391 21 42
678 394 21 41
678 394 20 40
679 395 20 39
678 396 20 39
678 396 20 39
677 396 20 39
678 397 20 39
677 398 20 39
676 398 20 39
676 400 20 38
675 400 20 38
675 401 20 38
674 401 20 38
673 402 20 38
673 401 20 39
673 402 20 39
672 403 20 39
671 402 21 41
670 402 21 41
670 403 21 40
670 404 21 40
669 405 21 39
669 405 21 39
669 407 20 38
669 408 20 37
669 408 21 38
667 409 22 40
666 408 22 39
666 408 23 41
665 409 23 40
664 410 23 41
663 409 24 42
662 409 25 43
662 410 25 42
661 412 24 41
661 411 23 40
661 413 23 40
660 413 23 40
659 413 24 41
659 412 24 42
659 414 24 42
659 414 24 41
659 415 23 40
658 415 23 40
658 415 23 40
657 416 24 41
657 415 24 41
656 416 25 42
655 417 25 42
655 417 25 42
654 417 25 42
654 417 25 42
653 418 25 42
652 418 25 42
652 417 25 42
652 418 25 41
652 419 25 41
651 419 25 41
650 419 25 41
650 419 25 41
650 419 25 41
651 420 25 40
651 422 24 39
651 421 24 39
651 422 24 40
651 423 24 41
650 422 24 41
650 422 24 41
650 422 24 41
650 423 24 41
650 423 24 40
650 424 24 40
650 425 24 41
649 424 25 42
649 424 25 42
649 425 25 42
648 424 25 42
648 425 25 43
647 425 24 42
648 426 24 43
649 426 23 42
649 427 24 44
649 426 24 43
649 426 25 44
649 427 25 44
648 427 25 43
647 426 25 43
647 425 26 45
649 425 26 45
649 426 25 43
650 428 24 42
651 428 24 41
652 429 23 40
652 430 22 39
652 430 22 39
653 430 22 39
653 430 22 39
653 430 22 40
653 431 22 40
654 432 22 40
654 432 22 40
655 433 22 39
655 433 22 39
656 434 22 39
656 433 22 40
656 433 22 40
657 434 22 39
658 435 22 38
658 436 22 39
659 436 21 37
659 436 21 37
659 437 21 37
660 437 21 36
660 438 22 37
661 438 22 37
661 437 23 39
660 436 24 41
662 436 24 41
663 437 24 41
662 436 25 42
662 435 25 42
662 435 25 42
663 435 25 42
663 435 25 42
664 435 25 42
664 436 25 42
664 436 25 42
664 435 24 41
666 436 24 41
667 436 23 40
667 437 23 40
667 438 23 40
668 438 23 40
668 439 23 40
668 440 23 39
668 440 23 39
668 439 23 39
669 439 23 39
669 439 24 40
670 439 25 41
671 438 25 42
672 438 25 42
672 438 26 43
673 436 27 44
673 438 28 45
674 437 28 45
673 436 29 47
673 437 29 46
673 438 29 45
672 437 29 45
672 437 29 45
672 438 29 44
675 439 25 45
676 438 25 44
676 439 25 43
676 439 25 42
676 440 25 43
675 439 25 43
675 438 25 43
676 438 25 44
677 438 26 45
678 439 26 45
678 438 26 44
679 439 26 45
678 438 26 45
679 438 26 45
679 439 26 45
679 439 26 45
680 439 26 44
680 441 26 44
680 441 25 43
680 440 25 43
680 440 25 44
680 440 25 45
680 439 25 45
