418 499 15 16
418 499 15 16
418 499 15 16
418 499 15 16
418 499 15 16
418 499 15 16
418 499 15 16
418 499 15 16
418 499 15 16
418 499 15 16
419 499 15 15
418 499 15 15
418 499 15 15
418 499 15 15
418 499 15 15
418 499 15 15
418 499 16 16
418 499 15 15
418 499 16 16
418 499 16 16
418 499 15 15
417 499 16 16
418 499 15 15
418 499 16 16
418 499 15 15
418 499 16 16
418 499 15 15
418 499 16 16
418 499 16 16
418 499 15 15
418 499 15 15
418 499 15 15
418 499 15 15
418 499 15 15
418 499 15 15
418 499 16 16
418 499 15 15
418 499 15 15
418 499 15 15
418 499 15 15
418 499 15 15
418 499 15 15
418 499 15 15
418 499 15 15
418 499 15 15
418 499 15 15
418 499 15 15
418 499 15 15
418 499 15 15
418 499 15 15
419 498 15 15
418 498 15 15
419 497 15 15
419 497 15 15
419 497 15 15
419 497 15 15
420 497 15 15
420 496 15 15
420 497 15 15
420 496 15 15
420 496 14 14
421 497 14 14
421 497 14 14
421 497 14 14
421 496 14 14
422 496 14 14
422 496 14 14
422 496 14 14
422 496 15 15
421 494 15 15
422 495 15 15
421 494 15 15
422 494 15 15
422 494 15 15
422 494 15 15
422 494 15 15
422 494 15 15
422 494 15 15
422 493 15 15
422 493 15 15
422 493 15 15
422 493 15 15
422 492 15 15
422 493 16 16
422 492 16 16
422 493 16 16
423 492 16 16
423 492 16 16
423 492 16 16
423 491 16 16
423 491 15 15
423 491 15 15
423 491 15 15
423 491 15 15
423 491 15 15
423 490 15 15
424 490 15 15
424 489 15 15
424 489 15 15
424 489 15 15
424 489 15 15
424 489 15 15
424 489 15 15
424 488 15 15
424 488 15 15
424 488 15 15
424 488 15 15
424 488 15 15
424 488 15 15
424 488 15 15
424 488 14 14
425 488 14 14
425 489 14 14
425 488 14 14
425 488 14 14
425 488 14 14
425 488 14 14
426 488 14 14
426 488 14 14
426 488 14 14
426 488 14 14
426 487 14 14
426 487 14 14
427 486 15 15
426 486 15 15
426 485 15 15
427 486 15 15
426 485 15 15
427 485 15 15
427 484 15 15
427 484 15 15
427 484 15 15
427 484 15 15
427 484 15 15
427 483 15 15
427 483 15 15
427 483 15 15
427 483 15 15
427 483 15 15
427 483 15 15
427 483 16 16
428 483 16 16
428 482 16 16
429 482 16 16
428 482 17 17
428 481 17 17
428 481 16 16
429 481 15 15
428 481 16 16
429 481 16 16
429 481 15 15
429 481 15 15
429 481 15 15
429 480 16 16
429 481 16 16
430 480 15 15
429 480 16 16
430 480 16 16
430 480 16 16
430 480 16 16
430 480 16 16
430 479 16 16
431 479 16 16
431 479 16 16
431 478 16 16
432 478 16 16
432 478 16 16
432 477 17 17
432 476 17 17
432 476 17 17
433 476 16 16
433 476 16 16
433 476 17 17
433 475 17 17
433 475 17 17
433 475 17 17
434 474 17 17
434 474 17 17
434 474 17 17
434 473 17 17
435 473 17 17
436 472 16 16
437 472 16 16
437 472 16 16
438 472 15 15
438 471 15 15
438 471 15 15
438 471 16 16
438 471 17 17
438 470 18 18
438 470 18 18
439 470 18 18
438 470 18 18
439 469 18 18
440 469 17 17
440 468 17 17
440 468 17 17
441 467 16 16
442 468 16 16
442 468 16 16
442 467 16 16
444 467 16 16
444 466 16 16
445 466 16 16
445 466 16 16
446 465 16 16
446 465 16 16
446 464 17 17
446 463 17 17
446 463 17 17
447 463 17 17
447 462 17 17
447 462 17 17
448 461 17 17
448 461 17 17
449 460 17 17
449 460 17 17
449 460 17 17
450 460 16 16
451 460 16 16
452 460 16 16
453 460 15 15
453 459 14 14
453 460 14 14
454 460 14 14
455 459 14 14
455 459 14 14
455 459 14 14
456 459 14 14
457 458 14 14
457 457 14 14
457 457 14 14
458 457 14 14
459 456 14 14
459 456 14 14
460 455 14 14
461 455 14 14
461 454 14 14
461 454 14 14
462 453 14 14
462 453 14 14
463 453 14 14
463 453 14 14
464 452 14 14
464 452 14 14
465 451 14 14
465 451 14 14
466 451 14 14
466 451 14 14
467 450 14 14
467 450 14 14
468 449 14 14
468 449 14 14
469 449 14 14
469 448 14 14
470 448 14 14
471 447 14 14
471 447 14 14
472 446 14 14
472 446 14 14
473 445 14 14
473 445 14 14
474 445 14 14
475 444 14 14
475 444 14 14
476 444 14 14
476 444 14 14
476 443 14 14
477 443 14 14
477 443 14 14
477 442 14 14
478 442 14 14
478 442 14 14
479 441 14 14
479 441 14 14
480 441 14 14
480 440 14 14
481 440 14 14
481 439 14 14
482 438 14 14
482 437 15 15
482 436 15 15
483 436 14 14
483 436 14 14
483 436 15 15
483 435 15 15
485 435 14 14
485 436 14 14
486 435 14 14
486 434 14 14
486 434 14 14
487 434 14 14
488 434 14 14
488 434 14 14
488 433 14 14
489 433 14 14
490 432 14 14
490 432 14 14
491 431 14 14
491 431 14 14
492 431 14 14
492 430 14 14
493 429 14 14
493 429 14 14
494 429 14 14
494 429 14 14
495 428 14 14
495 428 14 14
496 427 14 14
496 427 14 14
496 427 14 14
497 426 14 14
497 426 14 14
498 425 14 14
498 425 14 14
498 425 14 14
499 425 14 14
499 424 14 14
500 424 14 14
500 424 14 14
500 423 14 14
501 423 14 14
501 422 14 14
502 421 15 15
501 420 15 15
502 419 15 15
503 419 14 14
503 420 14 14
504 419 14 14
504 419 14 14
505 419 14 14
505 419 14 14
505 418 14 14
505 418 14 14
506 418 14 14
506 416 15 15
506 416 15 15
506 416 15 15
506 415 16 16
507 415 16 16
507 415 16 16
508 415 15 15
508 414 15 15
508 413 16 16
509 413 16 16
509 413 16 16
510 412 16 16
510 412 16 16
510 411 16 16
510 411 16 16
511 410 16 16
511 410 16 16
512 409 16 16
512 409 16 16
512 409 16 16
513 409 16 16
514 409 15 15
513 408 15 15
513 408 15 15
514 408 15 15
514 408 15 15
514 407 15 15
515 407 15 15
515 406 15 15
515 406 15 15
515 406 15 15
515 406 15 15
516 405 15 15
516 405 15 15
517 405 15 15
517 404 15 15
517 404 14 14
518 404 14 14
518 404 14 14
519 403 14 14
519 403 14 14
519 402 14 14
519 402 14 14
519 402 14 14
520 401 15 15
520 400 15 15
520 401 15 15
520 400 15 15
520 400 15 15
520 400 15 15
521 399 15 15
521 399 15 15
521 399 15 15
521 399 15 15
522 398 15 15
522 398 15 15
522 398 15 15
522 398 15 15
522 398 14 14
523 398 14 14
523 398 14 14
523 398 14 14
523 398 14 14
524 398 14 14
524 398 14 14
524 397 14 14
524 397 13 13
523 396 13 13
524 396 14 14
525 396 13 13
524 395 13 13
525 394 13 13
524 394 13 13
524 395 13 13
525 394 13 13
524 394 14 14
525 394 14 14
525 394 14 14
525 393 14 14
525 393 14 14
526 393 14 14
525 393 14 14
526 392 14 14
526 392 14 14
526 392 14 14
527 392 14 14
527 392 14 14
527 391 14 14
527 391 14 14
528 391 14 14
528 391 14 14
529 390 14 14
529 390 14 14
529 389 14 14
529 389 14 14
529 388 14 14
530 388 14 14
531 387 13 13
531 387 13 13
531 387 13 13
531 386 13 13
531 386 13 13
531 385 14 14
532 385 14 14
532 385 14 14
532 385 14 14
533 384 14 14
533 384 14 14
533 383 14 14
533 383 14 14
534 383 14 14
534 383 15 15
533 381 15 15
534 381 14 14
535 381 14 14
535 381 14 14
536 380 14 14
536 379 14 14
537 379 13 13
536 379 13 13
537 378 13 13
536 377 14 14
537 377 14 14
537 377 14 14
537 377 14 14
538 376 14 14
538 376 13 13
538 376 13 13
538 376 13 13
538 375 13 13
539 375 13 13
539 374 13 13
539 374 13 13
540 374 13 13
540 373 13 13
540 373 13 13
540 373 13 13
540 372 13 13
541 372 13 13
541 372 13 13
541 372 13 13
541 371 14 14
542 371 14 14
541 371 15 15
542 369 15 15
542 369 14 14
543 370 13 13
543 370 13 13
542 369 14 14
543 369 14 14
543 369 14 14
544 369 14 14
544 369 14 14
544 369 14 14
544 368 14 14
544 368 14 14
544 368 14 14
544 368 15 15
543 367 15 15
544 367 15 15
544 367 14 14
545 367 14 14
544 367 14 14
544 367 14 14
545 367 14 14
544 367 14 14
545 367 13 13
544 367 13 13
545 366 13 13
545 366 13 13
544 366 14 14
545 366 14 14
545 366 14 14
545 366 14 14
545 366 14 14
545 366 14 14
545 366 14 14
545 366 14 14
545 365 14 14
545 365 14 14
545 365 14 14
545 365 14 14
545 365 14 14
545 365 14 14
545 365 14 14
544 365 14 14
544 365 14 14
544 365 14 14
544 365 13 13
544 365 13 13
544 365 14 14
544 365 13 13
544 365 13 13
544 365 13 13
544 365 13 13
544 365 13 13
544 365 13 13
544 365 13 13
544 364 13 13
544 364 13 13
544 365 13 13
544 364 13 13
544 365 13 13
544 364 13 13
544 364 13 13
544 364 13 13
544 364 13 13
544 364 13 13
544 364 13 13
544 364 13 13
544 364 13 13
544 364 13 13
544 364 13 13
544 364 13 13
544 364 13 13
544 364 13 13
544 364 13 13
544 364 13 13
544 364 13 13
544 364 13 13
544 364 13 13
544 364 13 13
544 364 13 13
544 364 13 13
544 364 13 13
544 364 13 13
543 364 14 14
544 363 14 14
544 363 14 14
544 363 13 13
543 363 13 13
543 363 13 13
543 363 13 13
543 363 13 13
543 363 14 14
544 363 14 14
544 363 13 13
544 363 13 13
544 363 13 13
544 363 13 13
544 363 13 13
544 363 13 13
544 363 14 14
544 363 14 14
544 363 14 14
544 363 14 14
544 363 14 14
544 363 14 14
544 363 14 14
544 363 14 14
544 363 14 14
544 363 14 14
545 363 14 14
545 363 14 14
545 363 14 14
545 363 14 14
545 363 14 14
545 363 14 14
545 362 14 14
545 362 15 15
545 361 15 15
545 361 15 15
545 361 15 15
546 361 15 15
545 361 15 15
546 360 15 15
546 360 15 15
546 360 15 15
546 360 15 15
546 359 15 15
546 359 15 15
546 359 15 15
547 359 14 14
547 359 15 15
547 359 15 15
547 359 15 15
548 358 14 14
549 359 14 14
550 359 13 13
549 358 13 13
549 357 13 13
550 357 13 13
550 357 13 13
550 357 13 13
550 357 13 13
550 357 13 13
550 357 13 13
550 357 12 12
551 357 12 12
551 357 12 12
551 357 12 12
551 357 12 12
551 357 12 12
551 357 12 12
551 357 12 12
551 357 12 12
551 357 12 12
551 357 12 12
551 357 12 12
551 357 12 12
551 357 12 12
551 357 12 12
551 357 12 12
551 357 12 12
551 357 12 12
551 357 13 13
551 356 13 13
551 356 13 13
551 356 13 13
551 356 13 13
551 356 13 13
551 355 13 13
552 355 13 13
552 355 13 13
552 355 13 13
552 355 13 13
551 355 14 14
552 355 13 13
551 355 13 13
552 354 13 13
552 354 13 13
552 354 13 13
551 354 14 14
553 354 13 13
552 353 13 13
553 353 13 13
552 353 13 13
552 352 13 13
553 352 13 13
553 352 13 13
552 352 13 13
552 351 13 13
553 351 13 13
553 350 13 13
553 350 13 13
554 350 13 13
553 349 13 13
554 349 13 13
554 349 13 13
555 348 13 13
554 348 13 13
554 347 13 13
554 347 13 13
554 347 13 13
555 346 13 13
554 346 14 14
555 345 14 14
555 346 13 13
554 345 13 13
555 345 12 12
556 346 12 12
556 346 12 12
556 345 13 13
555 344 14 14
556 344 14 14
556 343 14 14
557 343 13 13
556 342 13 13
556 342 13 13
557 342 13 13
557 341 13 13
557 341 13 13
557 340 13 13
558 340 13 13
558 340 13 13
557 340 13 13
558 340 13 13
558 340 13 13
558 340 13 13
558 339 13 13
558 339 13 13
558 339 13 13
558 339 13 13
558 339 14 14
559 339 14 14
559 339 14 14
559 339 14 14
559 339 14 14
559 338 14 14
559 339 14 14
559 338 14 14
559 338 14 14
559 338 14 14
559 338 14 14
559 338 14 14
559 338 14 14
559 338 14 14
559 339 14 14
558 338 15 15
558 338 14 14
559 338 14 14
558 338 15 15
558 338 15 15
558 338 15 15
559 338 14 14
559 338 14 14
559 339 14 14
559 338 14 14
559 338 14 14
559 338 14 14
559 338 14 14
560 338 13 13
