960 750 56 43
961 750 56 43
963 751 55 42
964 751 55 42
965 751 55 42
965 750 57 44
968 752 56 43
968 751 57 44
969 752 57 44
970 751 59 45
971 751 59 45
971 751 60 46
975 751 59 45
973 751 60 46
976 751 59 45
977 751 60 46
979 752 59 45
980 752 60 46
982 752 59 45
983 752 60 45
984 752 61 46
985 753 61 46
988 753 61 46
989 754 61 46
992 754 60 45
993 754 61 46
994 755 61 46
995 756 61 46
997 755 62 47
997 755 63 48
1000 755 63 48
1002 756 62 47
1002 756 63 48
1005 756 62 47
1006 756 63 48
1008 756 63 48
1009 756 65 49
1011 756 65 49
1011 756 65 49
1014 756 67 50
1015 757 66 50
1017 757 67 51
1017 757 67 51
1020 757 67 51
1021 756 69 53
1023 757 68 52
1025 757 68 52
1028 758 67 51
1030 759 67 51
1030 758 70 53
1032 758 70 53
1034 758 70 53
1036 758 70 53
1038 759 70 53
1040 760 70 53
1042 760 71 53
1042 759 73 55
1047 761 72 54
1046 761 72 54
1048 761 73 55
1051 761 72 55
1053 762 71 54
1055 762 72 55
1058 762 72 55
1061 763 72 55
1063 763 72 55
1064 764 73 56
1067 764 72 55
1069 764 72 55
1072 765 73 56
1074 764 75 57
1076 764 76 58
1078 765 76 58
1080 765 77 58
1080 766 77 58
1085 766 77 58
1085 766 78 59
1090 765 77 59
1091 767 77 59
1096 767 77 59
1097 766 80 61
1099 767 80 61
1101 766 82 63
1103 766 82 63
1105 767 82 63
1108 766 83 64
1109 768 82 63
1113 769 84 65
1117 769 84 65
1119 769 85 66
1121 769 85 66
1125 770 85 66
1127 771 86 67
1130 770 87 68
1133 771 86 67
1137 771 88 69
1143 771 87 68
1148 772 86 67
1152 771 87 68
1156 771 86 68
1164 774 86 68
1175 774 86 68
1186 775 85 68
1198 775 85 68
1206 774 87 70
1212 775 88 70
1218 776 89 71
1222 775 90 72
1226 776 90 72
1229 776 91 73
1233 777 93 75
1238 775 93 75
1240 774 95 76
1244 776 95 76
1246 774 96 77
1252 775 96 77
1254 775 97 78
1257 775 100 80
1262 773 100 80
1263 778 104 83
1269 775 103 83
1273 774 103 83
1274 773 106 86
1278 775 108 88
1284 771 109 89
1286 768 113 92
1291 769 112 91
1300 777 112 91
1302 775 113 92
1303 771 115 94
1304 768 117 95
1310 771 119 97
1315 770 119 97
1318 770 121 99
1325 771 121 99
1331 766 123 100
1337 774 124 101
1341 771 124 101
1348 776 124 101
1352 775 123 100
1354 774 125 101
1361 778 127 102
1366 781 127 102
1373 786 125 101
1382 784 124 100
1389 789 123 99
1396 786 123 99
1400 788 125 101
1408 787 126 102
1412 786 129 104
1415 790 133 107
1426 789 132 106
1430 789 136 109
1435 791 139 111
1439 794 138 110
1447 793 137 110
1454 796 138 111
1462 794 138 111
1471 799 137 110
1481 801 136 109
1489 801 135 108
1496 806 133 107
1507 803 133 107
1510 809 135 109
1521 806 135 109
1532 811 135 109
1539 812 135 109
1549 814 137 110
1558 816 138 111
1567 816 139 112
1576 817 141 113
1586 818 144 116
1596 820 149 120
1602 820 153 123
1608 817 158 127
1614 814 162 130
1626 815 166 134
1631 815 172 139
1642 812 177 143
1649 813 183 148
1656 813 189 152
1667 811 195 157
1677 810 198 159
1692 811 202 162
1710 811 202 162
1722 813 210 169
1741 812 211 170
1761 816 210 169
1785 821 210 169
1811 830 207 167
1835 833 205 166
1854 840 204 166
1880 847 202 164
1900 849 202 164
1916 856 202 164
1934 861 202 164
1950 864 203 165
1965 866 208 169
1982 865 211 171
1998 864 215 174
2013 869 219 177
2027 868 222 179
2042 871 227 183
2058 866 231 187
2079 873 236 191
2098 873 242 196
2116 878 249 201
2137 879 254 205
2158 883 257 207
2179 886 259 209
