1003 476 132 197
1001 479 131 195
998 478 133 197
995 481 135 200
993 483 135 200
991 486 135 201
989 489 135 201
986 492 135 201
983 492 135 201
980 495 135 201
978 494 135 201
977 493 135 201
976 499 135 201
975 501 135 201
974 499 135 201
975 504 135 201
976 508 135 201
978 518 135 201
976 524 135 201
977 532 135 201
996 517 134 200
984 534 135 201
980 553 135 201
978 548 135 201
978 552 135 201
997 534 139 207
1001 527 140 209
997 553 137 205
983 551 138 205
983 538 135 201
983 538 135 201
983 538 135 201
983 538 135 201
983 538 135 201
983 538 135 201
983 538 135 201
983 538 135 201
983 538 135 201
983 538 135 201
983 538 135 201
983 538 135 201
983 538 135 201
983 538 135 201
983 538 135 201
983 538 135 201
983 538 135 201
983 538 135 201
983 538 135 201
983 538 135 201
983 538 135 201
983 538 135 201
983 538 135 201
983 538 135 201
983 538 135 201
983 538 135 201
983 538 135 201
983 538 135 201
983 538 135 201
983 538 135 201
983 538 135 201
983 538 135 201
983 538 135 201
983 538 135 201
983 538 135 201
983 538 135 201
983 538 135 201
983 538 135 201
1074 527 132 197
1142 585 129 193
1131 565 130 194
1123 555 130 194
1118 566 130 194
1160 568 132 197
1125 560 131 197
1138 527 132 198
1059 556 135 202
1043 536 138 206
1025 540 137 205
1072 514 138 207
1132 515 135 202
1224 545 132 197
1221 536 132 197
1211 528 133 198
1206 520 131 196
1200 520 132 197
1151 499 132 198
1180 503 133 198
1174 494 133 199
1166 503 134 199
1124 470 135 201
1158 467 136 202
1155 467 137 203
1140 457 138 204
1138 446 138 205
1125 442 137 204
1116 439 138 206
1111 433 139 206
1105 427 140 208
1105 427 140 208
1090 345 142 211
1090 345 142 211
1090 345 142 211
1124 308 140 208
1213 271 141 209
1220 264 141 209
1208 271 143 213
1207 261 146 217
1186 293 145 216
1187 300 146 217
1199 279 145 215
1192 269 147 219
1186 255 150 223
1180 251 152 226
1174 246 150 223
1163 264 151 225
1157 257 150 224
1148 239 150 223
1141 235 148 221
1138 253 150 224
1124 245 152 227
1124 240 152 228
1117 237 154 230
1117 229 157 234
1114 229 159 237
1112 230 160 238
1110 230 161 241
1105 236 162 243
1104 230 164 245
1100 237 164 246
1097 223 163 244
1096 217 165 247
1094 211 167 249
1092 212 168 251
1090 213 169 252
1088 208 171 255
1102 245 171 255
1101 260 171 255
1085 217 173 258
1094 236 173 258
1081 214 175 261
1088 226 175 262
1098 251 175 262
1088 248 180 269
1081 248 181 271
1078 237 183 274
1073 226 185 276
1068 217 186 277
1064 209 189 282
1063 206 193 288
1065 213 198 295
1059 209 199 297
1068 202 195 291
1071 232 195 291
1061 218 199 296
1059 217 202 301
1059 218 203 302
1061 221 204 303
1058 216 206 306
1060 219 207 307
1059 215 208 309
1058 213 209 310
1060 212 210 312
1063 214 211 314
1060 223 211 314
1056 216 211 314
1052 215 214 318
1046 213 218 323
1041 213 221 328
1036 219 223 331
1026 222 226 335
1017 222 233 345
1006 234 233 345
1094 238 135 202
1083 240 138 206
1082 230 140 209
1082 246 143 213
1080 235 146 218
1079 225 148 222
1078 232 151 226
1113 284 152 227
1106 293 150 225
1098 298 150 225
1089 303 150 225
1081 299 153 229
1077 290 156 233
1077 272 160 239
1085 276 160 239
1080 273 167 249
1074 260 173 258
1079 257 173 258
1075 243 179 267
1079 229 184 274
1071 221 184 274
1077 233 184 274
1082 228 187 278
1074 222 187 277
1072 226 192 284
1074 225 195 288
1079 231 201 297
1076 221 201 297
1079 229 201 297
1080 236 201 297
1080 238 201 297
1082 246 201 297
1085 247 201 297
1087 242 201 297
1089 240 201 297
1089 241 201 297
1089 241 201 297
1091 243 201 297
1095 242 201 297
1097 248 201 297
1092 241 201 297
1101 255 201 297
1099 242 201 297
1107 260 201 297
1103 247 201 297
1107 253 201 297
1107 254 201 297
1112 258 201 297
1117 261 201 297
1122 266 201 297
1120 254 201 297
1122 257 201 297
1126 263 201 297
1126 263 201 297
1129 264 201 297
1128 262 201 297
1133 272 201 297
1132 258 201 297
1131 264 201 297
1138 277 201 297
1134 258 201 297
1134 271 201 297
1135 273 201 297
1136 278 201 297
1134 284 201 297
1129 209 201 297
1143 237 201 297
1146 253 201 297
1141 265 201 297
1134 280 201 297
1139 210 203 300
1140 227 204 301
1141 241 204 301
1138 256 204 301
1130 266 204 301
1133 280 204 301
1138 224 175 260
1152 238 176 260
1161 253 176 260
1156 261 176 260
1152 264 176 260
1150 259 176 260
1149 267 176 260
1150 265 176 260
1149 273 176 260
1123 228 157 233
1143 264 158 234
1141 261 158 234
1140 257 158 234
1138 247 158 234
1137 241 158 234
1112 229 147 219
1105 236 147 219
1101 225 150 223
1095 227 151 225
1093 217 153 228
1083 222 154 230
1082 211 157 234
1072 215 158 235
1072 205 161 239
1069 211 161 240
1069 211 161 240
1069 211 161 240
1069 211 161 240
1069 211 161 240
1069 211 161 240
1069 211 161 240
1069 211 161 240
1069 211 161 240
1069 211 161 240
1069 211 161 240
1069 211 161 240
1069 211 161 240
1069 211 161 240
1069 211 161 240
1069 211 161 240
1069 211 161 240
1069 211 161 240
1069 211 161 240
1069 211 161 240
1069 211 161 240
1069 211 161 240
1069 211 161 240
1069 211 161 240
1069 211 161 240
1069 211 161 240
1069 211 161 240
1069 211 161 240
1069 211 161 240
1069 211 161 240
1069 211 161 240
1069 211 161 240
1069 211 161 240
1069 211 161 240
1069 211 161 240
1069 211 161 240
1069 211 161 240
1069 211 161 240
1069 211 161 240
1069 211 161 240
1069 211 161 240
1069 211 161 240
1069 211 161 240
1069 211 161 240
1069 211 161 240
1069 211 161 240
1069 211 161 240
1069 211 161 240
1069 211 161 240
1069 211 161 240
1069 211 161 240
1069 211 161 240
1069 211 161 240
1069 211 161 240
1069 211 161 240
1069 211 161 240
1069 211 161 240
1069 211 161 240
1069 211 161 240
1069 211 161 240
1069 211 161 240
1069 211 161 240
1069 211 161 240
1069 211 161 240
1069 211 161 240
1069 211 161 240
1069 211 161 240
1069 211 161 240
1069 211 161 240
1069 211 161 240
1069 211 161 240
1069 211 161 240
1069 211 161 240
1069 211 161 240
1069 211 161 240
1069 211 161 240
1069 211 161 240
1069 211 161 240
1069 211 161 240
1069 211 161 240
1069 211 161 240
1069 211 161 240
1069 211 161 240
1069 211 161 240
1069 211 161 240
1069 211 161 240
1069 211 161 240
1069 211 161 240
1069 211 161 240
1069 211 161 240
1069 211 161 240
1069 211 161 240
1069 211 161 240
1069 211 161 240
1069 211 161 240
1069 211 161 240
1069 211 161 240
1069 211 161 240
1069 211 161 240
1069 211 161 240
1069 211 161 240
1069 211 161 240
1069 211 161 240
1069 211 161 240
1069 211 161 240
1069 211 161 240
1069 211 161 240
1069 211 161 240
1069 211 161 240
1069 211 161 240
1069 211 161 240
1069 211 161 240
1069 211 161 240
1069 211 161 240
1069 211 161 240
1069 211 161 240
1069 211 161 240
1069 211 161 240
1069 211 161 240
1069 211 161 240
1069 211 161 240
1069 211 161 240
1069 211 161 240
1069 211 161 240
1069 211 161 240
1069 211 161 240
1069 211 161 240
1069 211 161 240
1069 211 161 240
1069 211 161 240
1069 211 161 240
1069 211 161 240
1069 211 161 240
1069 211 161 240
1069 211 161 240
1069 211 161 240
1069 211 161 240
1069 211 161 240
1069 211 161 240
1069 211 161 240
1069 211 161 240
1069 211 161 240
1069 211 161 240
1069 211 161 240
1069 211 161 240
1069 211 161 240
1069 211 161 240
1069 211 161 240
1069 211 161 240
1069 211 161 240
1069 211 161 240
1069 211 161 240
1069 211 161 240
1069 211 161 240
1069 211 161 240
1069 211 161 240
1069 211 161 240
1069 211 161 240
1069 211 161 240
1069 211 161 240
1069 211 161 240
1069 211 161 240
1069 211 161 240
1069 211 161 240
1069 211 161 240
1069 211 161 240
1069 211 161 240
1069 211 161 240
1069 211 161 240
1069 211 161 240
1069 211 161 240
1069 211 161 240
1069 211 161 240
1069 211 161 240
1069 211 161 240
1069 211 161 240
1069 211 161 240
1069 211 161 240
1069 211 161 240
1069 211 161 240
1069 211 161 240
1069 211 161 240
1069 211 161 240
1069 211 161 240
1069 211 161 240
1069 211 161 240
1069 211 161 240
1069 211 161 240
1069 211 161 240
1069 211 161 240
1069 211 161 240
1069 211 161 240
1069 211 161 240
1069 211 161 240
1069 211 161 240
1069 211 161 240
1069 211 161 240
1069 211 161 240
1069 211 161 240
1069 211 161 240
1069 211 161 240
1069 211 161 240
1069 211 161 240
1069 211 161 240
1069 211 161 240
1069 211 161 240
1069 211 161 240
1069 211 161 240
1069 211 161 240
1069 211 161 240
1069 211 161 240
1069 211 161 240
1069 211 161 240
1069 211 161 240
1069 211 161 240
1069 211 161 240
1069 211 161 240
1069 211 161 240
1069 211 161 240
1069 211 161 240
1069 211 161 240
1069 211 161 240
1069 211 161 240
1069 211 161 240
1069 211 161 240
1069 211 161 240
1069 211 161 240
1069 211 161 240
1069 211 161 240
1069 211 161 240
1069 211 161 240
1069 211 161 240
1069 211 161 240
1069 211 161 240
1069 211 161 240
1069 211 161 240
1069 211 161 240
1069 211 161 240
1069 211 161 240
1069 211 161 240
1069 211 161 240
1069 211 161 240
1069 211 161 240
1069 211 161 240
1069 211 161 240
1069 211 161 240
1069 211 161 240
1069 211 161 240
1069 211 161 240
1069 211 161 240
1069 211 161 240
1069 211 161 240
1069 211 161 240
1069 211 161 240
1069 211 161 240
1069 211 161 240
1069 211 161 240
1069 211 161 240
1069 211 161 240
1069 211 161 240
1069 211 161 240
1069 211 161 240
1069 211 161 240
1069 211 161 240
1069 211 161 240
1069 211 161 240
1069 211 161 240
1069 211 161 240
1069 211 161 240
1069 211 161 240
1069 211 161 240
1069 211 161 240
1069 211 161 240
1069 211 161 240
1069 211 161 240
1069 211 161 240
1069 211 161 240
1069 211 161 240
1069 211 161 240
1069 211 161 240
1069 211 161 240
1069 211 161 240
1069 211 161 240
1069 211 161 240
1069 211 161 240
1069 211 161 240
1069 211 161 240
1069 211 161 240
1069 211 161 240
1069 211 161 240
1069 211 161 240
1069 211 161 240
1069 211 161 240
1069 211 161 240
1069 211 161 240
1069 211 161 240
1069 211 161 240
1069 211 161 240
1069 211 161 240
1069 211 161 240
1069 211 161 240
1069 211 161 240
1069 211 161 240
1069 211 161 240
1069 211 161 240
1069 211 161 240
1069 211 161 240
1069 211 161 240
1069 211 161 240
1069 211 161 240
1069 211 161 240
1069 211 161 240
1069 211 161 240
1069 211 161 240
1069 211 161 240
1069 211 161 240
1069 211 161 240
1069 211 161 240
1054 221 159 236
1045 247 159 236
1020 273 160 238
1007 312 159 236
998 311 160 237
994 311 160 237
995 309 160 238
993 303 167 248
992 295 173 257
989 291 178 264
987 291 182 270
981 293 186 276
977 296 193 287
968 304 202 301
964 322 202 301
953 333 211 315
945 351 211 315
936 374 211 315
931 399 211 315
925 413 211 315
947 318 209 313
946 345 210 313
942 367 210 313
937 393 210 313
933 406 210 313
959 303 209 312
957 329 210 312
949 351 219 325
942 381 219 325
936 403 219 325
967 332 201 299
960 354 202 300
954 371 202 300
952 388 202 300
951 412 202 300
985 301 188 280
981 316 189 280
972 323 196 290
963 321 204 302
955 332 214 317
954 346 214 317
956 358 214 317
957 385 214 317
962 307 210 312
966 324 211 312
957 334 221 327
958 355 221 327
957 381 221 327
958 385 221 327
962 386 221 327
964 373 221 327
962 366 221 327
961 378 221 327
964 381 221 327
968 376 221 327
967 367 221 327
964 365 221 327
965 382 221 327
981 398 221 327
979 393 221 327
978 382 221 327
984 377 221 327
977 380 221 327
989 387 221 327
985 380 221 327
992 381 221 327
988 379 221 327
997 379 221 327
988 382 221 327
999 378 221 327
987 376 221 327
996 380 221 327
1004 384 221 327
996 378 221 327
999 379 221 327
1004 387 221 327
1002 383 221 327
1013 405 221 327
1005 403 221 327
1010 406 221 327
1008 405 221 327
1015 411 221 327
1014 408 221 327
1016 408 221 327
1019 405 221 327
1017 391 221 327
1013 376 221 327
1010 376 221 327
1012 377 221 327
1013 383 221 327
1021 393 221 327
1013 370 221 327
1011 366 221 327
1018 370 221 327
1009 358 221 327
1020 372 221 327
1014 365 221 327
1018 365 221 327
1015 359 221 327
1023 371 221 327
1016 361 221 327
1022 369 221 327
1020 365 221 327
1018 367 221 327
1022 366 221 327
1023 368 221 327
1022 367 221 327
1023 367 221 327
1024 367 221 327
1026 370 221 327
1030 376 221 327
1036 383 221 327
1047 376 221 327
1052 345 221 327
1044 339 221 327
1042 378 204 302
1049 380 204 302
1048 375 204 302
1047 371 204 302
1053 376 204 302
1064 381 188 279
1072 377 189 280
1070 374 189 280
1074 427 188 278
1080 417 190 281
1099 435 190 282
1083 417 192 285
1081 411 194 288
1100 430 194 288
1085 416 194 289
1084 402 198 294
1106 416 198 294
1084 417 197 293
1101 420 198 294
1095 406 199 295
1112 420 199 296
1095 407 201 299
1110 423 201 299
1092 403 203 302
1099 415 204 303
1105 413 204 303
1121 423 204 303
1099 403 207 307
1105 404 207 308
1111 401 207 308
1115 405 207 308
1121 410 207 308
1123 416 207 308
1124 423 207 308
1129 438 207 308
1135 456 207 308
1146 461 207 308
1151 467 207 308
1154 467 207 308
1146 460 207 308
1150 457 207 308
1152 458 207 308
1150 455 207 308
1150 451 207 308
1148 446 207 308
1147 451 207 308
1149 455 207 308
1147 447 207 308
1145 456 207 308
1151 450 207 308
1149 452 207 308
1140 400 211 314
1134 426 211 314
1135 430 211 314
1134 431 211 314
1174 393 185 277
1157 399 186 277
1181 412 164 245
1183 411 163 243
1183 415 163 243
1182 409 165 245
1185 408 165 246
1184 410 166 248
1216 476 167 248
1190 418 160 238
1221 486 160 238
1199 420 155 230
1200 416 157 233
1198 416 159 236
1197 410 160 239
1198 407 162 241
1218 466 162 241
1194 414 163 242
1180 418 163 243
1201 408 162 242
1181 411 163 243
1182 431 163 243
1207 410 158 236
1186 413 158 236
1188 433 158 236
1213 418 153 229
1192 419 154 229
1212 416 154 229
1189 416 154 230
1218 413 150 224
1212 437 150 224
1223 426 143 214
1205 431 144 215
1225 427 141 210
1211 436 141 211
1228 431 139 208
1229 424 136 204
1223 446 137 204
1237 422 138 205
1215 426 138 206
1234 421 136 203
1222 434 137 204
1235 425 134 200
1235 419 134 201
1221 431 135 201
1237 420 135 201
1235 413 135 202
1213 416 136 202
1233 411 135 200
1213 414 135 201
1233 408 134 200
1232 402 134 200
1208 398 135 201
1233 405 135 202
1232 396 135 202
1232 409 136 203
1232 401 136 203
1231 391 136 203
1231 405 136 204
1233 398 135 202
1233 392 135 202
1231 398 136 203
1235 395 133 199
1246 406 133 199
1217 396 134 199
1208 393 134 199
1242 401 133 198
1213 392 134 199
1241 400 134 199
1213 391 134 200
1245 398 134 200
1218 386 134 201
1243 393 135 202
1216 381 135 202
1243 386 136 204
1216 376 137 205
1242 389 134 201
1216 378 135 201
1243 387 134 200
1218 376 135 201
1245 385 134 200
1220 373 135 201
1244 384 134 200
1220 373 135 200
1244 384 134 199
1220 374 135 200
1244 385 134 199
1221 375 135 200
1248 383 134 200
1224 373 135 200
1245 385 133 198
1248 380 132 196
1224 368 133 197
1246 382 130 193
1249 377 129 192
1227 365 130 193
1248 379 128 190
1248 378 128 191
1249 377 129 192
1250 376 128 190
1229 366 128 191
1216 364 128 191
1258 384 130 194
1236 374 130 195
1254 379 130 195
1231 370 131 196
1255 376 132 198
1232 364 133 198
1250 379 130 193
1227 370 130 194
1254 369 130 194
1231 360 131 195
1255 366 132 197
1231 359 133 197
1251 369 132 195
1230 361 132 196
1254 367 133 198
1232 359 133 198
1252 369 132 196
1230 361 132 197
1254 363 133 199
1231 357 134 199
1254 367 133 198
1233 357 134 199
1254 362 134 199
1232 356 134 199
1253 362 133 199
1231 356 134 199
1254 356 133 199
1230 351 134 199
1255 356 133 198
1232 350 134 198
1252 360 132 196
1230 355 133 197
1255 352 134 199
1232 348 135 200
1255 358 134 199
1235 350 134 199
1255 355 133 197
1234 350 133 198
1259 352 133 198
1236 345 133 198
1257 352 133 198
1236 345 134 199
1256 350 133 197
1236 344 133 198
1257 351 133 198
1236 342 134 199
1256 347 133 197
1237 339 133 198
1257 344 132 197
1238 335 132 197
1258 340 131 196
1238 333 132 197
1258 338 131 196
1238 331 132 197
1258 336 131 196
1238 328 132 197
1256 338 131 195
1236 330 131 196
1259 339 131 196
1239 328 131 196
1258 337 130 194
1238 328 130 194
1256 333 131 195
1255 334 133 199
1236 323 133 199
1255 329 133 198
1256 333 133 199
1237 319 134 200
1257 329 131 196
1255 332 133 198
1254 325 133 199
1255 330 134 200
1257 329 132 198
1239 320 133 198
1257 335 130 193
1240 323 130 194
1259 332 128 192
1242 323 129 192
1259 333 128 191
1242 324 129 192
1259 334 128 191
1243 324 129 192
1260 336 126 188
1244 323 127 189
1261 332 127 189
1244 322 127 189
1261 335 125 186
1245 324 125 187
1262 333 125 187
1246 322 125 188
1262 333 123 186
1246 322 124 186
1263 331 124 186
1246 321 125 187
1263 330 125 187
1247 319 125 188
1263 330 123 186
1247 321 124 186
1263 332 122 184
1247 321 123 184
1263 331 121 182
1247 321 122 182
1263 333 121 181
1247 323 122 181
1262 333 120 179
1247 324 121 179
1263 332 122 181
1246 322 122 181
1262 330 123 182
1246 322 123 183
1262 330 123 184
1246 320 124 184
1260 324 129 191
1244 316 129 192
1261 328 126 188
1246 318 127 189
1262 329 125 187
1247 319 126 187
1263 330 124 185
1248 319 125 185
1264 330 123 183
1249 320 124 183
1265 330 122 181
1250 321 123 181
1266 331 121 179
1252 321 122 179
1267 331 120 177
1254 321 121 177
1268 332 118 173
1255 323 119 173
1269 334 116 169
1256 324 117 169
1271 334 115 167
1258 326 116 167
1272 336 113 163
1259 328 114 164
1272 338 111 160
1260 328 112 161
1274 337 110 159
1262 328 111 159
1274 336 108 155
1261 327 109 156
1274 336 107 154
1262 327 108 154
1275 336 106 152
1263 327 107 152
1275 340 105 150
1262 331 106 150
1275 340 104 148
1262 331 105 148
1275 339 103 146
1262 332 104 146
1276 340 105 148
1263 330 106 148
1276 339 104 146
1262 330 105 146
1276 339 104 144
1263 331 104 145
1276 339 102 143
1262 331 103 143
1279 340 102 142
1265 332 103 143
1277 340 101 141
1264 333 102 142
1278 338 102 142
1263 331 102 143
1280 340 101 142
1266 330 102 143
1278 338 100 141
1265 331 101 142
1278 336 101 142
1264 329 101 143
1281 334 102 144
1265 331 102 145
1279 336 102 145
1263 327 102 146
1279 335 101 145
1263 327 102 145
1279 335 101 144
1263 327 102 144
1280 339 101 143
1264 332 101 143
1281 336 101 143
1263 330 101 144
1281 340 102 145
1265 334 102 146
1280 342 101 145
1264 335 101 145
1282 340 102 146
1266 333 102 147
1279 338 101 146
1261 328 102 147
1282 340 101 146
1267 328 102 147
1280 336 100 145
1260 326 101 145
1278 336 102 146
1257 325 102 147
1281 335 102 147
1264 329 102 147
1278 338 101 145
1260 328 101 146
1279 336 102 147
1260 326 102 148
1278 336 103 149
1258 327 103 150
1277 337 104 151
1260 329 104 152
1277 338 103 151
1261 331 104 152
1278 340 103 151
1262 331 104 152
1276 339 103 150
1261 335 103 151
1276 334 105 154
1260 327 105 154
1278 336 104 153
1260 328 105 154
1278 337 104 153
1260 330 105 154
1275 336 105 154
1259 331 106 155
1274 332 107 157
1264 337 107 157
1276 333 105 155
1265 339 106 155
1276 335 104 153
1264 335 105 153
1274 332 104 152
1276 360 104 152
1260 343 104 152
1278 336 102 149
1265 340 103 150
1274 338 102 149
1273 331 104 151
1276 364 104 152
1259 346 104 152
1273 335 104 152
1274 333 104 153
1274 335 104 152
1275 334 104 153
1276 365 105 153
1261 349 105 153
1275 338 104 152
1273 334 105 154
1274 337 105 154
1274 335 106 154
1271 361 106 155
1250 345 106 155
1274 339 106 156
1269 364 107 156
1271 340 109 160
1262 355 110 160
1275 338 110 160
1256 336 111 161
1270 334 111 161
1264 358 111 161
1269 340 113 164
1253 346 113 164
1269 338 111 161
1270 336 111 162
1262 360 112 162
1269 337 114 164
1254 349 114 165
1270 340 112 162
1256 345 112 163
1268 341 110 161
1260 354 111 161
1265 343 109 159
1247 341 110 159
1262 342 111 161
1245 339 111 161
1260 343 110 159
1243 340 110 160
1257 343 110 161
1240 342 111 161
1233 336 111 161
1266 351 112 163
1265 346 114 165
1267 347 114 166
1255 347 115 166
1269 351 112 162
1273 345 111 161
1255 343 112 161
1270 348 111 160
1270 351 111 160
1271 349 111 160
1271 352 111 160
1272 350 112 161
1270 350 113 162
1270 353 112 162
1254 342 113 162
1268 351 111 160
1270 350 112 160
1271 353 112 160
1271 351 112 161
1252 341 112 161
1273 350 113 162
1254 338 113 162
1271 350 110 158
1262 353 111 159
1274 358 108 155
1258 349 108 155
1273 354 108 155
1265 360 108 156
1276 357 107 155
1260 350 107 155
1273 359 105 153
1263 364 106 153
1276 359 105 151
1263 361 105 152
1275 356 104 151
1276 352 105 152
1274 352 106 153
1275 351 106 154
1274 351 107 155
1274 350 107 155
1272 376 107 156
1256 366 107 156
1271 351 107 156
1272 349 107 156
1272 352 107 156
1273 350 107 157
1274 352 108 157
1273 349 109 159
1270 376 109 159
1251 360 109 159
1271 353 108 157
1273 349 107 156
1273 351 106 156
1274 350 107 156
1270 374 107 156
1272 356 109 159
1269 376 109 159
1271 351 111 163
1271 374 112 163
1256 362 112 163
1272 354 110 160
1268 373 110 161
1272 351 112 164
1265 363 113 165
1265 349 114 167
1260 370 115 167
1269 344 118 172
1257 348 119 172
1267 343 117 169
1258 358 117 170
1268 353 115 167
1253 349 115 168
1269 343 113 166
1259 360 114 166
1274 353 112 163
1257 351 112 164
1269 350 110 162
1268 347 112 164
1266 368 112 164
1266 354 113 166
1257 369 114 166
1270 347 115 168
1259 352 116 169
1266 347 114 166
1261 363 114 166
1268 356 113 165
1259 361 113 165
1272 356 111 162
1265 361 111 162
1250 358 111 162
1271 357 112 163
1257 354 112 164
1242 350 112 164
1269 347 112 165
1250 341 113 165
1236 336 113 165
1271 350 112 164
1249 340 112 164
1271 347 111 163
1246 337 112 164
1272 346 111 163
1247 338 111 163
1272 347 110 162
1250 340 110 162
1271 347 112 165
1249 339 112 165
1269 345 113 167
1246 337 113 167
1235 341 113 167
1268 344 113 167
1245 338 114 168
1233 340 114 168
1266 343 114 168
1245 337 115 169
1232 346 115 169
1265 342 114 168
1245 337 115 168
1233 348 115 168
1261 343 114 167
1242 341 114 167
1261 337 118 174
1241 334 119 175
1259 335 123 182
1236 329 124 183
1255 328 129 191
1230 324 129 191
1253 331 130 193
1231 327 131 193
1253 322 132 195
1228 321 132 195
1253 322 134 198
1228 319 134 199
1249 322 136 202
1224 320 136 202
1251 319 135 201
1228 318 136 202
1254 323 133 199
1232 323 134 199
1252 322 134 199
1230 321 134 200
1250 318 135 202
1225 317 136 203
1248 315 138 207
1224 314 139 207
1249 317 138 206
1225 317 138 206
1249 315 138 206
1226 317 139 207
1249 314 138 205
1227 316 138 206
1250 313 137 205
1228 316 138 205
1250 318 136 203
1227 320 137 203
1252 312 135 201
1231 315 136 202
1251 317 135 201
1230 320 135 201
1250 315 135 201
1229 318 135 201
1249 313 135 201
1230 317 135 201
1248 312 134 199
1230 316 134 200
1249 311 134 200
1231 315 134 200
1249 315 132 197
1231 321 133 198
1248 315 132 196
1232 319 132 197
1251 312 133 198
1234 316 133 198
1216 321 133 198
1215 322 133 198
1255 317 133 198
1236 315 133 199
1220 314 133 199
1254 314 134 200
1234 311 134 201
1218 307 134 201
1254 314 134 201
1234 310 135 201
1218 309 135 201
1215 311 135 201
1216 317 135 201
1212 306 135 201
1251 313 134 199
1230 310 134 200
1216 305 134 200
1252 307 134 200
1228 304 134 200
1253 311 135 201
1228 304 135 201
1253 311 135 202
1227 302 136 202
1252 309 136 203
1225 300 137 203
1250 307 137 203
1250 305 137 203
1249 309 136 202
1248 303 136 203
1250 306 137 204
1249 304 137 204
1248 308 136 203
1250 305 135 201
1249 306 136 203
1248 304 136 203
1252 307 135 201
1225 296 135 202
1249 307 134 201
1227 298 135 201
1252 305 135 202
1236 310 136 202
1255 309 133 198
1238 302 134 199
1253 309 134 200
1238 298 135 200
1256 311 131 195
1236 298 132 195
1254 303 132 195
1231 293 132 196
1253 304 133 197
1233 294 133 198
1255 308 130 194
1235 298 131 195
1254 302 131 195
1231 296 131 195
1254 300 132 196
1252 301 134 199
1251 298 134 200
1250 299 136 202
1249 297 135 202
1252 302 136 203
1251 300 136 203
1250 297 136 202
1249 295 136 203
1248 298 136 203
1250 292 136 204
1249 296 136 203
1249 290 136 203
1250 293 137 204
1252 288 135 202
1251 292 135 202
1250 286 135 202
1250 289 135 202
1249 283 135 202
1248 287 135 202
1250 283 134 200
1249 287 134 201
1225 284 135 201
1252 288 134 200
1226 286 135 201
1253 279 135 202
1229 281 136 202
1251 282 135 201
1227 281 136 201
1247 282 136 202
1229 278 137 202
1250 280 136 202
1230 284 137 202
1251 277 135 201
1230 283 136 201
1250 276 134 199
1230 279 135 200
1251 280 134 200
1230 278 135 200
1251 279 134 200
1229 275 135 200
1250 276 134 200
1226 273 135 200
1250 275 135 201
1225 271 136 201
1250 278 136 202
1228 271 137 202
1252 276 132 196
1233 282 133 197
1252 272 132 196
1229 274 133 197
1251 267 133 197
1228 266 133 197
1252 273 134 199
1230 273 134 199
1250 266 131 195
1250 270 132 197
1253 262 132 197
1251 263 133 198
1250 258 136 203
1248 253 137 205
1249 255 137 205
1248 250 139 207
1247 244 138 206
1246 240 140 209
1248 228 139 208
1251 191 135 202
1251 176 135 202
1252 170 135 202
1253 164 135 202
1253 158 135 202
1251 178 135 201
1249 184 135 202
1251 180 136 203
1250 182 137 205
1249 208 139 207
1249 192 141 210
1249 182 142 213
1249 197 139 208
1249 218 140 208
1249 211 139 208
1253 236 137 205
1231 243 138 205
1251 242 135 201
1251 235 136 203
1252 235 136 203
1254 231 135 202
1253 229 135 202
1251 232 136 203
1251 236 136 202
1250 230 136 203
1251 222 138 205
1252 226 137 205
1251 223 138 205
1250 220 138 206
1249 222 138 207
1252 229 137 204
1253 225 135 202
1253 229 135 202
1254 225 134 201
1252 228 134 200
1253 226 134 201
1254 226 134 200
1256 223 133 199
1254 226 133 199
1255 222 132 198
1226 224 133 198
1255 225 134 200
1235 237 134 200
1254 222 134 200
1234 238 134 200
1256 220 132 198
1257 215 133 199
1231 226 134 199
1255 216 132 196
1232 228 132 197
1257 222 129 193
1238 233 130 194
1255 224 132 197
1256 213 133 198
1255 207 133 199
1254 219 133 199
1255 208 134 200
1254 205 134 201
1255 205 134 200
1255 206 133 199
1256 205 133 198
1237 202 133 198
1256 203 134 199
1259 200 133 198
1257 203 133 198
1257 203 133 198
1256 197 133 199
1256 201 133 198
1257 201 132 198
1256 198 133 198
1257 198 132 198
1257 198 132 197
1255 200 132 197
1258 198 130 194
1238 191 130 195
1261 202 130 195
1237 200 131 196
1257 203 133 199
1256 196 134 200
1231 195 134 201
1261 201 134 200
1238 205 134 201
1258 199 133 200
1233 196 134 200
1253 202 134 201
1231 204 135 201
1255 196 134 200
1230 197 135 201
1259 200 136 203
1233 208 136 203
1257 199 133 198
1233 204 133 199
1255 200 133 200
1233 206 134 200
1257 202 132 196
1236 208 132 197
1257 205 131 195
1238 214 131 196
1257 204 129 193
1260 200 131 195
1239 209 131 196
1258 207 129 194
1236 214 130 194
1259 204 129 193
1235 210 130 194
1258 198 130 195
1232 207 131 195
1256 199 131 195
1255 193 132 197
1256 191 131 196
1253 198 133 198
1252 193 134 200
1255 192 134 201
1255 197 134 200
1256 197 133 199
1254 200 133 199
1255 198 133 199
1255 198 133 198
1255 202 133 198
1257 202 133 198
1231 212 133 199
1256 203 133 199
1257 203 132 198
1230 213 133 198
1255 204 133 198
1229 212 133 198
1255 200 133 198
1226 207 133 198
1253 200 134 199
1254 198 134 200
1225 205 135 200
1252 198 135 201
1223 204 136 201
1252 200 136 202
1224 202 137 202
1253 198 137 203
1224 203 138 203
1250 201 139 205
1224 202 140 205
1252 195 139 205
1224 200 140 206
1250 197 141 208
1222 201 142 209
1251 195 141 208
1220 199 141 209
1251 201 140 209
1223 203 141 209
1254 198 138 205
1225 202 138 205
1252 202 139 207
1224 205 140 208
1254 200 137 204
1225 206 138 205
1253 199 138 205
1223 204 138 206
1253 201 138 206
1223 204 138 207
1253 201 138 207
1223 200 138 207
1256 205 137 206
1230 202 138 206
1251 204 135 202
1224 208 136 202
1253 204 136 203
1228 216 137 203
1253 208 135 201
1226 213 136 202
1253 206 136 203
1226 210 137 203
1255 207 137 204
1229 211 138 204
1251 205 137 203
1224 210 137 204
1254 207 137 204
1225 204 137 204
1253 207 139 207
1224 201 140 208
1252 207 138 205
1224 203 139 206
1250 211 139 206
1222 211 139 206
1255 216 138 205
1227 210 138 205
1253 216 138 205
1226 212 138 205
1252 213 139 207
1221 207 140 208
1253 214 140 208
1223 206 140 209
1252 212 140 210
1219 204 141 210
1248 210 141 211
1249 219 140 210
1248 209 143 213
1247 217 142 212
1246 207 144 216
1247 208 145 216
1246 215 144 216
1215 216 145 216
1246 213 144 214
1245 209 145 216
1249 209 143 214
1248 220 140 209
1250 208 141 210
1251 211 141 211
1252 215 141 211
1251 213 141 210
1251 212 140 208
1250 221 138 206
1252 212 138 206
1251 221 137 205
1252 213 137 204
1251 215 137 205
