1278 670 114 132
1277 671 114 132
1277 671 115 133
1277 671 114 132
1277 670 115 133
1277 671 113 131
1276 668 115 134
1278 668 115 134
1278 669 114 132
1278 668 114 132
1278 668 114 132
1277 667 115 133
1277 668 113 131
1277 665 115 133
1277 666 113 131
1277 665 115 133
1277 666 114 132
1277 664 115 133
1277 665 114 132
1277 664 115 133
1277 664 115 133
1277 663 115 133
1276 663 115 133
1275 662 116 134
1274 662 117 135
1273 661 119 137
1274 662 118 136
1273 661 118 136
1273 661 119 137
1272 660 119 136
1273 661 117 134
1273 660 117 134
1272 659 117 134
1272 660 117 134
1272 660 115 132
1272 659 114 131
1273 658 113 130
1272 658 112 129
1273 656 112 129
1271 656 111 128
1271 656 109 126
1272 657 108 125
1272 656 109 126
1270 655 109 126
1271 656 107 124
1270 654 107 124
1270 655 105 122
1269 653 106 124
1270 653 106 124
1269 652 107 126
1268 652 107 126
1267 650 109 128
1267 649 109 128
1266 649 110 129
1266 648 110 129
1264 647 112 131
1263 647 113 132
1262 647 114 133
1261 647 115 134
1260 648 115 134
1259 649 114 133
1258 647 114 132
1257 648 113 131
1256 647 115 134
1256 648 114 132
1255 648 114 132
1255 648 114 132
1255 647 113 131
1253 647 114 132
1252 648 113 131
1251 646 113 131
1249 645 115 134
1248 646 114 133
1248 646 115 134
1246 646 116 135
1245 647 115 134
1244 647 115 134
1243 647 115 134
1242 647 116 135
1242 646 115 133
1241 647 115 133
1241 646 114 132
1239 646 115 133
1239 647 114 131
1238 647 114 131
1237 648 113 130
1236 647 114 131
1235 648 114 131
1233 647 116 133
1232 647 116 133
1231 646 117 134
1230 647 116 133
1228 646 117 134
1227 647 116 133
1225 646 118 136
1224 644 118 137
1223 644 118 137
1221 644 119 139
1219 645 119 139
1218 646 118 138
1217 646 118 138
1216 647 117 137
1215 647 117 138
1214 647 118 140
1213 649 118 140
1212 649 120 143
1210 650 120 142
1208 651 122 144
1206 652 124 146
1204 651 124 146
1203 650 123 145
1202 652 124 146
1200 652 124 146
1200 656 124 146
1199 653 125 148
1197 656 125 148
1195 653 126 149
1195 657 127 150
1193 657 126 149
1191 658 128 152
1191 661 127 150
1189 662 126 149
1189 660 126 149
1191 658 124 147
1191 655 123 146
1191 656 121 144
1193 654 120 142
1192 656 119 141
1191 654 119 141
1191 655 117 139
1190 654 117 139
1188 654 118 140
1186 657 120 142
1185 657 120 142
1184 656 119 141
1183 656 116 138
1184 659 118 141
1183 654 118 141
1181 660 120 143
1181 655 121 144
1178 658 122 145
1177 656 121 143
1174 659 124 146
1177 658 121 143
1173 656 121 143
1175 664 119 141
1173 657 117 138
1175 661 116 137
1176 657 117 138
1174 655 118 140
1174 654 121 143
1173 652 119 141
1173 661 117 139
1175 656 118 140
1174 659 117 139
1172 655 119 141
1172 661 118 139
1172 657 119 141
1171 659 119 141
1170 656 121 143
1170 659 122 144
1166 657 124 146
1166 655 124 146
1166 662 123 145
1164 658 123 145
1163 663 126 149
1162 659 124 147
1164 661 125 149
1163 657 124 148
1163 666 126 150
1161 662 125 148
1161 668 127 150
1158 666 127 149
1159 666 127 149
1160 666 127 148
1160 665 127 148
1159 666 127 149
1160 664 128 150
1158 665 130 152
1159 665 130 151
1159 665 129 150
1158 665 130 151
1159 666 130 151
1158 665 130 151
1158 667 130 150
1158 668 130 150
1158 668 131 151
1155 668 132 153
1154 676 133 154
1149 674 138 160
1154 662 136 158
1150 674 136 158
1148 677 138 161
1149 680 138 161
1142 679 144 168
1146 686 141 164
1140 679 145 169
1146 681 141 164
1142 681 140 163
1146 676 141 164
1142 678 139 161
1149 671 137 159
1145 673 134 156
1150 670 134 156
1149 670 133 155
1150 671 133 155
1149 668 132 154
1148 671 128 150
1148 672 127 149
1149 670 125 147
1149 670 123 144
1150 666 122 143
1152 663 120 141
1154 667 121 142
1157 662 117 138
1156 663 116 137
1159 662 115 136
1156 666 112 133
1163 662 112 133
1158 668 109 130
1164 667 107 128
1161 671 105 125
1163 671 104 124
1164 674 101 120
1167 674 99 118
1169 677 97 116
1175 677 94 112
1177 680 90 107
1179 682 87 104
1180 685 85 101
1181 688 83 98
1183 687 83 98
1181 691 81 95
1184 689 81 95
1182 693 79 93
1186 690 79 93
1185 696 77 90
1189 696 75 88
1190 700 72 84
1192 701 70 82
1192 697 69 80
1193 703 69 81
1193 705 67 79
1192 706 69 81
1188 707 71 83
1187 706 73 85
1183 705 75 87
1178 704 77 89
1173 702 80 92
1174 698 82 94
1170 703 81 93
1170 697 82 94
1166 699 80 92
1171 699 78 90
1169 704 76 88
1173 703 76 88
1171 706 73 85
1174 705 73 85
1170 708 71 83
1172 707 72 84
1171 709 72 84
1172 709 73 85
1169 712 71 83
1171 709 74 86
1167 713 72 84
1169 710 75 88
1166 713 72 85
1167 710 75 88
1163 712 75 87
1163 708 78 90
1160 712 76 88
1162 709 78 91
1161 711 75 87
1162 711 75 87
1160 713 73 85
1162 711 75 88
1159 713 73 86
1160 709 75 89
1158 712 72 86
1159 709 76 90
1157 710 73 86
1158 708 75 89
1156 709 73 86
1155 707 76 90
1151 703 79 94
1149 701 82 97
1149 699 80 95
1151 702 78 93
1153 702 77 92
1154 704 74 88
1157 705 73 87
1156 708 70 83
1156 705 72 85
1151 706 71 84
1151 704 74 87
1151 702 73 86
1150 702 74 87
1149 700 77 90
1143 698 81 94
1146 696 81 94
1144 693 84 97
1146 692 83 96
1147 699 80 93
1141 697 80 93
1143 700 77 89
1141 705 74 86
1147 707 73 85
1146 708 75 87
1145 710 72 84
1145 709 71 83
1141 709 70 82
1141 711 67 79
1143 709 66 78
1144 708 68 80
1143 707 70 83
1142 707 71 84
1140 706 73 87
1141 704 73 87
1137 706 74 88
1140 705 75 89
1134 707 74 88
1140 707 74 88
1135 710 74 88
1138 709 75 89
1134 712 73 87
1140 708 73 87
1138 713 71 84
1141 713 69 81
1143 714 69 81
1145 717 69 81
1143 717 69 81
1140 721 66 78
1140 722 65 77
1137 720 66 78
1135 720 67 79
1131 721 67 79
1137 721 67 79
1132 721 67 79
1135 720 67 78
1129 720 68 80
1135 719 68 79
1130 722 67 78
1134 721 68 79
1130 723 66 77
1136 721 67 78
1132 725 64 74
1135 724 65 75
1132 725 64 73
1134 724 66 75
1131 725 65 73
1130 724 66 75
1132 722 67 76
1128 723 66 75
1128 722 68 78
1125 720 70 80
1123 720 71 81
1123 718 71 81
1119 718 73 84
1118 716 76 88
1120 714 77 89
1121 712 78 90
1124 715 76 87
1125 715 74 85
1120 716 75 86
1123 714 74 85
1110 712 75 86
1103 711 78 89
1106 707 81 92
1109 705 84 95
1114 706 83 94
1118 707 82 93
1122 710 78 89
1124 714 75 85
1123 715 71 81
1122 717 70 80
1114 716 69 79
1111 718 69 79
1111 717 68 78
1113 713 70 81
1114 711 71 82
1117 710 72 83
1118 708 73 84
1114 708 75 86
1115 707 75 86
1110 706 75 86
1113 704 76 88
1115 705 76 88
1117 705 74 86
1119 707 72 84
1120 707 72 85
1120 707 72 85
1120 709 70 83
1123 711 69 82
1118 714 68 81
1111 714 66 79
1114 714 66 79
1117 712 67 80
1120 710 67 80
1120 708 69 83
1121 708 69 82
1122 709 70 83
1117 708 72 86
1110 708 74 89
1115 707 71 86
1119 707 69 84
1124 709 69 84
1128 709 67 82
1131 710 66 80
1133 711 65 79
1134 714 63 77
1130 714 62 76
1123 713 62 76
1121 715 62 75
1126 715 61 74
1129 714 60 73
1132 712 61 74
1132 711 63 76
1131 710 65 78
1130 707 67 80
1124 706 69 83
1120 703 71 86
1125 701 70 85
1131 701 69 84
1135 703 69 84
1136 705 67 82
1139 704 67 82
1140 707 66 80
1142 707 65 79
1142 709 62 75
1141 711 60 73
1135 711 60 73
1138 709 60 73
1139 708 62 75
1140 707 64 78
1139 706 66 80
1140 704 68 82
1140 703 70 84
1134 699 72 86
1134 698 74 89
1136 695 74 90
1140 697 72 88
1142 698 69 85
1146 701 67 83
1150 703 65 80
1153 705 63 77
1154 708 60 74
1162 708 60 74
1158 711 61 75
1152 709 61 75
1148 706 60 74
1148 705 62 77
1150 703 64 79
1152 701 67 82
1151 700 69 84
1148 697 72 87
1145 693 73 89
1143 690 75 91
1145 691 74 90
1149 693 73 89
1152 694 70 85
1155 698 68 82
1158 701 66 79
1161 702 66 79
1163 703 64 77
1164 704 63 75
1168 704 61 73
1165 707 59 71
1157 707 59 71
1153 706 60 73
1157 703 60 73
1160 702 63 76
1163 701 66 79
1162 699 67 81
1159 696 70 84
1156 694 71 85
1158 696 70 83
1160 695 69 82
1161 699 67 80
1164 700 67 79
1165 700 66 78
1168 702 64 76
1171 705 61 73
1174 708 58 70
1181 708 58 70
1178 706 59 71
1160 703 58 70
1162 705 59 70
1165 704 61 72
1165 703 63 74
1170 701 66 77
1168 699 69 80
1165 698 69 80
1161 697 70 81
1159 694 73 84
1161 691 74 86
1163 690 75 88
1165 693 72 85
1168 695 72 85
1170 696 69 82
1171 700 67 79
1173 702 65 76
1174 706 63 74
1181 705 63 74
1174 702 63 74
1166 704 63 74
1160 702 65 76
1160 702 65 76
1164 700 67 78
1165 699 70 81
1166 700 70 81
1167 702 68 78
1171 703 69 79
1173 704 67 77
1173 706 65 75
1175 707 65 75
1177 709 63 73
1176 711 61 71
1177 710 61 71
1175 711 60 70
1170 713 59 69
1163 711 59 69
1161 710 61 72
1162 709 63 74
1168 707 64 75
1172 707 66 78
1175 708 65 77
1177 709 63 75
1181 712 60 72
1183 712 59 71
1183 713 59 71
1181 714 58 70
1181 716 59 72
1183 713 60 73
1180 711 60 73
1178 713 59 72
1174 711 59 72
1174 710 61 74
1174 709 63 76
1173 709 63 76
1173 709 64 77
1171 708 65 78
1174 706 67 80
1177 705 68 81
1179 704 68 81
1181 707 67 80
1183 709 65 78
1185 712 63 76
1187 715 60 73
1193 714 58 71
1193 716 57 70
1191 716 58 71
1185 715 59 72
1179 714 60 74
1175 711 61 75
1177 710 62 77
1181 709 62 77
1185 707 63 79
1189 711 62 78
1193 712 60 76
1196 713 59 75
1197 713 58 74
1198 715 56 72
1199 714 57 73
1199 716 55 70
1201 716 54 69
1202 717 52 67
1204 719 50 65
1204 720 50 65
1202 720 50 65
1200 718 49 64
1199 716 51 66
1197 714 54 69
1199 712 55 70
1200 713 55 70
1202 712 56 71
1204 715 54 69
1205 714 56 71
1206 716 55 70
1207 717 54 68
1210 718 53 67
1210 719 52 65
1212 720 51 64
1197 715 51 64
1191 716 52 65
1188 715 54 67
1195 713 54 67
1198 713 56 70
1201 714 55 69
1206 714 54 68
1209 715 56 70
1210 717 54 68
1211 718 53 67
1211 719 52 65
1207 721 51 64
1210 719 53 66
1203 717 55 68
1202 714 58 71
1201 712 61 74
1200 711 62 75
1201 710 62 74
1201 710 64 77
1202 709 63 75
1204 710 64 76
1206 710 62 74
1208 712 60 72
1208 712 60 72
1206 712 60 72
1209 711 61 73
1208 710 61 73
1207 711 59 71
1207 710 59 71
1202 710 58 70
1200 708 60 72
1202 707 61 74
1204 707 60 73
1207 709 59 71
1210 711 57 69
1214 712 56 68
1217 713 54 65
1218 714 53 64
1219 715 52 63
1220 716 51 61
1221 716 49 59
1222 718 49 59
1220 717 48 57
1221 717 48 57
1217 717 47 56
1213 716 48 57
1215 714 50 59
1218 713 50 59
1219 712 52 62
1222 711 52 62
1222 712 52 62
1224 714 50 60
1225 715 50 60
1227 716 50 60
1227 717 49 58
1223 718 48 57
1221 717 49 58
1220 716 49 58
1222 715 50 59
1223 714 50 59
1223 713 52 62
1222 712 55 65
1223 710 57 68
1221 710 57 68
1221 711 58 69
1225 711 57 68
1227 713 55 66
1228 713 53 64
1227 715 52 62
1228 714 53 64
1227 714 53 64
1228 711 53 64
1228 711 53 63
1225 711 52 62
1223 711 54 64
1223 709 56 67
1223 705 58 70
1221 704 59 72
1221 702 60 73
1221 701 60 73
1222 701 61 74
1220 701 61 74
1219 700 64 77
1219 698 65 78
1220 698 66 79
1222 697 65 78
1222 698 67 81
1223 697 65 79
1225 700 64 77
1228 702 62 74
1230 702 61 73
1231 701 60 72
1232 701 61 73
1233 700 61 72
1230 700 62 73
1229 699 62 73
1225 696 63 74
1221 696 65 76
1222 696 65 76
1225 697 63 74
1226 697 62 73
1227 696 61 71
1229 698 62 72
1231 696 62 72
1231 696 63 73
1230 694 64 74
1227 692 66 77
1225 691 67 78
1225 691 65 76
1229 694 64 75
1230 694 62 73
1234 695 61 72
1234 696 62 73
1232 694 61 72
1232 696 62 73
1237 695 62 73
1236 693 61 72
1237 698 61 72
1236 698 59 70
1238 699 58 69
1237 700 57 68
1236 701 56 67
1240 699 55 66
1237 701 57 68
1239 700 56 67
1241 699 57 68
1241 699 59 70
1243 699 61 72
1244 699 62 73
1245 701 62 73
1247 702 60 71
1247 703 59 70
1247 704 59 70
1249 704 59 70
1250 705 58 68
1252 707 56 66
1252 706 54 64
1255 707 53 63
1256 707 52 62
1254 707 50 60
1260 709 49 59
1257 708 48 57
1258 709 48 58
1259 709 49 59
1258 709 50 60
1256 709 51 61
1257 707 52 62
1259 708 53 63
1256 708 52 62
1252 707 54 64
1250 706 53 63
1247 705 52 62
1250 707 51 61
1251 707 50 60
1254 709 49 59
1255 709 50 60
1258 709 50 60
1258 710 50 60
1259 711 51 61
1260 709 50 60
1259 709 52 62
1255 708 53 63
1256 708 52 62
1258 709 53 63
1261 709 51 61
1262 711 51 61
1263 710 50 60
1264 713 50 60
1265 712 49 59
1266 714 49 59
1267 714 48 58
1266 713 49 59
1264 713 50 61
1263 710 52 63
1263 710 53 64
1264 709 52 63
1265 709 53 64
1264 711 53 64
1266 710 52 63
1267 712 52 63
1269 710 51 62
1267 713 52 64
1268 711 51 63
1268 710 50 62
1269 714 51 63
1269 709 51 63
1269 712 52 65
1270 709 51 64
1271 711 50 62
1272 711 49 60
1272 713 48 59
1274 713 47 58
1275 715 47 57
1276 716 46 56
1277 715 45 55
1276 717 45 55
1278 714 46 57
1276 713 47 58
1278 714 48 59
1279 712 47 58
1280 715 47 58
1280 715 47 58
1279 716 47 58
1278 714 46 57
1281 714 45 56
1282 717 44 54
1282 716 43 53
1283 716 42 52
1286 718 41 51
1286 718 40 49
1286 721 40 49
1287 720 39 48
1285 719 39 49
1285 717 40 50
1284 716 40 50
1283 717 41 51
1282 715 42 53
1283 715 44 55
1281 712 46 57
1280 711 46 57
1278 711 48 59
1279 712 48 59
1279 711 49 60
1279 713 50 61
1282 714 49 60
1283 714 48 58
1285 715 47 57
1284 714 46 56
1285 715 46 56
1284 715 46 56
1287 715 46 56
1286 715 46 56
1286 712 46 56
1284 715 46 56
1284 715 44 54
1285 717 43 53
1286 717 43 52
1286 718 43 52
1285 717 43 52
1286 717 44 53
1286 717 45 54
1283 716 46 56
1284 717 46 56
1285 716 47 57
1283 714 48 58
1285 717 49 59
1283 714 50 61
1282 713 52 63
1281 716 52 63
1281 715 52 63
1281 713 51 62
1281 717 50 61
1281 715 49 60
1281 716 47 58
1282 716 45 56
1282 717 44 54
1283 718 42 52
1284 719 42 52
1284 718 42 52
1283 718 42 52
1283 716 42 52
1281 715 41 51
1279 713 41 51
1279 712 40 50
1278 712 41 52
1276 707 42 54
1275 705 42 54
1275 703 42 54
1273 703 42 54
1273 700 41 53
1273 700 41 53
1270 699 41 53
1270 697 41 54
1270 694 41 54
1268 691 41 54
1267 690 40 53
1268 690 41 54
1264 687 40 53
1263 684 41 54
1260 682 41 54
1258 680 42 55
1256 677 43 56
1254 675 43 56
1255 673 42 55
1253 673 41 54
1252 672 40 53
1252 671 39 52
1250 670 39 52
1248 668 39 53
1247 665 39 53
1245 664 40 54
1241 662 41 55
1238 659 42 57
1237 655 42 57
1235 657 43 58
1232 654 43 58
1231 652 43 58
1229 647 44 59
1227 645 44 59
1226 643 44 59
1223 641 44 59
1222 641 44 58
1221 638 44 57
1220 638 43 56
1217 635 43 57
1216 635 42 55
1215 633 41 54
1211 633 42 55
1211 630 42 55
1210 629 40 53
1208 629 39 52
1207 629 38 51
1205 627 38 51
1204 627 37 50
1203 627 36 49
1203 625 36 48
1200 625 35 47
1198 623 35 47
1197 622 35 47
1195 621 36 48
1194 619 36 48
1193 618 35 47
1192 617 34 46
1192 616 33 45
1190 615 33 45
1188 613 34 46
1186 611 34 46
1185 610 34 46
1183 610 33 45
1182 610 33 44
1181 609 33 43
1179 609 32 42
1178 608 33 43
1177 607 32 42
1176 608 31 41
1175 607 30 40
1174 607 29 39
1172 607 29 39
1172 606 29 39
1171 605 28 38
1170 605 27 37
