1332 626 110 228
1332 626 110 229
1332 626 110 230
1333 627 109 228
1332 625 111 233
1334 627 109 229
1333 626 110 232
1336 628 108 228
1334 625 111 234
1337 626 109 229
1335 625 111 233
1336 626 110 231
1337 626 110 231
1336 625 111 234
1336 624 111 234
1335 624 112 236
1337 625 111 234
1336 626 111 235
1335 624 113 240
1335 626 112 237
1338 627 111 234
1337 627 112 236
1338 630 111 234
1338 631 111 234
1338 630 111 235
1338 627 111 234
1339 628 109 230
1340 627 109 230
1339 626 109 231
1340 623 110 234
1340 624 110 233
1342 624 110 232
1341 624 111 233
1341 624 111 232
1340 624 112 233
1342 624 112 232
1341 625 112 232
1342 624 112 233
1343 625 111 231
1342 626 111 230
1343 625 112 232
1344 626 111 230
1342 624 113 235
1343 625 112 234
1345 626 111 233
1345 626 112 235
1346 627 112 235
1348 628 111 232
1347 628 112 234
1349 629 111 232
1348 628 112 234
1350 627 112 234
1349 624 113 236
1349 628 112 233
1351 630 111 232
1350 630 110 231
1351 630 109 229
1350 630 110 231
1351 632 109 228
1351 633 108 226
1353 634 108 225
1352 634 108 225
1353 634 107 224
1351 634 108 226
1353 636 107 223
1352 637 107 222
1352 639 107 221
1352 640 107 221
1353 640 107 221
1354 641 106 219
1356 642 105 218
1355 640 106 220
1355 639 107 222
1354 639 107 221
1353 638 108 222
1353 637 109 225
1352 637 110 227
1354 637 110 226
1354 639 109 223
1353 639 109 224
1354 638 110 226
1353 639 110 226
1355 636 111 229
1356 641 108 224
1357 643 106 220
1359 644 105 218
1358 646 104 217
1361 640 105 220
1359 639 107 224
1358 638 107 225
1358 638 106 224
1358 637 107 226
1356 634 110 232
1356 630 112 236
1354 624 115 242
1350 619 118 247
1348 618 121 253
1344 618 124 258
1342 615 127 264
1338 617 131 271
1333 602 134 277
1335 601 137 284
1333 607 138 287
1332 594 139 290
1332 597 137 286
1334 596 136 285
1335 591 135 283
1336 587 135 282
1337 591 134 281
1341 585 132 277
1342 600 133 278
1342 596 131 275
1343 589 131 275
1343 598 130 272
1344 593 129 270
1346 597 129 269
1347 597 127 264
1347 599 127 264
1348 600 126 263
1349 598 126 262
1350 597 127 264
1350 597 127 264
1350 593 127 263
1352 601 126 260
1355 598 124 255
1356 611 122 251
1358 612 119 244
1357 613 119 243
1358 614 117 240
1359 619 116 239
1359 618 115 237
1360 622 115 237
1360 629 113 233
1362 635 111 229
1363 635 109 225
1366 642 107 222
1366 638 106 220
1368 637 107 222
1366 640 108 224
1365 628 107 223
1366 621 105 220
1367 618 108 226
1366 617 111 232
1364 615 112 233
1366 607 112 232
1367 610 112 233
1367 608 114 238
1368 604 115 239
1367 606 115 240
1367 601 115 241
1366 600 117 245
1366 594 119 249
1365 594 121 253
1367 594 120 250
1366 600 122 254
1365 590 122 253
1364 602 124 256
1365 595 122 252
1365 606 123 254
1364 602 122 251
1363 603 123 253
1363 601 122 250
1361 609 125 256
1361 609 124 254
1361 613 123 252
1359 614 122 250
1358 611 123 251
1358 612 123 250
1357 612 123 250
1357 610 125 254
1355 608 126 257
1356 605 125 256
1352 592 127 259
1353 609 127 259
1353 600 125 255
1352 597 125 255
1352 604 125 255
1353 599 123 251
1352 607 123 252
1353 601 123 251
1353 604 122 248
1353 608 123 249
1354 601 122 247
1352 610 124 250
1353 603 123 248
1352 611 124 250
1353 603 124 249
1352 610 125 251
1353 603 123 248
1352 615 123 249
1353 608 121 245
1352 612 123 249
1352 605 123 249
1350 612 125 254
1351 604 124 252
1350 612 125 255
1351 603 125 254
1349 611 127 258
1351 600 126 256
1349 608 127 258
1349 597 127 258
1347 609 129 261
1349 598 128 259
1348 610 128 259
1348 600 127 258
1346 610 129 262
1346 599 129 261
1344 613 130 263
1346 600 132 267
1346 613 129 261
1346 605 130 263
1347 611 129 261
1349 612 126 255
1350 612 128 259
1351 614 126 254
1350 617 127 256
1351 619 126 254
1353 621 124 250
1352 623 124 250
1352 624 124 250
1353 625 123 248
1353 625 123 249
1354 622 123 250
1352 616 126 256
1350 612 129 262
1350 615 128 260
1350 610 129 263
1349 615 129 263
1350 610 129 263
1349 612 131 268
1348 606 132 269
1346 613 134 272
1348 607 132 269
1344 615 136 276
1343 605 137 279
1341 606 137 280
1342 606 136 279
1343 607 136 280
1343 606 136 279
1342 611 138 282
1342 609 136 279
1344 616 135 278
1346 616 132 272
1347 621 131 270
1350 624 128 263
1351 629 128 263
1353 632 127 261
1354 638 126 259
1353 638 125 258
1351 637 127 263
1351 637 127 264
1350 637 129 267
1349 638 129 267
1348 638 130 269
1347 639 133 275
1347 635 131 270
1346 640 133 275
1344 635 131 272
1344 641 135 280
1343 629 134 278
1340 638 138 287
1338 627 138 287
1338 636 142 295
1338 623 140 291
1337 632 143 297
1334 619 144 298
1334 634 144 299
1336 616 144 298
1335 631 144 299
1340 619 141 293
1337 620 141 294
1335 629 143 297
1335 610 143 297
1339 619 140 291
1339 615 140 290
1341 623 137 283
1344 616 134 277
1343 630 137 284
1344 613 137 284
1341 622 141 292
1343 607 141 291
1343 620 143 296
1344 609 142 294
1344 615 142 294
1346 613 139 288
1345 618 140 291
1348 611 137 285
1345 619 141 293
1349 611 138 287
1346 616 141 294
1347 614 138 289
1346 614 141 295
1346 610 141 295
1344 615 142 298
1348 608 140 293
1347 616 141 295
1349 616 138 290
1349 623 138 290
1351 618 136 286
1348 626 140 294
1350 617 140 294
1348 622 142 299
1347 616 143 301
1345 611 143 302
1344 619 145 307
1344 611 145 306
1343 617 146 308
1344 611 146 308
1342 616 147 311
1342 610 148 314
1342 610 148 315
1342 611 148 315
1342 614 149 316
1339 621 152 322
1338 611 153 323
1336 619 154 325
1336 613 154 326
1337 615 154 326
1338 623 153 324
1337 623 153 325
1338 622 153 325
1335 626 154 328
1335 619 154 328
1336 620 155 329
1334 628 155 330
1333 622 156 332
1332 626 156 332
1332 620 156 331
1332 622 155 329
1330 618 156 330
1332 621 155 328
1330 619 155 328
1331 620 154 326
1333 618 152 321
1334 616 152 321
1334 620 153 324
1334 616 152 322
1334 625 153 324
1331 611 153 324
1333 610 155 327
1331 611 156 330
1330 611 157 332
1328 611 158 333
1329 610 158 332
1329 609 159 334
1329 604 160 336
1329 595 161 338
1329 600 162 339
1329 606 162 339
1330 604 160 335
1330 605 161 337
1329 602 162 339
1329 604 164 342
1329 603 164 343
1329 597 164 344
1328 596 165 345
1327 596 165 344
1329 588 167 348
1327 592 167 348
1328 589 167 348
1329 589 166 346
1330 588 166 347
1329 586 167 350
1327 580 169 354
1328 573 172 361
1326 572 175 367
1328 566 174 366
1326 574 176 371
1330 559 175 369
1325 568 177 372
1325 564 176 370
1323 563 179 377
1325 557 178 375
1327 562 178 376
1326 562 179 379
1327 561 178 376
1326 562 181 383
1327 556 180 380
1328 561 183 386
1326 551 184 388
1329 555 184 387
1325 548 186 392
1328 556 185 391
1324 548 187 395
1327 553 187 395
1321 544 189 399
1326 557 185 390
1323 546 187 395
1321 558 186 392
1326 548 186 391
1321 559 188 395
1327 544 188 394
1322 561 191 400
1323 543 191 401
1322 559 190 400
1324 543 190 399
1321 558 191 401
1323 541 192 403
1322 558 191 402
1321 541 191 402
1320 559 191 401
1322 548 191 401
1321 547 192 403
1323 558 191 402
1322 545 189 399
1321 560 188 396
1321 555 186 393
1324 565 184 389
1320 557 184 388
1323 570 181 383
1324 564 180 380
1321 571 181 381
1322 570 179 378
1320 568 180 380
1320 574 179 378
1321 573 178 375
1320 575 178 375
1321 570 179 377
1319 572 180 378
1319 572 180 378
1319 574 180 377
1319 571 181 379
1319 578 180 376
1319 574 180 377
1320 579 179 375
1319 576 179 375
1319 580 178 372
1320 580 177 369
1320 585 177 368
1320 577 178 371
1322 587 175 365
1320 580 177 368
1321 589 174 363
1320 585 174 364
1320 586 175 367
1321 584 174 365
1322 586 172 361
1323 589 170 357
1323 591 170 356
1323 593 169 354
1323 594 169 354
1322 595 169 355
1323 594 168 354
1322 592 170 359
1323 594 169 357
1323 596 168 355
1323 593 169 357
1323 595 168 355
1323 595 168 356
1324 596 168 355
1323 595 168 355
1324 595 168 356
1323 595 169 358
1322 594 170 360
1323 594 170 360
1322 592 172 364
1322 587 174 369
1321 586 176 373
1320 584 177 375
1319 583 178 377
1318 582 179 379
1316 580 180 381
1315 576 181 384
1313 575 183 389
1311 571 185 393
1312 577 184 391
1310 573 185 393
1311 580 183 390
1309 574 185 393
1312 580 183 388
1311 580 183 389
1309 577 184 390
1311 580 181 384
1311 581 179 380
1312 589 178 378
1310 585 179 381
1310 585 179 380
1310 589 179 380
1309 585 179 379
1310 586 180 381
1310 584 179 379
1310 586 180 381
1309 583 181 382
1310 586 181 382
1309 584 181 382
1308 589 182 384
1307 583 181 382
1309 590 180 381
1307 583 181 383
1308 588 181 384
1308 584 180 382
1310 589 181 384
1308 586 181 385
1308 581 181 386
1310 590 180 384
1308 585 180 385
1309 588 182 388
1305 581 184 392
1307 584 182 389
1307 584 182 389
1308 587 181 388
1306 584 182 390
1307 586 182 390
1306 584 183 392
1305 585 183 392
1304 581 183 393
1306 586 183 393
1304 581 185 397
1303 580 185 396
1305 584 185 396
1303 585 186 399
1301 576 186 400
1304 584 184 396
1304 580 186 400
1304 576 187 403
1304 577 189 406
1301 582 190 409
1299 570 191 411
1302 576 186 401
1305 582 186 400
1305 576 188 405
1306 581 187 403
1304 577 189 407
1302 582 188 405
1301 573 190 410
1303 580 189 409
1302 574 190 411
1303 581 189 409
1302 576 191 413
1301 580 188 407
1302 581 190 411
1302 573 191 414
1304 583 188 408
1303 579 190 412
1302 582 191 413
1302 575 192 415
1304 587 189 409
1303 572 192 416
1306 584 189 410
1302 580 190 413
1303 580 191 415
1302 580 191 415
1302 579 192 416
1303 582 192 415
1302 577 193 416
1304 580 192 413
1303 578 193 416
1302 577 194 418
1304 579 193 416
1301 577 195 420
1301 576 196 422
1301 576 197 423
1299 575 198 425
1299 574 198 425
1301 575 198 424
1300 575 199 426
1299 576 200 428
1301 572 200 428
1297 574 201 430
1299 570 201 430
1297 571 202 431
1298 567 202 431
1298 569 203 433
1295 565 203 434
1296 566 204 436
1296 562 204 436
1295 565 205 438
1295 558 205 438
1293 560 206 440
1292 556 206 440
1293 558 207 442
1291 551 208 443
1292 554 209 445
1290 546 210 447
1288 546 211 450
1284 546 212 453
1280 540 213 455
1279 538 211 451
1282 537 208 444
1281 542 211 449
1283 536 212 451
1282 533 212 451
1281 527 213 453
1278 522 216 459
1276 513 217 461
1276 515 217 461
1276 511 217 461
1279 518 217 461
1276 509 219 466
1275 506 221 470
1274 500 223 473
1273 495 223 474
1273 493 222 472
1269 494 222 472
1268 485 223 474
1267 485 225 479
1268 477 224 477
1267 482 225 478
1267 478 224 476
1266 483 225 479
1267 473 224 476
1267 480 224 476
1266 470 223 475
1266 481 224 478
1266 463 224 478
1265 479 226 482
1264 456 228 485
1262 472 229 487
1261 448 231 491
1260 469 230 490
1258 451 232 494
1258 461 232 493
1257 443 232 494
1260 472 229 487
1259 445 232 493
1258 472 231 490
1259 446 232 492
1256 464 231 491
1255 447 233 496
1254 452 234 497
1253 448 234 497
1253 456 234 497
1253 448 235 499
1253 452 235 498
1253 445 235 497
1251 450 235 497
1250 452 236 499
1248 448 239 505
1246 438 243 513
1248 435 241 508
