654,356,29,36
654,356,29,36
654,356,29,36
654,357,29,36
654,357,29,36
654,358,29,36
654,358,29,36
654,359,29,36
654,359,29,36
654,360,29,36
654,360,29,36
654,360,29,36
654,361,29,36
654,361,29,36
654,362,29,36
654,362,29,36
654,363,29,36
654,363,29,36
654,364,29,36
654,363,29,36
654,363,29,36
654,363,29,36
654,363,29,36
654,363,29,36
654,363,29,36
654,363,29,36
654,363,29,36
655,363,29,36
655,363,29,36
655,363,29,36
655,363,29,36
655,363,29,36
655,363,29,36
655,363,29,36
655,363,29,36
655,363,29,36
655,363,29,36
655,363,29,36
655,363,29,36
655,363,29,36
655,363,29,36
655,363,29,36
655,363,29,36
655,363,29,36
655,363,29,36
655,363,29,36
655,363,29,36
655,363,29,36
655,363,29,36
655,363,29,36
655,363,29,36
655,363,29,36
655,363,29,36
655,363,29,36
655,363,29,36
655,363,29,36
655,363,29,36
655,363,29,36
655,363,29,36
655,363,29,36
655,363,29,36
655,363,29,36
655,363,29,36
655,363,29,36
656,363,29,36
655,363,29,36
655,363,29,36
655,363,29,36
654,363,29,36
654,363,29,36
654,363,29,36
653,363,29,36
653,363,29,36
653,363,29,36
653,363,29,36
653,363,29,35
653,363,29,35
653,364,29,34
653,364,29,34
653,364,29,34
654,365,28,33
654,365,28,33
654,365,28,33
654,366,29,32
654,366,29,32
654,366,29,32
655,367,28,31
655,367,28,31
655,367,28,31
655,368,28,30
655,368,28,30
656,369,28,29
655,369,28,29
655,369,28,29
655,369,28,29
655,369,28,29
655,369,28,29
655,369,28,29
655,369,28,29
654,369,28,29
654,369,28,29
654,369,28,29
654,369,28,29
654,369,28,29
654,369,28,29
654,369,28,29
654,369,28,29
654,369,28,29
654,369,28,29
654,369,28,29
654,369,28,29
654,369,28,29
654,369,28,29
654,369,28,29
654,369,28,29
654,369,28,29
654,369,28,29
654,369,28,29
654,369,28,29
654,369,28,29
654,370,28,29
654,370,28,29
654,370,28,29
654,370,28,29
654,370,28,29
654,370,28,29
654,370,28,29
654,370,28,29
654,370,28,29
654,370,28,29
654,370,28,29
654,370,28,29
654,370,28,29
654,370,28,29
654,371,28,29
654,371,28,29
654,371,28,29
654,371,28,29
654,371,28,29
654,371,28,29
654,371,28,29
654,371,28,29
654,371,28,29
654,371,28,29
654,371,28,29
654,371,28,29
654,371,28,29
654,371,28,29
654,371,28,29
654,372,28,29
654,372,28,29
654,372,28,29
654,372,28,29
654,372,28,29
654,372,28,29
654,372,28,29
654,372,28,29
654,372,28,29
654,372,28,29
654,372,28,29
654,372,28,29
654,372,28,29
654,372,28,29
654,373,28,29
654,373,27,29
654,373,27,29
654,373,27,29
654,373,27,29
654,373,27,29
654,373,27,29
654,373,27,29
654,373,27,29
655,374,26,28
655,374,26,28
655,374,26,28
655,374,26,28
655,374,26,28
655,374,26,28
655,374,26,28
655,374,26,28
656,375,25,28
655,375,25,28
655,375,25,28
655,375,25,28
655,375,25,28
654,375,25,28
654,375,25,28
654,376,25,28
654,376,25,28
654,376,25,28
653,376,25,28
653,376,25,28
653,376,25,28
653,377,25,28
653,377,25,28
652,377,25,28
652,377,25,28
652,377,25,28
652,377,25,28
652,378,25,28
652,377,25,28
652,377,25,28
652,377,25,28
652,377,25,28
652,377,25,28
652,377,25,28
652,377,25,28
653,377,25,28
653,377,25,28
653,377,25,28
653,377,25,28
653,377,25,28
653,377,25,28
653,377,25,28
654,377,25,28
654,377,25,28
654,377,25,28
654,377,25,28
654,377,25,28
654,377,25,28
654,377,25,28
654,377,25,28
655,376,25,28
655,376,25,28
655,376,25,28
655,376,25,28
655,376,25,28
655,376,25,28
655,376,25,28
656,376,25,28
656,376,25,28
656,376,25,28
656,376,25,28
656,376,25,28
656,376,25,28
656,376,25,28
656,376,25,28
657,376,25,28
657,376,25,28
657,376,25,28
657,376,25,28
657,376,25,28
657,376,25,28
657,376,25,28
658,376,25,28
658,376,25,28
659,376,25,28
660,376,25,28
660,376,25,28
661,376,25,28
662,376,25,28
662,376,25,28
663,376,25,28
664,376,25,28
664,376,25,28
665,376,25,28
666,376,25,28
666,375,25,28
667,375,25,28
667,375,25,28
668,375,25,28
669,375,25,28
669,375,25,28
670,375,25,28
670,375,25,28
671,375,25,28
672,375,25,28
672,375,25,28
673,375,25,28
673,375,25,28
674,376,25,28
675,376,25,28
675,376,25,28
676,377,25,28
676,377,25,28
677,377,25,28
678,378,25,28
678,378,25,28
678,378,25,28
678,379,25,28
678,379,25,28
678,379,25,28
678,380,25,28
678,380,25,28
678,381,25,28
678,381,25,28
678,382,25,28
678,382,25,28
678,383,25,28
678,383,25,28
678,384,25,28
679,385,25,28
678,385,25,29
677,385,26,30
677,385,26,31
676,385,27,32
676,385,27,33
675,385,28,34
675,385,28,35
675,385,28,35
675,385,28,35
674,385,28,35
673,386,29,35
673,387,29,34
672,387,30,35
672,388,29,35
671,389,30,34
671,389,30,35
670,390,31,34
670,391,30,34
669,391,31,35
669,392,31,34
668,393,32,34
668,394,32,34
667,394,32,34
667,394,32,35
667,395,32,35
667,395,32,35
667,395,32,36
667,396,32,36
667,396,32,37
667,396,32,37
667,397,32,37
667,397,32,38
667,397,31,38
667,398,31,38
667,398,31,39
667,398,31,40
667,399,31,39
667,399,31,40
666,399,32,41
666,400,32,40
666,400,32,41
666,400,32,42
666,401,32,42
666,401,31,42
666,401,31,43
666,402,31,43
666,402,31,43
666,402,31,44
666,403,31,44
666,403,31,45
666,403,31,45
666,404,31,45
666,404,31,46
666,405,31,46
665,405,32,46
665,405,32,47
665,406,32,47
665,406,33,48
665,407,33,48
665,407,33,49
665,407,34,50
665,408,34,50
665,408,34,51
665,409,34,51
665,409,35,52
665,409,35,53
665,410,35,53
665,410,36,53
665,411,36,53
665,411,36,54
665,411,37,55
665,412,37,55
665,412,37,56
665,413,37,56
665,413,38,57
665,413,38,58
665,414,38,58
665,414,39,59
665,415,39,59
665,415,39,60
665,416,40,60
664,416,40,61
663,417,41,61
663,417,41,62
662,418,42,62
662,418,42,63
661,419,43,63
660,419,43,64
660,420,43,64
659,420,44,65
659,421,44,65
658,421,45,66
658,422,45,67
657,423,45,67
656,423,46,68
656,424,46,68
655,424,47,69
655,425,47,69
654,425,48,70
653,426,48,70
653,426,48,71
652,427,49,71
652,427,49,72
651,428,50,72
651,429,50,73
651,426,50,73
651,423,50,73
652,420,50,73
652,417,50,73
653,414,50,73
653,412,50,73
654,409,50,73
654,406,50,73
654,403,50,73
655,400,50,73
655,398,50,73
656,395,50,73
656,392,50,73
657,389,50,73
657,386,50,73
657,384,50,73
658,381,50,73
658,378,50,73
659,375,50,73
659,372,50,73
660,370,50,73
660,366,50,73
660,363,50,73
660,359,50,74
660,356,50,73
660,353,50,73
661,349,50,74
661,346,50,73
661,342,50,74
661,339,50,74
661,336,50,73
662,332,50,74
662,329,50,74
662,326,50,73
662,322,50,74
662,319,50,74
663,315,50,74
663,312,50,74
663,309,50,74
663,305,50,74
663,302,50,74
664,299,50,74
663,295,50,74
662,291,50,74
661,288,50,74
660,284,50,74
659,281,50,74
658,277,50,74
657,274,50,74
656,270,50,74
655,267,50,74
654,263,50,74
653,260,50,74
652,256,50,74
651,253,50,74
650,249,50,74
649,246,50,74
648,242,50,74
647,239,50,74
646,235,50,74
646,232,50,74
644,227,50,74
642,223,50,74
640,219,50,74
639,215,50,74
637,210,50,74
635,206,50,74
633,202,50,74
632,198,50,74
630,193,50,74
628,189,50,74
626,185,50,74
625,181,50,74
623,176,50,74
621,172,50,74
619,168,50,74
618,164,50,74
618,162,49,73
618,160,49,73
618,159,49,72
618,157,49,72
618,155,48,72
618,154,48,71
618,152,48,71
619,150,47,71
619,149,46,70
619,147,46,70
619,145,46,70
619,144,46,69
619,142,45,69
619,140,45,69
620,139,44,68
620,137,44,67
620,135,44,67
620,134,43,66
620,132,43,66
620,130,43,66
620,129,43,65
620,127,42,65
621,125,41,65
621,124,41,64
621,122,41,64
621,120,40,64
621,119,40,63
621,117,40,63
621,115,40,63
622,114,39,62
622,112,39,62
622,110,39,62
622,108,39,62
622,107,39,62
622,105,39,62
622,103,39,62
622,102,39,62
622,100,39,62
623,98,39,62
623,97,39,62
623,95,39,62
623,93,39,62
623,92,39,62
623,90,39,62
623,88,39,62
623,86,39,62
623,85,39,62
624,83,39,62
624,81,39,62
624,80,39,62
624,78,39,62
624,76,39,62
624,75,39,62
624,73,39,62
624,71,39,62
625,70,39,62
625,68,39,62
625,67,39,61
625,65,39,61
625,64,39,60
625,62,39,60
626,61,38,60
626,60,38,59
626,58,38,59
626,57,38,58
626,55,38,58
627,54,37,58
627,53,37,57
627,51,37,57
627,50,37,56
627,48,37,56
627,47,37,55
628,46,36,55
628,44,36,55
628,43,36,54
628,41,36,54
628,40,36,53
629,39,35,53
629,37,35,53
629,36,35,52
629,34,35,52
629,33,35,51
630,32,34,51
630,30,33,51
630,29,33,51
630,28,33,50
630,27,33,50
630,26,33,50
630,25,33,49
630,24,33,49
630,22,33,49
630,21,33,49
630,20,33,49
630,19,33,48
630,18,33,48
630,17,33,47
630,16,33,47
630,15,33,47
630,13,33,47
630,12,33,47
630,11,33,46
630,10,33,46
630,9,33,46
630,8,33,45
630,7,33,45
631,6,32,45
631,5,32,44
631,5,32,43
631,4,32,42
631,4,32,41
631,3,32,40
631,3,32,39
631,2,32,38
631,2,32,37
631,1,32,36
631,1,32,35
631,1,32,34
631,1,32,33
632,1,32,32
631,1,32,30
631,1,32,29
631,1,32,28
630,1,32,26
630,1,32,25
630,1,32,24
