943,555,21,66
940,554,22,66
938,554,22,66
935,554,23,66
933,554,23,66
930,554,24,66
928,554,25,66
925,554,26,66
923,554,26,66
921,554,26,65
918,554,27,65
916,554,28,65
913,554,29,65
911,554,29,65
908,554,30,65
906,554,30,65
904,554,31,65
901,553,31,66
899,553,31,66
896,553,31,66
894,553,31,66
892,553,30,66
889,553,31,66
887,553,30,66
885,553,30,66
882,553,30,66
880,553,30,66
878,553,29,66
875,553,30,66
873,553,29,66
871,553,29,66
868,553,29,66
866,553,29,66
864,553,28,66
861,553,29,66
859,553,28,66
857,553,28,66
854,553,28,66
852,553,28,66
850,553,27,66
847,553,28,66
845,553,27,66
843,553,27,66
840,553,27,66
838,553,27,66
836,553,26,66
833,553,27,66
831,553,26,66
829,553,26,67
826,552,26,67
824,552,26,67
822,552,26,67
820,552,26,66
818,552,26,66
815,552,27,66
813,552,27,65
811,552,27,65
809,552,27,65
807,552,27,64
805,552,27,64
802,551,27,65
800,551,27,64
798,551,27,64
796,551,27,64
794,551,27,63
791,551,28,63
789,551,28,63
787,551,28,62
785,551,28,62
783,551,28,62
781,551,28,62
778,550,29,62
776,550,29,62
774,550,29,62
772,549,29,63
770,549,29,63
768,549,29,62
766,548,29,63
763,548,30,63
761,548,30,63
759,548,30,63
757,547,30,63
755,547,30,63
753,547,30,63
751,546,30,64
749,546,30,64
746,546,31,63
744,545,31,64
742,545,31,64
740,545,31,64
738,545,31,64
736,544,31,64
734,544,31,64
731,544,32,64
729,543,32,65
727,543,32,65
725,543,32,64
723,542,32,65
721,542,32,65
719,542,32,65
717,542,32,65
714,541,32,65
712,541,32,65
710,541,32,65
707,541,32,65
705,540,32,65
703,540,32,65
701,540,32,65
698,540,32,65
696,539,32,65
694,539,32,65
692,539,32,65
689,539,32,65
687,538,32,65
685,538,32,65
682,538,32,65
680,538,32,65
678,537,32,65
676,537,32,65
673,537,32,65
671,537,32,65
669,536,32,65
667,536,32,65
664,536,32,65
662,536,32,65
660,535,32,65
657,535,32,65
655,535,32,65
653,535,32,65
651,534,32,65
648,534,32,65
646,534,32,65
644,534,32,65
642,534,32,65
639,534,32,65
637,534,32,65
635,535,32,65
633,535,32,65
631,536,32,65
629,536,32,65
626,536,32,65
624,537,32,65
622,537,32,65
620,538,32,65
618,538,32,65
616,538,32,65
614,539,32,65
611,539,32,65
609,540,32,65
607,540,32,65
605,540,32,65
603,541,32,65
601,541,32,65
599,542,32,65
596,542,32,65
594,542,32,65
592,542,32,65
590,543,32,64
588,543,32,64
586,543,32,64
584,544,31,64
582,544,31,64
580,544,31,64
577,544,32,64
575,545,32,63
573,545,32,63
571,545,32,63
569,546,31,63
567,546,31,63
565,546,31,63
563,547,31,62
561,547,31,62
558,547,32,62
556,547,32,62
554,548,31,62
552,548,31,62
550,548,31,62
548,549,31,61
546,549,31,61
544,549,31,61
542,550,31,61
539,549,32,62
537,549,32,62
535,549,32,62
533,549,32,62
531,549,32,62
529,549,32,62
527,549,32,62
525,549,32,62
523,549,32,62
521,549,32,62
519,549,32,62
517,549,32,62
515,549,32,62
513,548,32,64
511,548,32,64
509,548,32,64
507,548,32,64
505,548,32,64
503,548,32,64
501,548,32,64
499,548,32,64
497,548,32,64
495,548,32,64
493,548,32,64
491,548,32,64
489,548,32,64
487,548,32,65
485,547,32,65
483,547,32,65
481,547,32,65
479,547,32,65
477,546,32,65
476,546,32,65
474,546,32,65
472,546,32,65
470,545,32,65
468,545,32,65
466,545,32,65
465,545,32,65
463,544,32,65
461,543,32,65
460,543,31,65
458,542,32,65
457,542,31,65
455,541,31,65
454,541,30,65
452,540,31,65
451,540,30,65
449,539,30,65
448,539,30,65
446,538,30,65
444,537,30,65
443,537,29,65
441,536,30,65
440,536,29,65
438,535,29,65
437,535,28,65
435,534,29,65
434,534,28,65
432,533,28,65
431,533,28,65
429,532,28,65
427,531,28,65
426,531,27,65
424,530,28,65
423,530,27,65
421,529,27,65
420,529,26,65
418,528,27,65
417,528,26,65
415,527,26,65
414,527,26,65
413,526,26,65
412,526,26,65
411,525,26,65
410,525,26,65
409,525,26,65
408,524,27,65
407,524,27,65
406,524,27,65
405,523,27,65
404,523,27,65
404,522,27,65
403,522,27,65
402,522,27,65
401,521,27,65
400,521,27,65
399,521,28,65
398,520,28,65
397,520,28,65
396,519,28,65
395,519,28,65
394,519,28,65
394,518,28,65
393,518,28,65
392,518,28,65
391,517,28,65
390,517,28,65
389,516,29,65
388,516,29,65
387,516,29,65
386,515,29,65
385,515,29,65
385,515,29,65
384,514,29,65
384,514,29,65
383,514,29,65
383,514,29,65
382,513,29,65
382,513,29,65
381,513,29,65
381,513,29,65
381,512,29,65
380,512,29,65
380,512,29,65
379,512,29,65
379,511,29,65
378,511,29,65
378,511,29,65
378,511,29,65
377,510,29,65
377,510,29,65
377,510,29,65
377,510,28,64
376,510,29,64
376,510,29,64
376,510,29,64
376,510,28,63
376,510,28,63
375,509,29,64
375,509,28,63
375,509,28,63
375,509,28,63
374,509,29,63
374,509,28,62
374,509,28,62
374,509,28,62
374,509,28,62
373,508,28,62
373,508,28,62
373,508,28,62
373,508,27,61
372,508,28,61
372,508,28,61
372,508,28,61
372,508,27,60
372,508,27,60
371,507,28,61
371,507,27,60
371,507,27,60
371,507,27,60
370,507,28,60
370,507,27,59
370,507,27,59
370,507,27,59
370,507,27,59
369,507,27,59
369,507,27,59
369,507,27,59
369,507,27,59
368,507,27,59
368,507,27,59
368,507,27,59
368,507,27,59
368,507,27,59
367,507,27,59
367,507,27,59
367,507,27,59
367,507,27,59
367,507,27,59
366,507,27,59
366,507,27,59
366,507,27,59
366,507,27,59
366,507,27,59
365,507,27,59
365,507,27,59
365,507,27,59
365,507,27,59
365,508,27,59
365,508,27,59
365,508,27,59
365,508,27,59
365,508,27,59
365,508,27,59
365,508,27,59
365,508,27,59
365,508,27,59
365,508,27,59
366,509,27,59
366,509,27,59
366,509,27,59
366,509,27,59
366,509,27,59
366,509,27,59
366,509,27,59
366,509,27,59
366,509,27,59
367,510,27,59
366,510,27,59
366,510,27,59
366,510,27,59
366,510,27,59
366,510,27,59
366,510,27,59
366,510,27,59
366,510,27,59
366,510,27,59
366,511,27,59
366,511,27,59
366,511,27,59
366,511,27,59
366,511,27,59
365,511,27,59
365,511,27,59
365,511,27,59
365,511,27,59
365,511,27,59
365,512,27,59
365,512,27,59
365,512,27,59
365,512,27,59
365,512,27,59
365,512,27,59
365,512,27,59
365,512,27,59
365,512,27,59
365,513,27,59
365,512,27,59
365,512,27,59
365,512,27,59
365,512,27,59
365,512,27,59
365,511,27,59
365,511,27,59
366,511,27,59
366,511,27,59
366,511,27,59
366,510,27,59
366,510,27,59
366,510,27,59
366,510,27,59
366,510,27,59
367,510,27,59
367,510,27,59
367,510,27,59
367,510,27,59
368,510,27,59
368,510,27,59
368,510,27,59
369,511,27,59
368,511,27,59
367,511,27,59
367,511,27,59
366,511,27,59
366,512,27,59
356,512,27,59
347,512,27,59
337,512,27,59
328,512,27,59
319,513,27,59
318,513,27,59
318,514,27,59
318,515,27,59
318,516,27,59
317,516,27,59
317,517,27,59
317,518,27,59
317,519,27,59
310,519,27,59
304,519,27,59
298,519,27,59
292,519,27,59
286,520,27,59
285,521,27,59
285,522,27,59
285,523,27,59
285,525,27,59
282,524,27,59
280,524,27,59
277,524,27,59
275,524,27,59
273,524,27,59
272,524,27,59
271,525,27,59
270,525,27,59
269,526,27,59
268,526,27,59
267,527,27,59
266,527,27,59
265,528,27,59
264,527,27,59
264,527,27,59
264,527,27,59
263,527,27,59
263,527,27,59
263,527,27,59
262,527,27,59
262,527,27,59
262,528,27,59
262,528,27,59
262,528,27,59
262,529,27,59
262,529,27,59
261,529,27,59
261,530,27,59
261,530,27,59
261,530,27,59
261,531,27,59
261,531,27,59
261,531,27,59
261,532,27,59
261,532,27,59
261,532,27,59
261,532,27,59
261,532,27,59
261,532,27,59
261,532,27,59
261,532,27,59
261,532,27,59
261,533,27,59
261,533,27,59
261,533,27,59
262,533,27,59
262,533,27,59
262,533,27,59
262,533,27,59
262,533,27,59
262,533,27,59
262,534,27,59
262,534,27,59
262,534,27,59
262,534,27,59
262,534,27,59
262,534,27,59
263,534,27,59
263,534,27,59
263,534,27,59
263,535,27,59
263,535,27,59
263,535,27,59
263,535,27,59
263,535,27,59
263,535,27,59
263,535,27,59
263,535,27,59
263,535,27,59
264,536,27,59
264,536,27,59
264,536,27,59
264,536,27,59
264,536,27,59
264,536,27,59
264,536,27,59
264,536,27,59
264,536,27,59
264,537,27,59
264,537,27,59
264,537,27,59
265,537,27,59
265,537,27,59
265,537,27,59
265,537,27,59
265,537,27,59
265,537,27,59
265,538,27,59
265,538,27,59
265,538,27,59
265,538,27,59
265,538,27,59
265,538,27,59
266,538,27,59
266,538,27,59
266,538,27,59
266,539,27,59
266,539,27,59
266,539,27,59
266,539,27,59
266,539,27,59
266,539,27,59
266,539,27,59
266,539,27,59
267,540,27,59
266,539,27,59
266,539,27,59
266,539,27,59
266,539,27,59
265,539,27,59
265,539,27,59
265,538,27,59
265,538,27,59
265,538,27,59
264,538,27,59
264,538,27,59
264,538,27,59
264,537,27,59
263,537,27,59
263,537,27,59
263,537,27,59
263,537,27,59
263,537,27,59
262,536,27,59
262,536,27,59
262,536,27,59
262,536,27,59
262,536,27,59
261,536,27,59
261,535,27,59
261,535,27,59
261,535,27,59
260,535,27,59
260,535,27,59
260,535,27,59
260,534,27,59
260,534,27,59
259,534,27,59
259,534,27,59
259,534,27,59
259,534,27,59
259,534,27,59
259,533,27,59
259,533,27,59
259,532,27,59
259,532,27,59
259,531,27,60
259,531,27,59
259,531,27,59
259,530,27,60
259,530,27,59
259,529,27,60
259,529,27,60
259,528,27,60
259,528,27,60
259,528,27,60
259,527,27,60
259,527,27,60
259,526,27,60
259,526,27,60
259,525,28,61
259,525,28,60
259,525,28,60
259,524,28,61
259,524,28,60
259,523,28,61
259,523,28,61
259,522,28,61
259,522,28,61
259,522,28,61
259,521,28,61
259,521,28,61
259,520,28,61
259,520,28,61
259,519,28,62
259,519,28,61
259,519,28,61
259,518,28,62
259,518,28,61
259,517,29,62
259,517,29,62
259,516,29,62
259,516,29,62
259,516,29,62
259,515,29,62
259,515,29,62
259,514,29,62
259,514,29,62
259,513,29,63
259,513,29,62
259,513,29,62
259,512,29,63
259,512,29,62
259,511,29,63
259,511,29,63
259,510,29,63
259,510,29,63
259,510,30,63
258,509,30,63
258,509,30,63
258,509,30,63
258,509,30,63
258,509,30,63
258,509,30,63
258,509,30,63
257,509,30,63
257,509,30,63
257,509,30,63
257,509,30,63
257,509,30,63
257,509,30,63
257,509,30,63
256,509,30,63
256,509,30,63
256,509,30,63
256,508,30,63
256,508,30,63
256,508,30,63
256,508,30,63
255,508,30,63
255,508,30,63
255,508,30,63
255,508,30,63
255,508,30,63
255,508,30,63
255,508,30,63
255,508,30,63
254,508,30,63
254,508,30,63
254,508,30,63
254,508,30,63
254,508,30,63
254,507,30,63
254,507,30,63
253,507,30,63
253,507,30,63
253,507,30,63
253,507,30,63
253,507,30,63
253,507,30,63
253,507,30,63
252,507,30,63
252,507,30,63
252,507,30,63
252,507,30,63
252,507,30,63
252,507,30,63
252,507,30,63
252,507,30,63
252,506,30,63
252,506,30,63
252,506,30,63
252,505,30,63
252,505,30,63
252,505,30,63
252,504,30,63
252,504,30,63
252,504,30,63
252,504,30,63
252,503,30,63
252,503,30,63
252,503,30,63
252,502,30,63
252,502,30,63
253,502,30,63
253,501,30,63
253,501,30,63
253,501,30,63
253,501,30,63
253,500,30,63
253,500,30,63
253,500,30,63
253,499,30,63
253,499,30,63
253,499,30,63
253,498,30,63
253,498,30,63
253,498,30,63
253,498,30,63
253,497,30,63
254,497,30,63
254,497,30,63
254,496,30,63
254,496,30,63
254,496,30,63
254,495,30,63
254,495,30,63
254,495,30,63
254,495,30,63
254,494,30,63
254,494,30,63
254,494,30,63
254,493,30,63
254,493,30,63
254,493,30,63
255,493,30,63
255,492,30,64
255,492,30,64
255,492,30,64
255,492,30,64
255,492,30,64
255,492,30,64
255,492,30,64
255,492,30,64
255,492,30,64
255,492,30,64
255,492,30,64
255,492,30,64
255,492,30,64
256,492,29,64
256,491,29,65
256,491,29,65
256,491,29,65
256,491,29,65
256,491,29,65
256,491,29,65
256,491,29,65
256,491,29,65
256,491,29,65
256,491,29,65
256,491,29,65
256,491,29,65
256,491,29,65
257,491,29,65
256,490,29,65
256,490,29,65
256,490,29,65
255,490,29,65
255,490,29,65
255,490,29,65
255,490,29,65
254,490,29,64
254,490,29,64
254,490,29,64
253,489,30,65
253,489,29,65
253,489,29,65
253,489,29,65
252,489,30,64
252,489,29,64
252,489,29,64
251,489,30,64
251,489,30,64
251,489,29,64
251,489,29,64
250,488,30,64
250,488,30,64
250,488,29,64
250,488,29,64
249,488,30,64
249,488,30,64
249,488,29,64
248,488,30,63
248,488,30,63
248,488,30,63
248,488,29,63
247,487,30,64
247,487,30,64
247,487,30,64
246,487,30,63
246,487,30,63
246,487,30,63
246,487,30,63
245,487,30,63
245,487,30,63
245,487,30,63
245,487,30,63
244,487,31,63
244,487,31,63
244,487,31,63
244,487,31,64
244,488,31,63
244,488,31,63
244,488,31,64
244,488,31,64
244,488,31,64
244,489,31,63
244,489,31,64
244,489,31,64
244,489,31,64
244,489,31,65
244,490,31,64
244,490,31,64
244,490,31,64
244,490,31,65
244,490,31,65
244,491,31,64
244,491,31,65
244,491,31,65
244,491,31,65
244,492,31,65
243,492,31,65
243,492,31,65
242,493,32,65
242,493,31,65
241,494,32,64
241,494,32,65
240,495,32,64
240,495,32,64
240,496,32,64
240,496,32,64
240,496,32,64
241,497,32,64
241,497,32,64
241,497,32,64
242,498,32,64
242,498,32,64
242,499,32,63
243,499,32,64
243,499,32,64
244,500,31,64
244,500,32,64
244,501,32,63
245,501,31,64
245,501,32,64
245,502,32,63
246,502,31,64
246,503,32,63
247,503,31,64
247,503,31,64
247,504,32,63
248,504,31,64
248,505,31,63
248,505,32,63
249,505,31,64
249,506,31,63
249,506,32,63
250,507,31,63
250,507,31,63
251,507,31,64
251,508,31,63
251,508,31,63
252,509,31,63
252,509,31,63
252,509,31,63
253,510,31,63
253,510,31,63
254,511,31,63
254,511,31,63
254,511,31,63
254,511,31,63
254,512,31,63
254,512,30,63
254,512,30,63
254,512,30,63
254,512,30,63
254,512,30,64
254,512,30,64
254,513,30,63
254,513,30,63
254,513,30,64
254,513,30,64
254,513,30,64
254,513,30,64
254,513,30,65
254,514,30,64
254,514,30,64
254,514,30,64
254,514,30,64
255,514,29,65
255,514,29,65
255,514,29,65
255,515,29,64
255,515,29,65
255,515,29,65
255,515,29,65
255,515,29,65
255,515,29,66
255,515,29,66
255,516,29,65
255,516,29,65
255,516,29,65
255,516,29,66
255,516,29,66
255,516,29,66
255,516,29,66
256,517,27,66
256,517,27,66
256,517,27,66
256,517,27,66
256,517,27,67
256,517,27,67
256,517,27,67
256,518,27,66
256,518,27,66
256,518,27,67
256,518,27,67
256,518,27,67
256,518,27,67
256,518,27,68
256,519,27,67
256,519,27,67
256,519,27,67
257,519,26,68
257,519,26,68
257,519,26,68
257,519,26,68
257,520,26,67
257,520,26,68
257,520,26,68
257,520,26,68
257,520,26,68
257,520,26,69
257,520,26,69
257,521,26,68
257,521,26,68
257,521,26,69
257,521,26,69
257,521,26,69
257,521,26,69
258,522,25,69
258,522,25,69
258,522,25,69
258,522,25,69
258,522,25,69
258,522,25,69
258,522,25,69
259,522,25,69
259,522,25,69
259,522,25,69
259,522,25,69
259,522,25,69
259,522,25,69
259,522,25,69
260,522,25,69
260,522,25,69
260,522,25,69
260,522,25,69
260,522,25,69
260,522,25,69
261,522,25,69
261,522,25,69
261,522,25,69
261,522,25,69
261,522,25,69
261,522,25,69
261,522,25,69
262,522,25,69
262,522,25,69
262,522,25,69
262,522,25,69
262,522,25,69
262,522,25,69
263,522,25,69
263,522,25,69
263,522,25,69
263,522,25,69
263,522,25,69
263,522,25,69
263,522,25,69
264,522,25,69
264,522,25,69
264,522,25,69
264,522,25,69
264,522,25,69
264,522,25,69
265,522,25,69
265,522,25,69
265,522,25,69
265,522,25,69
265,522,25,69
265,522,25,69
265,522,25,69
266,522,25,69
266,522,25,69
266,522,25,69
266,522,25,69
266,522,25,69
266,522,25,69
267,522,25,69
267,522,25,69
267,522,25,69
267,522,25,69
267,522,25,69
267,522,25,69
267,522,25,69
268,522,25,69
268,522,25,69
268,522,25,69
268,522,25,69
268,522,25,69
268,522,25,69
269,523,25,68
268,522,25,69
268,522,25,69
268,522,25,69
268,522,24,69
267,522,25,69
267,522,25,69
267,522,25,69
267,522,24,69
266,522,25,69
266,522,25,69
266,522,25,69
266,522,24,69
266,522,24,69
265,522,25,69
265,522,24,69
265,522,24,69
265,522,24,69
264,522,25,69
264,522,24,69
264,522,24,69
264,522,24,69
264,522,24,69
264,521,24,69
264,521,24,69
265,521,24,69
265,521,24,69
266,521,24,69
266,521,24,69
266,521,25,69
267,521,24,69
267,521,25,69
268,521,24,69
268,521,25,69
268,521,25,69
269,520,25,70
269,520,25,70
270,520,25,70
270,520,25,70
270,520,26,70
271,520,25,70
271,520,26,70
272,520,25,70
272,520,26,70
272,520,26,70
273,520,26,70
273,520,26,70
274,520,26,70
274,520,26,70
274,520,26,70
274,520,26,70
274,520,26,70
274,520,26,70
274,520,26,70
274,520,26,70
274,520,26,70
274,520,26,70
274,520,26,70
274,520,26,70
274,520,26,70
274,520,26,70
274,520,26,70
274,520,26,70
274,521,26,69
274,521,26,69
274,521,26,69
274,521,26,69
274,521,26,69
275,521,25,70
275,521,25,70
275,521,25,70
275,521,25,70
275,521,25,70
275,521,25,70
275,521,25,70
275,521,25,70
275,521,25,70
275,521,25,70
275,521,25,70
275,522,25,69
275,522,25,69
275,522,25,69
275,522,25,69
275,522,25,69
275,522,25,69
275,522,25,69
275,522,25,69
275,522,25,69
275,522,25,69
276,522,24,70
276,522,24,70
276,522,24,70
276,522,24,70
276,522,24,70
276,522,24,70
276,523,24,69
276,523,24,69
276,523,24,69
276,523,24,69
276,523,24,69
276,523,24,69
276,523,24,69
276,523,24,69
276,523,24,69
276,523,24,69
276,523,24,69
276,523,24,69
276,523,24,69
276,523,24,69
276,523,24,69
277,524,24,69
277,524,24,69
277,524,24,69
277,524,24,69
277,524,24,69
278,524,24,69
278,524,24,69
278,524,24,69
278,525,24,69
278,525,24,69
279,525,24,69
279,525,24,69
279,525,24,69
279,525,24,69
279,525,24,69
280,526,24,69
280,526,24,69
280,526,24,69
280,526,24,69
280,526,24,69
281,526,24,69
281,526,24,69
281,526,24,69
281,527,24,69
281,527,24,69
282,527,24,69
282,527,24,69
282,527,24,69
282,527,24,69
282,527,24,69
283,528,24,69
282,527,24,69
282,527,24,69
282,527,24,69
282,527,24,69
282,527,24,69
282,527,24,69
282,526,23,69
282,526,23,69
282,526,23,69
281,526,24,69
281,526,24,69
281,526,24,69
281,525,23,69
281,525,23,69
281,525,23,69
281,525,23,69
281,525,23,69
281,525,23,69
281,525,23,69
280,524,24,69
280,524,24,69
280,524,24,69
280,524,24,68
280,524,24,68
280,524,24,68
280,523,24,69
280,523,24,68
280,523,24,68
280,523,24,68
279,523,25,67
279,523,25,67
279,523,25,67
279,522,25,68
279,522,25,67
279,522,25,67
279,522,25,67
279,522,25,67
279,522,25,66
279,522,25,66
279,521,25,67
278,521,26,66
278,521,26,66
278,521,26,66
278,521,26,66
278,521,26,65
278,521,26,65
278,520,26,66
278,520,26,65
278,520,26,65
278,520,26,65
278,520,26,65
277,520,27,64
277,519,27,65
277,519,27,65
277,519,27,65
277,519,27,64
277,519,27,64
277,519,27,64
277,519,27,63
277,518,27,64
277,518,27,64
277,518,27,64
276,518,28,63
276,518,28,63
276,518,28,63
276,518,28,62
276,517,28,63
276,517,28,63
276,517,28,63
276,517,28,62
276,517,28,62
276,517,28,62
276,517,29,62
275,517,29,62
275,517,29,62
275,517,29,62
275,517,29,62
275,517,29,62
275,517,29,62
275,517,29,62
275,517,29,62
275,517,29,62
275,517,29,62
275,517,29,62
275,517,29,62
275,517,29,62
275,517,29,62
275,517,29,62
275,518,29,62
275,518,29,62
275,518,29,62
275,518,29,62
275,518,29,62
275,518,29,62
275,518,29,62
275,518,29,62
275,518,29,62
275,518,29,62
275,518,29,62
275,518,29,62
275,518,29,62
275,518,29,62
275,518,29,62
275,518,29,62
275,519,29,62
274,519,29,62
274,519,29,62
274,519,29,62
274,519,29,62
274,519,29,62
274,519,29,62
274,519,29,62
274,519,29,62
274,519,29,62
274,519,29,62
274,519,29,62
274,519,29,62
274,519,29,62
274,519,29,62
274,519,29,62
274,520,29,62
274,520,29,62
274,520,29,62
274,520,29,62
274,520,29,62
274,520,29,62
274,520,29,62
274,520,29,62
274,520,29,62
274,520,29,62
274,520,29,62
274,520,29,62
274,520,29,62
274,520,29,62
274,520,29,62
274,520,29,62
274,521,29,62
274,521,29,62
274,521,29,62
274,521,29,62
274,521,29,62
274,521,29,62
274,521,29,62
274,521,29,62
274,521,29,62
274,521,29,62
275,521,29,62
275,521,29,62
275,521,29,62
275,521,29,62
275,521,29,62
275,521,29,62
275,522,29,62
275,522,29,62
275,522,29,62
276,522,29,62
276,522,29,62
276,522,29,62
276,522,29,62
276,522,29,62
276,522,29,62
276,522,29,62
276,522,29,62
276,522,29,62
277,522,29,62
277,522,29,62
277,522,29,62
277,523,29,62
277,523,29,62
277,523,29,62
277,523,29,62
277,523,29,62
277,523,29,62
278,523,29,62
278,523,29,62
278,523,29,62
278,523,29,62
278,523,29,62
278,523,29,62
278,523,29,62
278,523,29,62
278,523,29,62
279,524,29,62
278,524,29,62
278,524,29,62
278,524,29,62
278,524,29,62
278,524,29,62
278,524,29,62
278,524,29,62
278,524,29,62
278,524,29,62
277,524,29,62
277,524,29,62
277,525,29,62
277,525,29,62
277,525,29,62
277,525,29,62
277,525,29,62
277,525,29,62
277,525,29,62
276,525,29,62
276,525,29,62
276,525,29,62
276,525,29,62
276,525,29,62
276,526,29,62
276,526,29,62
276,526,29,62
276,526,29,62
276,526,29,62
275,526,29,62
275,526,29,62
275,526,29,62
275,526,29,62
275,526,29,62
275,526,29,62
275,526,29,62
275,527,29,62
275,527,29,62
274,527,29,62
274,527,29,62
274,527,29,62
274,527,29,62
274,527,29,62
274,527,29,62
274,527,29,62
274,527,29,62
274,527,29,62
274,528,29,62
274,528,29,62
274,528,29,62
274,528,29,62
274,528,29,62
274,528,29,62
274,528,29,62
274,528,29,62
274,528,29,62
274,528,29,62
274,528,29,62
274,529,29,62
274,529,29,62
274,529,29,62
274,529,29,62
274,529,29,62
274,529,29,62
274,529,29,62
274,529,29,62
274,529,29,62
274,529,29,62
274,529,29,62
274,530,29,62
274,530,29,62
274,530,29,62
275,530,29,62
275,530,29,62
275,530,29,62
275,530,29,62
275,530,29,62
275,530,29,62
275,530,29,62
275,531,29,62
275,531,29,62
275,531,29,62
275,531,29,62
275,531,29,62
275,531,29,62
275,531,29,62
275,531,29,62
275,531,29,62
275,531,29,62
275,531,29,62
275,532,29,62
275,532,29,62
275,532,29,62
275,532,29,62
275,532,29,62
275,532,29,62
275,532,29,62
276,532,29,62
276,532,29,62
276,532,29,62
276,533,29,62
276,533,29,62
276,533,29,62
276,533,29,62
276,533,29,62
276,533,29,62
276,533,29,62
276,533,29,62
276,533,29,62
276,533,29,62
276,533,29,62
276,534,29,62
276,534,29,62
276,534,29,62
276,534,29,62
276,534,29,62
276,534,29,62
276,534,29,62
276,534,29,62
276,534,29,62
276,534,29,62
277,535,29,62
276,535,29,62
276,535,29,62
276,535,29,62
276,535,29,62
276,535,29,62
276,535,29,62
276,535,29,62
275,535,29,62
275,535,29,62
275,535,29,62
275,535,29,62
275,535,29,62
275,535,29,62
275,535,29,62
275,535,29,62
274,535,29,62
274,535,29,62
274,535,29,62
274,535,29,63
274,535,29,63
274,535,29,63
274,535,29,63
274,536,29,63
274,536,29,63
274,536,29,63
274,536,28,63
274,536,28,64
274,536,28,64
274,536,28,64
273,537,29,63
273,537,29,64
273,537,29,64
273,537,29,64
273,537,29,64
273,537,29,65
273,537,29,65
273,538,28,64
273,538,28,64
273,538,28,65
273,538,28,65
273,538,28,65
273,538,28,65
273,538,28,66
272,539,29,65
272,539,29,65
272,539,29,65
272,539,29,66
272,539,28,66
272,539,28,66
272,539,28,66
272,540,28,66
272,540,28,66
272,540,28,66
272,540,28,66
272,540,28,67
272,540,28,67
272,540,28,67
272,541,28,67
272,540,28,67
272,540,28,67
272,540,28,67
272,540,28,67
272,540,28,67
272,540,28,67
272,540,28,67
272,540,28,67
272,540,28,67
272,540,28,67
272,540,28,67
272,540,28,67
272,540,28,67
272,540,28,67
272,540,28,67
272,540,28,67
272,540,28,67
272,540,28,67
272,540,28,67
272,540,28,67
272,540,28,67
272,540,28,67
273,540,28,67
273,540,28,67
273,540,28,67
273,540,28,67
273,540,28,67
273,540,28,67
273,540,28,67
273,540,28,67
273,540,28,67
274,540,28,67
274,540,28,67
274,540,28,67
274,540,28,67
274,540,28,67
274,540,28,67
274,540,28,67
274,540,28,67
275,540,28,67
275,540,28,67
275,540,28,67
275,540,28,67
275,540,28,67
275,540,28,67
275,540,28,67
275,540,28,67
276,541,28,67
275,540,28,67
275,540,28,67
275,540,28,67
275,540,28,67
275,539,28,67
275,539,28,67
275,539,28,67
275,539,28,67
275,539,28,67
275,538,28,67
275,538,28,67
275,538,28,67
275,538,28,67
275,537,28,67
275,537,28,67
275,537,28,67
275,537,28,67
275,537,28,67
275,536,28,67
275,536,28,67
275,536,28,67
275,536,28,67
275,535,28,67
275,535,28,67
275,535,28,67
275,535,28,67
275,535,28,67
275,534,28,67
275,534,28,67
275,534,28,67
275,534,28,67
275,533,28,67
275,533,28,67
275,533,28,67
275,533,28,67
275,533,28,67
274,532,28,67
274,532,28,67
273,532,28,67
273,532,28,67
272,532,28,67
272,532,28,67
271,532,28,67
271,532,28,67
270,532,28,67
270,532,28,67
269,531,28,67
269,531,28,67
268,531,28,67
268,531,28,67
267,531,28,67
267,531,28,67
266,531,28,67
266,531,28,67
265,531,28,67
265,531,28,67
265,531,28,67
264,530,28,67
264,530,28,67
264,530,28,67
264,530,28,67
263,530,28,67
263,530,28,67
263,529,28,68
263,529,28,68
263,529,28,67
262,529,28,67
262,529,28,67
262,529,28,67
262,528,28,68
261,528,28,68
261,528,28,68
261,528,28,68
261,528,28,67
261,528,28,67
260,527,28,68
260,527,28,68
260,527,28,68
260,527,28,68
259,527,28,68
259,527,28,68
259,527,28,68
259,526,28,68
259,526,28,68
258,526,28,68
258,526,28,68
258,526,28,68
258,526,28,68
257,525,28,69
257,525,28,69
257,525,28,68
257,525,28,68
257,525,28,68
256,525,28,68
256,524,28,69
256,524,28,69
256,524,28,69
255,524,28,69
255,524,28,68
255,524,28,68
255,523,28,69
255,523,28,69
254,523,28,69
254,523,28,69
254,523,28,69
254,523,28,69
254,523,28,69
253,522,28,69
253,522,28,69
253,522,28,69
253,522,28,68
253,521,28,69
253,521,28,69
253,521,28,69
253,521,28,68
253,521,28,68
253,520,28,69
253,520,28,69
253,520,28,68
253,520,28,68
253,519,28,69
253,519,28,69
253,519,28,68
253,519,28,68
253,519,28,68
253,518,28,69
253,518,28,68
253,518,28,68
253,518,28,68
253,517,28,69
253,517,28,68
253,517,28,68
253,517,28,68
253,517,28,68
