649,359,40,32
649,359,40,32
649,359,40,32
649,359,40,32
649,359,40,32
649,360,40,32
649,360,40,32
649,361,40,32
649,361,40,32
650,362,39,32
650,362,39,32
650,363,39,31
650,363,39,32
650,364,39,31
650,364,39,32
650,365,39,31
651,365,38,32
651,365,38,32
651,366,38,31
651,366,38,32
651,367,38,31
651,367,38,32
651,368,38,31
652,368,37,32
652,369,37,31
652,369,37,31
652,370,37,31
652,370,37,31
652,371,37,31
652,371,37,31
653,372,37,31
653,372,37,31
653,372,37,31
653,372,37,31
653,372,37,31
653,372,37,31
653,372,37,31
653,373,37,31
653,373,37,31
654,373,37,31
654,373,37,31
654,373,37,31
654,373,37,31
654,373,37,31
654,374,37,31
654,374,37,31
654,374,37,31
654,374,37,31
655,374,37,31
655,374,37,31
655,374,37,31
655,375,37,31
655,375,37,31
655,375,37,31
655,375,37,31
655,375,37,31
655,375,37,31
656,376,37,31
656,376,37,31
656,376,37,31
656,376,37,31
657,377,37,31
657,377,37,31
657,377,37,31
658,378,37,31
658,378,37,31
658,378,37,31
658,378,37,31
658,378,37,31
658,378,37,31
658,378,37,31
658,378,37,31
658,378,37,31
658,378,37,31
657,377,37,31
657,377,37,31
657,377,37,31
657,377,37,31
657,377,37,31
657,377,37,31
657,377,37,31
657,376,37,32
657,376,37,32
657,376,37,32
656,376,38,32
656,376,38,32
656,376,38,32
656,376,38,32
656,375,38,33
656,375,38,33
656,375,38,33
656,375,38,33
656,375,38,33
656,375,38,33
656,375,38,33
655,374,39,34
655,374,39,34
655,374,39,34
655,374,39,34
655,374,39,34
655,374,39,34
655,374,39,34
655,373,39,35
655,373,39,35
655,373,39,35
655,373,39,35
654,373,40,35
654,373,40,35
654,373,40,35
654,372,40,36
654,372,40,36
654,372,40,36
654,372,40,36
654,372,40,36
654,372,40,36
654,372,40,36
654,372,40,36
654,371,40,36
654,371,40,36
654,371,40,36
654,371,40,36
654,371,40,36
654,370,41,37
654,370,41,37
654,370,41,37
655,370,40,36
655,370,40,36
655,369,40,37
655,369,41,37
655,369,41,37
655,369,41,37
655,369,41,37
655,368,41,38
655,368,41,38
656,368,41,37
656,368,41,37
656,368,41,37
656,367,41,38
656,367,41,38
656,367,41,38
656,367,42,38
656,367,42,38
656,366,42,39
657,366,41,38
657,366,41,38
657,366,41,38
657,366,42,38
657,365,42,39
657,365,42,39
657,365,42,39
657,365,42,39
658,365,42,39
658,365,42,39
658,365,42,39
658,365,42,39
658,365,42,39
658,365,42,39
658,365,42,39
658,365,42,39
658,365,42,39
658,366,42,39
658,366,42,39
658,366,42,39
658,366,42,39
658,366,42,39
658,366,42,39
658,366,42,39
658,366,42,39
658,367,42,39
658,367,42,39
658,367,42,39
658,367,42,39
658,367,42,39
658,367,42,39
658,367,42,39
658,367,42,39
658,368,42,39
658,368,41,38
658,368,41,38
658,368,41,38
658,368,40,38
658,368,40,38
658,368,40,38
658,368,39,38
658,368,39,38
658,368,39,38
658,368,38,38
658,368,38,38
658,368,38,38
658,368,38,38
657,368,38,38
657,368,38,38
657,368,38,38
657,368,38,38
657,368,37,38
657,368,37,38
657,368,37,38
657,368,37,38
656,368,37,38
656,368,37,38
656,368,37,38
656,368,37,38
656,368,36,38
656,368,36,38
656,368,36,38
656,369,36,38
656,369,35,38
656,369,35,38
656,369,35,38
656,369,35,38
656,369,35,38
656,370,35,38
656,370,35,38
656,370,35,38
656,370,35,38
656,370,35,38
656,371,35,38
656,370,35,38
656,370,35,38
657,369,34,38
657,369,35,38
658,368,34,38
658,368,34,38
658,368,35,37
659,367,34,38
659,367,34,37
660,366,34,38
660,366,34,37
661,365,33,38
661,365,34,37
661,365,34,37
662,364,33,37
662,364,34,37
663,363,33,37
663,363,33,37
664,363,33,37
663,362,33,37
663,362,33,37
663,362,33,37
663,361,33,37
662,361,33,37
662,361,33,37
662,360,33,37
662,360,33,37
661,360,33,37
661,359,33,37
661,359,33,37
661,359,33,37
660,358,33,37
660,358,33,37
660,358,33,37
660,357,33,37
659,357,33,37
659,357,33,37
659,356,33,37
659,356,33,37
659,356,33,37
658,356,34,37
658,356,34,37
658,356,34,37
658,357,34,36
657,357,35,37
657,357,35,37
657,357,35,37
657,358,35,36
656,358,36,37
656,358,36,37
656,358,36,37
656,359,36,36
655,359,37,37
655,359,37,37
655,360,37,36
655,360,37,36
655,360,37,36
654,360,38,37
654,361,38,36
654,361,38,36
654,361,38,36
653,361,39,37
653,362,39,36
653,362,39,36
653,362,39,36
652,362,40,37
652,363,40,36
652,363,40,36
652,363,40,36
652,364,40,36
651,364,41,36
651,364,41,36
651,364,41,36
651,364,41,36
651,364,41,36
651,364,41,36
651,364,41,36
650,364,42,36
650,364,42,36
650,364,42,36
650,364,42,36
650,364,42,36
650,364,42,36
650,365,42,35
650,364,42,35
650,364,42,35
650,364,42,35
650,364,42,35
650,364,42,35
650,364,42,35
650,364,42,35
651,364,41,35
651,364,41,35
651,364,42,35
651,364,42,35
651,364,42,35
651,363,42,36
651,363,42,36
652,363,41,36
652,363,41,36
652,363,41,36
652,363,41,36
652,363,42,35
652,363,42,35
652,363,42,35
652,363,42,35
653,363,41,35
653,363,41,35
653,362,41,36
653,362,41,36
653,362,41,36
653,362,42,36
653,362,42,36
654,362,41,36
654,362,41,36
654,362,41,36
654,362,41,36
654,362,41,36
654,362,41,36
654,362,41,36
655,362,41,36
655,362,40,36
655,362,40,36
655,362,40,36
655,362,40,36
655,362,40,36
655,362,40,36
655,362,40,36
655,362,40,36
655,362,40,36
655,362,40,36
655,362,40,36
655,362,40,36
655,363,40,35
655,363,40,35
655,363,40,35
655,363,40,36
655,363,40,36
655,363,40,36
655,363,40,36
655,363,40,36
655,363,40,36
655,363,40,36
655,363,40,36
655,363,40,36
655,364,40,35
655,364,40,35
655,364,40,35
655,364,40,35
655,364,40,35
655,364,40,35
656,364,39,36
656,364,39,36
656,364,39,36
656,364,39,36
656,364,39,36
656,364,39,36
656,365,39,35
656,365,39,35
656,365,39,35
656,365,39,35
656,365,39,35
656,365,39,35
656,365,39,35
656,365,39,35
656,365,39,35
656,365,39,36
656,365,39,36
656,365,39,36
656,366,39,35
656,366,39,35
656,366,39,35
656,366,39,35
656,366,39,35
656,366,39,35
656,366,39,35
656,366,39,35
656,366,39,35
656,366,39,35
656,366,39,35
656,366,39,35
657,367,38,35
657,367,38,35
657,367,38,35
657,367,38,35
657,367,38,35
657,367,38,35
657,367,38,35
658,367,38,35
658,367,38,35
658,367,38,35
658,367,38,35
658,367,38,35
658,367,38,35
659,367,38,35
659,367,38,35
659,367,38,35
659,367,38,35
659,367,38,35
659,367,38,35
659,367,38,35
660,367,38,35
660,367,38,35
660,367,38,35
660,367,38,35
660,367,38,35
660,367,38,35
661,367,38,35
661,366,38,36
661,366,38,36
661,366,38,36
661,366,38,36
661,366,38,36
661,366,38,36
661,366,38,36
661,366,38,36
661,365,38,37
661,365,38,37
661,365,38,37
661,365,38,37
661,365,38,37
661,365,38,37
661,365,38,37
661,365,38,37
661,364,38,38
661,364,38,38
661,364,38,38
662,364,37,38
662,364,37,38
662,364,37,38
662,364,37,38
662,364,37,38
662,363,37,39
662,363,37,39
662,363,37,39
662,363,37,39
662,363,37,39
662,363,37,39
662,363,37,39
662,363,37,39
662,362,37,40
662,362,37,40
662,362,37,40
662,362,37,40
662,362,37,40
662,362,37,40
662,362,37,40
663,362,37,40
663,362,36,40
663,362,36,40
663,362,36,40
663,362,36,40
663,362,36,40
663,362,36,40
663,362,36,40
663,362,35,40
663,362,35,40
663,362,35,40
663,362,35,40
663,362,35,40
663,362,35,40
663,362,35,40
663,362,34,40
663,362,34,40
663,362,34,40
663,363,34,39
663,363,34,39
663,363,34,39
663,363,34,39
663,363,33,39
663,363,33,39
663,363,33,39
663,363,33,39
663,363,33,39
663,363,33,39
663,363,33,39
663,363,32,39
663,363,32,39
663,363,32,39
663,363,32,39
663,363,32,39
663,363,32,39
663,364,32,39
662,364,32,38
662,364,32,38
662,364,32,38
662,364,32,38
662,364,32,38
662,364,32,38
662,364,32,38
662,364,32,38
661,364,33,38
661,364,33,38
661,364,33,38
661,364,33,38
661,364,33,38
661,364,33,38
661,364,33,38
661,364,33,38
660,364,34,38
660,364,34,38
660,364,34,38
660,364,34,38
660,364,34,38
660,364,34,38
660,364,34,38
660,364,34,38
659,364,34,38
659,364,34,38
659,364,34,38
659,364,34,38
659,364,34,38
659,364,34,38
659,364,34,38
659,364,34,38
658,364,35,38
658,364,35,38
658,364,35,38
658,364,35,38
658,364,35,38
658,364,35,38
658,364,35,38
658,364,35,38
657,364,36,38
657,364,36,38
657,364,36,38
657,364,36,38
657,364,36,38
657,364,36,38
657,364,36,38
657,364,36,38
656,364,37,37
656,364,37,37
656,364,37,37
656,364,37,37
656,364,37,37
656,364,37,37
656,364,37,37
656,364,37,37
656,364,37,37
656,364,37,37
655,364,38,37
655,364,38,37
655,364,38,37
655,364,38,37
655,364,38,37
655,364,38,37
655,364,38,37
655,364,38,37
655,364,38,37
655,364,38,37
655,364,38,37
654,364,39,37
654,364,39,37
654,364,39,37
654,364,39,37
654,364,39,37
654,364,39,37
654,364,39,37
654,364,39,37
654,364,39,37
654,364,39,37
653,364,40,37
653,364,40,37
653,364,40,37
653,364,40,37
653,364,40,37
653,364,40,37
653,364,40,37
653,364,40,37
653,364,40,37
653,364,40,37
653,364,40,37
652,364,41,37
652,364,41,37
652,364,41,37
652,364,41,37
652,364,41,37
652,364,41,37
652,364,41,37
652,364,41,37
652,364,41,37
652,364,41,37
652,364,41,37
652,363,41,38
652,363,41,38
652,363,41,38
652,363,41,38
652,363,41,38
652,363,41,38
652,363,41,38
653,363,41,38
653,363,41,38
653,363,41,38
653,363,41,38
653,363,41,39
653,363,41,39
653,363,41,39
654,363,41,39
654,363,41,39
654,363,41,39
654,363,41,39
654,362,41,40
654,362,41,40
654,362,41,40
655,362,41,40
655,362,41,40
655,362,41,41
655,362,41,41
655,362,41,41
655,362,41,41
655,362,41,41
656,362,41,41
656,362,41,41
656,362,41,41
656,362,41,41
656,362,41,41
656,362,41,41
656,362,41,41
657,362,41,42
657,362,41,42
657,362,41,42
657,362,41,42
657,362,41,42
657,362,41,42
657,362,41,42
657,362,41,42
657,362,41,42
657,362,41,42
657,362,41,42
657,362,41,42
657,362,41,42
657,362,41,42
657,362,41,42
657,362,41,42
657,362,41,42
657,362,41,42
657,362,41,42
657,362,41,42
657,362,41,42
657,362,41,42
657,362,41,42
657,362,41,42
657,362,41,42
657,362,41,42
657,362,41,42
657,362,41,42
657,362,41,42
657,362,41,42
657,362,41,42
657,362,41,42
657,362,41,42
657,362,41,42
657,362,41,42
657,362,41,42
657,362,41,42
657,362,41,42
657,362,41,42
657,362,41,42
657,362,41,42
657,362,41,42
657,362,41,42
657,362,41,42
657,362,41,42
