1322,678,90,88
1322,678,90,88
1323,678,90,88
1324,678,90,88
1324,678,90,88
1325,678,90,88
1326,678,90,88
1326,678,91,88
1327,678,90,88
1328,678,90,88
1328,678,91,88
1329,678,91,88
1330,678,90,88
1330,678,91,88
1331,678,91,88
1332,678,91,89
1332,678,91,90
1332,678,92,91
1332,678,93,92
1332,678,94,93
1332,678,95,94
1332,678,96,95
1332,678,97,96
1332,678,98,98
1332,678,98,99
1332,678,99,100
1332,678,100,101
1332,678,101,102
1332,678,102,103
1332,678,103,104
1332,678,104,105
1332,678,105,107
1332,678,105,107
1332,679,105,107
1333,680,105,107
1333,681,105,107
1334,682,105,107
1334,683,105,107
1335,684,105,107
1335,684,105,107
1335,685,105,107
1336,686,105,107
1336,687,105,107
1337,688,105,107
1337,689,105,107
1338,690,105,107
1338,691,105,107
1339,692,105,107
1339,693,105,107
1340,694,105,107
1340,695,105,107
1341,696,105,107
1341,697,105,107
1342,698,105,107
1342,699,105,107
1343,700,105,107
1343,701,105,107
1344,702,105,107
1344,703,105,107
1345,704,105,107
1345,705,105,107
1346,706,105,107
1346,707,105,107
1347,708,105,107
1348,710,105,107
1348,711,105,107
1348,712,105,107
1348,714,105,107
1349,715,105,107
1349,717,105,107
1349,718,105,107
1350,720,105,107
1350,721,105,107
1350,722,105,107
1350,724,105,107
1351,725,105,107
1351,727,105,107
1351,728,105,107
1352,730,105,107
1352,732,105,107
1353,734,105,107
1354,736,105,107
1354,739,105,107
1355,741,105,107
1356,743,105,107
1357,746,105,107
1357,748,105,107
1358,750,105,107
1359,752,105,107
1359,755,105,107
1360,757,105,107
1361,759,105,107
1362,762,105,107
1361,762,105,109
1361,763,105,110
1361,764,105,111
1361,765,104,112
1361,766,104,113
1361,767,104,114
1360,767,104,116
1360,768,104,117
1360,769,104,118
1360,770,103,119
1360,771,103,120
1360,772,103,121
1359,772,105,121
1358,772,108,122
1358,772,110,123
1357,773,113,123
1357,773,115,124
1356,773,117,124
1356,773,119,125
1355,774,122,125
1355,774,124,126
1354,774,127,127
1354,775,129,127
1353,777,129,126
1353,780,128,125
1353,782,128,124
1352,785,128,123
1352,787,127,122
1352,790,127,121
1350,789,129,122
1348,788,131,124
1346,787,133,126
1345,786,134,128
1343,785,136,130
1341,784,138,132
1339,783,140,133
1338,782,141,135
1336,781,143,137
1334,780,145,139
1332,779,147,141
1331,778,149,143
1329,777,151,145
1328,777,152,146
1326,777,154,147
1325,777,155,148
1323,777,157,149
1322,777,158,150
1320,776,160,152
1319,776,162,153
1317,776,164,154
1316,776,165,155
1314,776,167,156
1313,776,168,158
1312,775,169,160
1310,775,171,161
1309,775,172,162
1307,775,175,163
1306,775,176,164
1304,775,178,165
1303,774,179,167
1301,774,181,168
1300,774,182,169
1298,774,184,170
1297,774,185,171
1296,774,187,173
1294,775,187,173
1292,776,187,173
1291,777,187,173
1289,778,187,173
1287,779,187,173
1286,780,187,173
1284,781,187,173
1283,782,187,173
1281,783,187,173
1279,784,187,173
1278,785,187,173
1276,786,187,173
1274,787,187,173
1273,788,187,173
1271,789,187,173
1270,790,187,173
1262,789,193,176
1254,788,199,179
1246,787,205,183
1223,785,211,186
1201,783,216,190
1179,781,221,194
1157,780,227,197
1127,779,226,199
1097,778,225,202
1067,777,225,205
1067,780,222,204
1067,783,219,203
1067,786,216,202
1067,789,213,201
1068,792,209,201
1065,792,212,203
1063,793,214,204
1061,794,216,205
1058,795,220,206
1056,796,222,207
1054,797,224,208
1051,797,228,210
1049,798,230,211
1047,799,232,212
1044,800,236,213
1042,801,238,214
1040,802,240,215
1038,803,243,217
1036,809,246,213
1034,815,250,209
1032,821,253,205
1030,828,257,201
1029,825,257,206
1029,822,257,211
1029,819,256,216
1028,816,257,221
1028,813,256,226
1028,810,256,232
1028,807,255,237
1027,804,256,242
1027,801,255,247
1027,798,255,252
1027,796,255,257
1026,803,255,252
1026,811,255,247
1026,818,255,242
1026,826,255,237
1023,825,255,242
1020,825,255,246
1017,824,255,252
1015,824,254,256
1012,823,254,261
1009,823,254,266
1006,822,254,271
1004,822,254,276
1001,821,254,281
998,821,254,285
995,820,254,291
993,820,253,295
990,819,253,300
987,819,253,305
984,818,253,310
982,818,253,315
980,817,255,320
978,817,258,325
977,816,259,331
975,816,262,335
974,816,263,340
972,815,266,346
971,815,268,350
969,814,270,356
968,814,272,361
966,814,274,365
965,813,276,371
963,813,278,376
962,813,280,380
960,812,283,386
959,812,284,391
957,811,287,396
956,811,288,401
954,811,291,406
953,810,292,411
951,810,295,416
950,810,297,421
947,812,298,425
944,815,300,429
941,817,302,434
938,820,304,437
935,823,306,441
932,825,308,446
929,828,310,449
926,830,312,454
923,833,314,458
920,836,316,462
917,838,317,466
914,841,319,470
911,843,321,475
908,846,323,478
905,849,325,482
902,851,327,487
899,854,329,490
896,856,331,495
893,859,333,499
890,862,335,503
886,864,339,509
882,867,344,514
878,870,348,519
874,873,353,524
870,875,357,530
866,878,362,535
862,881,366,540
858,884,371,545
855,887,375,551
851,889,379,557
847,892,384,562
843,895,388,567
839,898,393,572
835,900,397,578
831,903,402,583
827,906,406,588
823,909,411,593
820,912,415,599
814,914,420,597
808,917,426,594
803,919,431,592
797,922,437,589
792,925,442,586
787,928,445,583
782,931,449,580
777,934,453,577
772,938,456,573
767,941,460,570
762,944,464,567
757,948,467,563
752,951,471,560
747,954,475,557
742,958,479,553
734,960,486,551
727,963,493,548
719,966,501,545
712,968,508,543
704,971,516,540
697,974,523,537
689,976,530,535
682,979,537,532
674,982,545,529
667,984,552,527
659,987,560,524
652,990,567,521
650,993,562,518
649,997,557,514
648,1000,552,511
646,1004,548,507
645,1008,543,503
644,1011,537,500
643,1015,532,496
641,1019,528,492
640,1022,523,489
639,1026,518,485
638,1030,513,481
603,1035,516,476
568,1041,520,470
533,1047,523,464
498,1052,527,459
463,1058,530,453
428,1064,534,447
394,1070,537,441
343,1078,537,432
293,1087,536,423
242,1095,536,414
192,1104,535,405
177,1109,535,400
163,1114,535,395
149,1120,535,389
151,1125,534,383
153,1131,534,377
155,1137,533,371
157,1142,533,366
160,1148,532,360
162,1154,531,354
164,1159,531,349
166,1165,530,343
168,1171,530,337
171,1177,529,331
260,1181,526,327
350,1186,523,323
439,1191,520,318
529,1196,517,314
618,1201,514,309
708,1206,511,305
804,1215,510,296
900,1224,510,287
996,1233,510,278
1092,1242,509,269
1188,1251,509,260
1284,1260,509,251
1380,1270,509,241
1386,1280,509,231
1392,1290,509,221
1398,1300,509,211
1404,1310,509,201
1411,1321,508,190
1417,1331,508,180
1423,1341,508,170
1429,1351,508,160
1435,1361,508,150
