421,399,26,18
421,399,26,18
421,399,26,18
421,399,26,18
421,399,26,18
421,399,26,18
421,399,26,18
421,399,26,18
421,399,26,18
425,396,24,18
423,392,27,18
424,390,25,19
422,387,31,19
424,384,27,20
424,384,27,20
422,380,28,20
425,377,26,19
425,377,26,19
422,371,30,20
422,371,28,18
423,366,28,18
423,366,28,18
421,359,28,22
424,358,26,20
425,355,26,19
425,355,26,19
423,349,25,17
421,345,29,17
421,345,29,17
421,337,26,19
421,334,26,20
421,334,26,20
421,330,27,19
422,321,24,18
422,319,23,16
420,312,25,21
421,310,24,19
421,306,26,18
415,301,26,18
419,299,25,20
418,293,24,21
420,290,23,21
417,289,27,18
416,284,27,20
419,279,23,21
419,279,23,21
419,275,26,21
417,271,24,21
417,271,25,18
417,271,25,18
414,269,28,20
414,265,28,20
414,265,28,20
413,260,29,21
410,258,32,22
413,258,25,22
413,258,27,19
412,257,28,18
412,257,28,18
411,252,26,21
411,252,26,21
411,252,26,21
411,252,26,21
408,247,26,21
408,247,26,21
408,247,26,21
408,247,26,21
408,247,26,21
408,247,26,21
408,247,26,21
408,247,26,21
408,247,26,21
408,247,24,15
408,247,24,15
408,247,24,15
408,247,24,15
408,247,24,15
407,246,24,15
407,246,24,15
407,246,24,15
406,243,23,19
406,243,23,19
406,243,23,19
406,243,23,19
406,243,23,19
406,243,23,19
406,243,23,19
406,243,23,19
406,243,23,19
402,240,24,19
402,240,24,19
402,240,24,19
402,240,24,19
402,240,24,19
402,240,24,19
402,240,24,19
402,240,24,19
402,240,24,19
402,240,24,19
402,240,24,19
402,240,24,19
402,240,24,19
402,240,24,19
402,240,24,19
402,240,24,19
402,240,24,19
402,240,24,19
402,240,24,19
402,240,24,19
402,240,24,19
402,240,24,19
402,240,24,19
402,240,24,19
402,240,24,19
402,240,24,19
402,240,24,19
402,240,24,19
402,240,24,19
402,240,24,19
402,240,24,19
402,240,24,19
397,242,24,19
397,242,24,19
397,242,24,19
397,242,24,19
397,243,24,19
397,243,24,19
397,243,24,19
397,243,24,19
397,243,24,19
397,243,24,19
397,243,24,19
397,243,24,19
397,243,24,19
397,243,24,19
397,243,24,19
397,243,24,19
397,243,24,19
397,243,24,19
397,243,24,19
397,243,24,19
397,243,24,19
397,243,24,19
397,243,24,19
397,243,24,19
397,243,24,19
397,243,24,19
393,244,25,21
393,244,25,21
393,244,25,21
393,244,25,21
393,244,25,21
393,244,25,21
393,244,25,21
393,244,25,21
393,244,25,21
393,244,25,21
393,244,25,21
393,244,25,21
393,244,25,21
393,244,25,21
391,248,23,21
391,248,23,21
391,248,23,21
391,248,23,21
391,248,23,21
391,248,23,21
391,248,23,21
391,248,23,21
391,248,23,21
391,248,23,21
391,248,23,21
385,249,24,27
385,249,24,27
385,249,24,27
385,249,24,27
385,249,24,27
385,249,24,27
385,249,24,27
385,249,24,27
385,249,24,27
385,249,24,27
385,249,24,27
385,249,24,27
385,249,24,27
385,249,24,27
379,252,23,28
379,252,23,28
379,252,23,28
379,252,23,28
379,252,23,28
379,252,23,28
379,252,23,28
379,252,23,28
379,252,23,28
379,252,23,28
379,252,23,28
379,252,23,28
379,252,23,28
379,252,23,28
370,255,25,25
370,255,25,25
370,255,25,25
370,255,25,25
370,255,25,25
370,255,25,25
370,255,25,25
370,255,25,25
370,255,25,25
370,255,25,25
370,255,25,25
370,255,25,25
370,255,25,25
363,259,26,25
363,259,26,25
363,259,26,25
363,259,26,25
363,259,26,25
363,259,26,25
363,259,26,25
363,259,26,25
363,259,26,25
363,259,26,25
363,259,26,25
363,259,26,25
363,259,26,25
363,259,26,25
363,259,26,25
363,259,26,25
363,259,26,25
363,259,26,25
363,259,26,25
363,259,26,25
354,264,28,25
354,264,28,25
354,264,28,25
354,264,28,25
354,264,28,25
354,264,28,25
354,264,28,25
354,264,28,25
354,264,28,25
354,264,28,25
354,264,28,25
354,264,28,25
354,264,28,25
354,264,28,25
354,264,28,25
354,264,28,25
354,264,28,25
354,264,28,25
354,264,28,25
354,264,28,25
354,264,28,25
354,264,28,25
354,264,28,25
354,264,28,25
354,264,28,25
354,264,28,25
354,264,28,25
354,264,28,25
354,264,28,25
354,264,28,25
357,264,25,20
357,264,25,20
357,264,25,20
357,264,25,20
357,264,25,20
357,264,25,20
357,264,25,20
357,264,25,20
357,264,25,20
357,264,25,20
357,264,25,20
357,264,25,20
357,264,25,20
357,264,25,20
357,264,25,20
357,264,25,20
357,264,25,20
357,264,25,20
357,264,25,20
357,264,25,20
357,264,25,20
357,264,25,20
357,264,25,20
357,264,25,20
357,264,25,20
357,264,25,20
357,264,25,20
357,264,25,20
357,264,25,20
357,264,25,20
357,264,25,20
357,264,25,20
357,264,25,20
357,264,25,20
357,264,25,20
357,264,25,20
357,264,25,20
357,264,25,20
357,264,25,20
357,264,25,20
357,264,25,20
357,264,25,20
357,264,25,20
357,264,25,20
357,264,25,20
357,264,25,20
357,264,25,20
357,264,25,20
357,264,25,20
357,264,25,20
357,264,25,20
357,264,25,20
357,264,25,20
357,264,25,20
357,264,25,20
357,264,25,20
357,264,25,20
357,264,25,20
357,264,25,20
357,264,25,20
357,264,25,20
357,264,25,20
357,264,25,20
357,264,25,20
357,264,25,20
357,264,25,20
357,264,25,20
357,264,25,20
357,264,25,20
357,264,25,20
357,264,25,20
357,264,25,20
357,264,25,20
357,264,25,20
357,264,25,20
357,264,25,20
357,264,25,20
357,264,25,20
357,264,25,20
357,264,25,20
357,264,25,20
357,264,25,20
357,264,25,20
357,264,25,20
357,264,25,20
357,264,25,20
357,264,25,20
357,264,25,20
357,264,25,20
357,264,25,20
357,264,25,20
357,264,25,20
357,264,25,20
357,264,25,20
357,264,25,20
357,264,25,20
357,264,25,20
357,264,25,20
357,264,25,20
357,264,25,20
357,264,25,20
357,264,25,20
357,264,25,20
360,264,21,21
360,264,21,21
360,264,21,21
360,264,21,21
360,264,21,21
360,264,21,21
360,264,21,21
360,264,21,21
360,264,21,21
360,264,21,21
360,264,21,21
360,264,21,21
360,264,21,21
360,264,21,21
360,264,21,21
360,264,21,21
360,264,21,21
360,264,21,21
360,264,21,21
360,264,21,21
360,264,21,21
360,264,21,21
360,264,21,21
360,264,21,21
360,264,21,21
360,264,21,21
360,264,21,21
360,264,21,21
360,264,21,21
360,264,21,21
360,264,21,21
360,264,21,21
360,264,21,21
360,264,21,21
360,264,21,21
360,264,21,21
360,264,21,21
360,264,21,21
360,264,21,21
360,264,21,21
360,264,21,21
360,264,21,21
360,264,21,21
360,264,21,21
360,264,21,21
360,264,21,21
360,264,21,21
360,264,21,21
360,264,21,21
360,264,21,21
360,264,21,21
360,264,21,21
360,264,21,21
360,264,21,21
360,264,21,21
360,264,21,21
360,264,21,21
360,264,21,21
360,264,21,21
360,264,21,21
360,264,21,21
360,264,21,21
360,264,21,21
360,264,21,21
360,264,21,21
360,264,21,21
360,264,21,21
360,264,21,21
360,264,21,21
360,264,21,21
360,264,21,21
360,264,21,21
360,264,21,21
360,264,21,21
360,264,21,21
360,264,21,21
360,264,21,21
360,264,21,21
360,264,21,21
360,264,21,21
360,264,21,21
360,264,21,21
360,264,21,21
360,264,21,21
360,264,21,21
360,264,21,21
360,264,21,21
360,264,21,21
360,264,21,21
360,264,21,21
360,264,21,21
360,264,21,21
360,264,21,21
360,264,21,21
360,264,21,21
360,264,21,21
360,264,21,21
360,264,21,21
360,264,21,21
360,264,21,21
360,264,21,21
360,264,21,21
360,264,21,21
360,264,21,21
360,264,21,21
360,264,21,21
360,264,21,21
360,264,21,21
360,264,21,21
360,264,21,21
360,264,21,21
360,264,21,21
360,264,21,21
360,264,21,21
360,264,21,21
360,264,21,21
360,264,21,21
360,264,21,21
360,264,21,21
360,264,21,21
360,264,21,21
360,264,21,21
360,264,21,21
360,264,21,21
360,264,21,21
360,264,21,21
360,264,21,21
360,264,21,21
360,264,21,21
360,264,21,21
360,264,21,21
360,264,21,21
360,264,21,21
360,264,21,21
360,264,21,21
360,264,21,21
360,264,21,21
360,264,21,21
360,264,21,21
360,264,21,21
360,264,21,21
360,264,21,21
360,264,21,21
360,264,21,21
360,264,21,21
360,264,21,21
360,264,21,21
360,264,21,21
360,264,21,21
360,264,21,21
360,264,21,21
360,264,21,21
360,264,21,21
360,264,21,21
360,264,21,21
360,264,21,21
360,264,21,21
360,264,21,21
360,264,21,21
360,264,21,21
360,264,21,21
360,264,21,21
360,264,21,21
360,264,21,21
360,264,21,21
360,264,21,21
360,264,21,21
360,264,21,21
360,264,21,21
360,264,21,21
360,264,21,21
360,264,21,21
360,264,21,21
360,264,21,21
360,264,21,21
360,264,21,21
360,264,21,21
360,264,21,21
360,264,21,21
360,264,21,21
360,264,21,21
360,264,21,21
360,264,21,21
360,264,21,21
360,264,21,21
360,264,21,21
360,264,21,21
360,264,21,21
360,264,21,21
360,264,21,21
360,264,21,21
360,264,21,21
360,264,21,21
360,264,21,21
360,264,21,21
360,264,21,21
360,264,21,21
360,264,21,21
360,264,21,21
360,264,21,21
360,264,21,21
360,264,21,21
360,264,21,21
360,264,21,21
360,264,21,21
360,264,21,21
360,264,21,21
360,264,21,21
360,264,21,21
360,264,21,21
360,264,21,21
360,264,21,21
360,264,21,21
360,264,21,21
360,264,21,21
360,264,21,21
360,264,21,21
360,264,21,21
360,264,21,21
360,264,21,21
360,264,21,21
360,264,21,21
360,264,21,21
360,264,21,21
360,264,21,21
360,264,21,21
360,264,21,21
360,264,21,21
360,264,21,21
360,264,21,21
360,264,21,21
360,264,21,21
360,264,21,21
360,264,21,21
356,264,21,21
356,264,21,21
356,264,21,21
356,264,21,21
356,264,21,21
356,264,21,21
356,264,21,21
356,264,21,21
356,264,21,21
356,264,21,21
356,264,21,21
356,264,21,21
356,264,21,21
356,264,21,21
356,264,21,21
356,264,21,21
356,264,21,21
356,264,21,21
356,264,21,21
356,264,21,21
356,264,21,21
356,264,21,21
356,264,21,21
356,264,21,21
356,264,21,21
356,264,21,21
356,264,21,21
356,264,21,21
356,264,21,21
356,264,21,21
356,264,21,21
356,264,21,21
356,264,21,21
356,264,21,21
356,264,21,21
356,264,21,21
356,264,21,21
356,264,21,21
356,264,21,21
356,264,21,21
352,270,24,17
352,270,24,17
352,270,24,17
352,270,24,17
352,270,24,17
352,270,24,17
352,270,24,17
352,270,24,17
352,270,24,17
352,270,24,17
352,270,24,17
352,270,24,17
352,270,24,17
352,270,24,17
352,270,24,17
352,270,24,17
352,270,24,17
352,270,24,17
352,270,24,17
352,270,24,17
352,270,24,17
352,270,24,17
352,270,24,17
352,270,24,17
352,270,24,17
352,270,24,17
352,270,24,17
352,270,24,17
352,270,24,17
352,270,24,17
352,270,24,17
352,270,24,17
352,270,24,17
352,270,24,17
352,270,24,17
352,270,24,17
352,270,24,17
352,270,24,17
352,270,24,17
352,270,24,17
352,270,24,17
352,270,24,17
352,270,24,17
352,270,24,17
352,270,24,17
352,270,24,17
352,270,24,17
352,270,24,17
352,270,24,17
352,270,24,17
352,270,24,17
352,270,24,17
352,270,24,17
352,270,24,17
352,270,24,17
352,270,24,17
352,270,24,17
352,270,24,17
352,270,24,17
352,270,24,17
352,270,24,17
352,270,24,17
352,270,24,17
352,270,24,17
352,270,24,17
352,270,24,17
352,270,24,17
352,270,24,17
352,270,24,17
352,270,24,17
352,270,24,17
352,270,24,17
352,270,24,17
352,270,24,17
352,270,24,17
352,270,24,17
352,270,24,17
352,270,24,17
352,270,24,17
352,270,24,17
352,270,24,17
352,270,24,17
352,270,24,17
352,270,24,17
352,270,24,17
352,270,24,17
350,273,26,16
350,273,26,16
350,273,26,16
350,273,26,16
350,273,26,16
350,273,26,16
350,273,26,16
350,273,26,16
350,273,26,16
350,273,26,16
350,273,26,16
350,273,26,16
350,273,26,16
350,273,26,16
350,273,26,16
350,273,26,16
350,273,26,16
350,273,26,16
350,273,26,16
350,273,26,16
350,273,26,16
350,273,26,16
350,273,26,16
350,273,26,16
350,273,26,16
350,273,26,16
350,273,26,16
350,273,26,16
350,273,26,16
350,273,26,16
350,273,26,16
350,273,26,16
350,273,26,16
350,273,26,16
350,273,26,16
350,273,26,16
350,273,26,16
350,273,26,16
350,273,26,16
350,273,26,16
350,273,26,16
350,273,26,16
350,273,26,16
350,273,26,16
350,273,26,16
350,273,26,16
350,273,26,16
350,273,26,16
350,273,26,16
350,273,26,16
350,273,26,16
350,273,26,16
350,273,26,16
350,273,26,16
350,273,26,16
350,273,26,16
350,273,26,16
350,273,26,16
350,273,26,16
350,273,26,16
350,273,26,16
350,273,26,16
350,274,21,16
350,274,21,16
350,274,21,16
350,274,21,16
350,274,21,16
350,274,21,16
350,274,21,16
350,274,21,16
350,274,21,16
350,274,21,16
350,274,21,16
350,274,21,16
350,274,21,16
350,274,21,16
350,274,21,16
350,274,21,16
350,274,21,16
350,274,21,16
350,274,21,16
350,274,21,16
350,274,21,16
350,274,21,16
350,274,21,16
350,274,21,16
350,274,21,16
350,274,21,16
350,274,21,16
350,274,21,16
350,274,21,16
350,274,21,16
350,274,21,16
350,274,21,16
350,274,21,16
350,274,21,16
350,274,21,16
350,274,21,16
350,274,21,16
350,274,21,16
350,274,21,16
350,274,21,16
350,274,21,16
351,277,23,14
351,277,23,14
351,277,23,14
351,277,23,14
351,277,23,14
351,277,23,14
351,277,23,14
351,277,23,14
351,277,23,14
351,277,23,14
351,277,23,14
351,277,23,14
351,277,23,14
351,277,23,14
351,277,23,14
351,277,23,14
351,277,23,14
351,277,23,14
351,277,23,14
351,277,23,14
351,277,23,14
351,277,23,14
351,277,23,14
351,277,23,14
351,277,23,14
351,277,23,14
351,277,23,14
351,277,23,14
351,277,23,14
351,277,23,14
351,277,23,14
351,277,23,14
351,277,23,14
351,277,23,14
351,277,23,14
351,277,23,14
351,277,23,14
351,277,23,14
351,277,23,14
351,277,23,14
351,277,23,14
351,277,23,14
351,277,23,14
351,277,23,14
351,277,23,14
351,277,23,14
351,277,23,14
351,277,23,14
351,277,23,14
351,277,23,14
351,277,23,14
351,277,23,14
351,277,23,14
351,277,23,14
351,277,23,14
351,277,23,14
351,277,23,14
351,277,23,14
351,277,23,14
351,277,23,14
351,277,23,14
351,277,23,14
351,277,23,14
351,277,23,14
351,277,23,14
351,277,23,14
351,277,23,14
351,277,23,14
351,277,23,14
351,277,23,14
351,277,23,14
351,277,23,14
351,277,23,14
351,277,23,14
351,277,23,14
351,277,23,14
351,277,23,14
351,277,23,14
351,277,23,14
351,277,23,14
351,277,23,14
351,277,23,14
351,277,23,14
351,277,23,14
351,277,23,14
351,277,23,14
351,277,23,14
351,277,23,14
351,277,23,14
349,274,23,14
349,275,23,14
349,275,23,14
349,275,23,14
349,275,23,14
349,275,23,14
349,275,23,14
349,275,23,14
349,275,23,14
349,275,23,14
349,275,23,14
349,275,23,14
349,275,23,14
349,275,23,14
349,275,23,14
349,275,23,14
349,275,23,14
349,275,23,14
349,275,23,14
349,275,23,14
349,275,23,14
349,275,23,14
349,275,23,14
349,275,23,14
349,275,23,14
349,275,23,14
349,275,23,14
349,275,23,14
349,275,23,14
349,275,23,14
349,275,23,14
349,275,23,14
349,275,23,14
349,275,23,14
349,275,23,14
349,275,23,14
349,275,23,14
347,274,25,15
347,274,25,15
347,274,25,15
347,274,25,15
347,274,25,15
347,274,25,15
347,274,25,15
347,274,25,15
347,274,25,15
347,274,25,15
347,274,25,15
347,274,25,15
347,274,25,15
347,274,25,15
347,271,25,15
347,271,25,15
347,271,25,15
347,271,25,15
347,271,25,15
347,271,25,15
347,271,25,15
347,271,25,15
347,271,25,15
347,271,25,15
347,271,25,15
347,271,25,15
347,271,25,15
347,271,25,15
347,271,25,15
347,271,25,15
347,271,25,15
347,271,25,15
347,271,25,15
347,271,25,15
347,271,25,15
347,271,25,15
347,271,25,15
347,271,25,15
347,271,25,15
353,271,23,16
353,271,23,16
353,271,23,16
353,271,23,16
353,271,23,16
353,271,23,16
353,271,23,16
353,271,23,16
353,271,23,16
353,271,23,16
353,271,23,16
353,271,23,16
353,271,23,16
353,271,23,16
353,271,23,16
353,271,23,16
353,271,23,16
353,271,23,16
353,271,23,16
353,271,23,16
353,271,23,16
353,271,23,16
353,271,23,16
353,271,23,16
353,271,23,16
353,271,23,16
353,271,23,16
353,271,23,16
353,271,23,16
353,271,23,16
353,271,23,16
353,271,23,16
353,271,23,16
353,271,23,16
353,271,23,16
353,271,23,16
353,271,23,16
353,271,23,16
353,271,23,16
353,271,23,16
353,271,23,16
353,271,23,16
353,271,23,16
353,271,23,16
353,271,23,16
353,271,23,16
353,271,23,16
353,271,23,16
353,271,23,16
353,271,23,16
353,271,23,16
353,271,23,16
353,271,23,16
353,271,23,16
353,271,23,16
353,271,23,16
353,271,23,16
353,271,23,16
353,271,23,16
353,271,23,16
353,271,23,16
353,271,23,16
353,271,23,16
353,271,23,16
353,271,23,16
353,271,23,16
353,271,23,16
353,271,23,16
352,270,23,16
352,270,23,16
352,270,23,16
352,270,23,16
352,270,23,16
352,270,23,16
352,270,23,16
352,270,23,16
352,270,23,16
352,270,23,16
352,270,23,16
352,270,23,16
352,270,23,16
352,270,23,16
352,270,23,16
352,270,23,16
352,270,23,16
352,270,23,16
352,270,23,16
352,270,23,16
352,270,23,16
352,270,23,16
352,270,23,16
352,270,23,16
352,270,23,16
352,270,23,16
352,270,23,16
352,270,23,16
352,270,23,16
352,270,23,16
352,270,23,16
352,270,23,16
352,270,23,16
352,270,23,16
352,270,23,16
352,270,23,16
352,270,23,16
352,270,23,16
352,270,23,16
352,270,23,16
349,271,23,16
348,269,22,15
348,269,22,15
348,269,22,15
348,269,22,15
348,269,22,15
348,269,22,15
348,269,22,15
348,269,22,15
348,269,22,15
348,269,22,15
348,269,22,15
348,269,22,15
348,269,22,15
348,269,22,15
348,269,22,15
348,269,22,15
348,269,22,15
348,269,22,15
348,269,22,15
348,269,22,15
348,269,22,15
348,269,22,15
348,269,22,15
348,269,22,15
348,269,22,15
348,269,22,15
348,269,22,15
348,269,22,15
348,269,22,15
348,269,22,15
348,269,22,15
348,269,22,15
348,269,22,15
348,269,22,15
348,269,22,15
348,269,22,15
348,269,22,15
348,269,22,15
348,269,22,15
348,269,22,15
348,269,22,15
348,269,22,15
348,269,22,15
348,269,22,15
348,269,22,15
348,269,22,15
348,269,22,15
348,269,22,15
348,269,22,15
348,269,22,15
348,269,22,15
348,269,22,15
348,269,22,15
348,269,22,15
348,269,22,15
348,269,22,15
348,269,22,15
348,269,22,15
352,269,19,15
352,269,19,15
352,269,19,15
352,269,19,15
352,269,19,15
352,269,19,15
352,269,19,15
352,269,19,15
352,269,19,15
352,269,19,15
352,269,19,15
352,269,19,15
352,269,19,15
352,269,19,15
352,269,19,15
352,269,19,15
352,269,19,15
352,269,19,15
352,269,19,15
352,269,19,15
352,269,19,15
352,269,19,15
352,269,19,15
352,269,19,15
352,269,19,15
352,269,19,15
352,269,19,15
352,269,19,15
352,269,19,15
352,269,19,15
352,269,19,15
352,269,19,15
352,269,19,15
352,269,19,15
352,269,19,15
352,269,19,15
352,269,19,15
352,269,19,15
352,269,19,15
352,269,19,15
352,269,19,15
352,269,19,15
352,269,19,15
352,269,19,15
352,269,19,15
352,269,19,15
352,269,19,15
352,269,19,15
352,269,19,15
352,269,19,15
352,269,19,15
348,269,22,15
348,269,22,15
348,269,22,15
348,269,22,15
348,269,22,15
348,269,22,15
348,269,22,15
348,269,22,15
348,269,22,15
348,269,22,15
348,269,22,15
348,269,22,15
348,269,22,15
348,269,22,15
348,269,22,15
348,269,22,15
348,269,22,15
348,269,22,15
348,269,22,15
348,269,22,15
348,269,22,15
348,269,22,15
348,269,22,15
348,269,22,15
348,269,22,15
348,269,22,15
348,269,22,15
348,269,22,15
348,269,22,15
348,269,22,15
348,269,22,15
348,269,22,15
348,269,22,15
348,269,22,15
348,269,22,15
348,269,22,15
348,269,22,15
348,269,22,15
348,269,22,15
348,269,22,15
348,269,22,15
348,269,22,15
345,271,23,15
345,271,23,15
345,271,23,15
345,271,23,15
345,271,23,15
345,271,23,15
345,271,23,15
345,271,23,15
345,271,23,15
345,271,23,15
345,271,23,15
345,271,23,15
345,271,23,15
345,271,23,15
345,271,23,15
345,271,23,15
345,271,23,15
345,271,23,15
345,271,23,15
345,271,23,15
345,271,23,15
345,271,23,15
345,271,23,15
345,271,23,15
345,271,23,15
345,271,23,15
345,271,23,15
345,271,23,15
345,271,23,15
345,271,23,15
345,271,23,15
345,271,23,15
345,271,23,15
345,271,23,15
345,271,23,15
345,271,23,15
345,271,23,15
345,271,23,15
345,271,23,15
345,271,23,15
345,271,23,15
345,271,23,15
345,271,23,15
345,271,23,15
345,271,23,15
345,271,23,15
345,271,23,15
345,271,23,15
345,271,23,15
345,271,23,15
345,271,23,15
345,271,23,15
345,271,23,15
345,271,23,15
345,271,23,15
345,271,23,15
345,271,23,15
345,271,23,15
345,271,23,15
345,271,23,15
345,271,23,15
345,271,23,15
345,271,23,15
345,271,23,15
345,271,23,15
345,271,23,15
345,271,23,15
345,271,23,15
345,271,23,15
345,271,23,15
345,271,23,15
345,271,23,15
345,271,23,15
345,271,23,15
345,271,23,15
345,271,23,15
345,271,23,15
345,271,23,15
345,271,23,15
345,271,23,15
345,271,23,15
345,271,23,15
345,271,23,15
345,271,23,15
345,271,23,15
345,271,23,15
345,271,23,15
345,271,23,15
345,271,23,15
345,271,23,15
345,271,23,15
345,271,23,15
345,271,23,15
345,271,23,15
345,271,23,15
345,271,23,15
345,271,23,15
345,271,23,15
345,271,23,15
345,271,23,15
345,271,23,15
345,271,23,15
345,271,23,15
345,271,23,15
345,271,23,15
345,271,23,15
345,271,23,15
345,271,23,15
345,271,23,15
345,271,23,15
345,271,23,15
345,271,23,15
345,271,23,15
345,271,23,15
345,271,23,15
345,271,23,15
345,271,23,15
345,271,23,15
345,271,23,15
345,271,23,15
345,271,23,15
345,271,23,15
345,271,23,15
345,271,23,15
345,271,23,15
345,271,23,15
345,271,23,15
