1169,445,27,78
1161,444,27,78
1154,444,27,78
1147,443,27,78
1139,443,27,78
1132,442,27,78
1125,442,27,78
1117,441,27,78
1110,441,27,78
1103,441,27,78
1101,441,27,78
1099,441,27,78
1098,442,27,78
1100,441,27,78
1102,441,27,78
1104,441,27,78
1106,441,27,78
1109,441,27,78
1111,441,27,78
1113,441,27,78
1115,441,27,78
1117,442,27,78
1119,442,27,78
1121,442,27,78
1123,442,27,78
1126,443,26,78
1125,443,26,78
1124,443,26,78
1123,443,26,78
1123,444,25,78
1121,444,25,78
1119,444,25,78
1118,444,24,78
1116,444,25,78
1114,444,25,78
1113,444,24,78
1111,444,24,78
1109,444,25,78
1108,444,24,78
1106,444,24,78
1105,445,24,78
1103,445,24,78
1101,445,24,78
1100,445,24,78
1098,446,24,77
1097,446,24,77
1095,446,24,77
1094,447,24,76
1094,447,24,76
1094,447,24,76
1095,447,24,77
1095,447,24,77
1095,447,24,77
1096,447,24,78
1096,447,24,78
1097,447,24,78
1097,447,24,78
1098,448,24,78
1099,448,24,78
1099,448,24,78
1100,449,24,78
1100,449,24,78
1101,449,24,78
1102,450,24,78
1102,450,24,78
1103,450,24,78
1104,451,24,78
1104,451,24,78
1105,451,24,78
1105,451,25,79
1106,451,25,79
1106,451,26,80
1107,452,26,79
1107,452,27,80
1108,452,27,80
1109,452,26,80
1109,452,27,81
1110,453,27,80
1110,453,28,81
1111,453,28,81
1111,453,29,82
1112,453,29,82
1113,454,29,82
1113,454,29,82
1113,455,30,81
1113,455,31,81
1114,456,30,80
1114,457,31,80
1114,457,32,80
1114,458,32,79
1115,458,32,79
1115,459,33,79
1115,460,33,78
1116,460,33,78
1116,461,34,77
1116,461,34,77
1116,462,35,77
1117,463,35,76
1117,463,35,76
1117,464,36,75
1118,465,36,75
1119,465,36,75
1120,466,36,75
1122,467,35,75
1123,468,35,75
1125,469,35,75
1126,469,35,75
1127,470,35,75
1129,471,34,75
1130,472,34,75
1132,473,34,75
1133,473,34,75
1134,473,34,75
1135,473,34,75
1136,474,34,75
1137,474,34,75
1138,474,34,75
1139,475,34,75
1140,475,34,75
1141,475,34,75
1143,476,34,75
1141,477,37,75
1140,478,40,75
1139,480,42,74
1138,481,45,74
1137,483,48,74
1139,483,47,74
1142,484,45,74
1144,485,44,74
1147,486,42,74
1150,486,40,74
1152,487,39,74
1155,488,37,74
1158,489,35,74
1156,490,38,74
1154,491,42,75
1153,492,44,76
1151,493,48,76
1149,494,51,77
1148,495,54,78
1146,495,52,79
1145,496,49,79
1144,497,46,79
1143,498,43,79
1142,498,41,81
1141,499,38,81
1140,500,35,81
1139,501,32,81
1138,502,30,82
1130,503,32,82
1122,504,35,82
1114,505,37,82
1106,506,40,82
1098,507,42,82
1091,508,44,82
1088,508,40,82
1085,508,36,82
1082,509,32,81
1079,509,28,81
1077,510,24,81
1070,511,27,81
1064,512,30,82
1058,513,32,82
1052,514,35,83
1046,515,37,83
1040,516,40,84
1034,518,38,82
1029,520,36,80
1024,522,34,79
1019,524,32,77
1014,526,30,76
1010,526,30,76
1006,527,30,76
1002,528,30,76
998,529,30,76
995,530,30,76
988,531,32,76
981,533,35,76
975,535,37,76
968,537,39,75
961,539,42,75
955,541,44,75
952,542,40,76
949,543,37,77
946,545,33,77
943,546,30,78
941,548,26,78
935,549,29,79
930,551,31,79
924,553,35,79
919,555,37,79
914,557,40,79
908,557,41,80
902,558,43,81
896,559,44,82
890,560,46,83
884,561,47,84
878,562,49,85
874,564,48,84
870,566,48,84
866,568,48,84
863,570,47,84
859,572,46,84
855,574,46,84
851,576,46,84
848,578,45,84
843,580,44,83
839,582,43,83
834,584,42,83
830,586,41,83
826,588,39,83
821,590,39,83
817,592,37,83
813,594,36,83
809,596,38,83
806,599,40,83
803,601,41,84
800,604,43,84
797,606,45,85
794,609,46,85
791,611,48,86
788,614,50,86
785,616,51,87
782,619,53,87
779,622,55,87
781,624,55,87
784,626,55,87
787,629,55,87
790,631,55,87
793,634,55,87
795,636,55,87
798,638,55,87
801,641,55,87
804,643,55,87
807,646,55,87
811,648,54,87
816,651,53,87
821,653,52,87
825,656,52,87
830,659,51,86
835,661,50,87
839,664,50,86
844,666,49,87
849,669,48,86
854,672,47,86
855,674,48,86
856,676,50,87
857,678,51,88
858,680,53,89
859,682,54,90
860,684,56,91
861,686,57,92
863,688,58,93
861,690,58,93
860,693,58,93
859,695,58,93
858,698,58,93
857,700,58,93
856,703,58,93
855,705,58,93
854,708,58,93
853,710,58,93
852,713,58,93
851,716,58,93
853,717,54,94
855,719,50,94
857,720,46,95
859,722,42,95
861,723,42,96
863,725,43,97
865,727,44,97
867,729,45,98
869,730,46,100
871,732,47,100
873,734,48,101
875,736,49,102
876,737,48,102
877,738,48,103
879,739,47,104
880,740,47,104
882,741,46,105
883,742,46,106
885,743,45,107
886,745,44,106
888,746,43,107
889,747,43,108
891,748,42,109
892,749,42,109
894,750,41,110
895,751,41,111
897,753,40,111
898,753,40,111
900,753,40,111
902,753,40,111
904,754,40,111
906,754,40,111
907,754,40,111
909,755,40,111
911,755,40,111
913,755,40,111
915,756,40,111
916,756,40,110
917,756,41,110
918,756,42,110
919,756,43,109
920,756,44,109
922,756,44,109
923,756,44,108
924,756,45,108
925,756,46,108
926,756,47,107
927,756,48,107
929,756,48,107
930,756,48,107
931,757,48,107
933,758,48,107
934,758,48,107
936,759,48,107
937,760,48,107
939,761,48,107
940,761,48,107
942,762,48,107
943,763,48,107
945,764,48,107
946,764,48,107
948,765,48,107
949,766,48,107
951,767,48,107
952,767,48,107
954,768,48,107
955,769,48,107
957,770,48,107
958,769,48,107
959,768,48,107
960,767,48,107
961,766,48,107
962,765,48,107
963,764,48,107
964,763,48,107
964,765,48,107
965,767,48,107
966,769,48,107
966,771,48,107
967,773,48,107
968,776,48,107
969,776,48,107
971,776,48,107
973,777,48,107
975,777,48,107
977,778,48,107
978,778,48,107
980,779,48,107
982,779,48,107
984,780,48,107
986,780,48,107
988,781,48,107
990,781,48,107
992,781,48,107
995,781,48,107
997,782,48,107
1000,782,48,107
1002,782,48,107
1005,783,48,107
1007,783,48,108
1010,783,47,109
1012,783,47,110
1015,784,46,111
1017,784,46,112
1020,784,45,113
1023,785,44,114
1024,786,44,112
1026,787,44,111
1028,788,43,110
1029,789,44,108
1031,790,43,107
1033,792,43,105
1034,792,43,105
1036,793,43,105
1038,794,43,105
1040,795,43,105
1042,795,43,105
1044,796,43,105
1046,797,43,105
1048,798,43,105
1050,799,43,105
1052,799,43,105
1054,800,43,105
1056,801,43,105
1058,802,43,105
1060,803,43,105
1061,804,43,106
1063,805,42,107
1064,806,43,109
1066,808,42,109
1067,809,42,110
1069,810,42,112
1070,811,42,113
1072,813,42,114
1074,813,42,114
1077,813,42,114
1080,814,42,114
1083,814,42,114
1085,815,42,114
1088,815,42,114
1091,816,42,114
1094,816,42,114
1096,817,42,114
1099,817,42,114
1102,818,42,114
1105,818,42,114
1108,819,42,114
1108,818,42,114
1108,818,42,114
1108,817,42,114
1108,817,42,114
1109,817,42,114
1109,816,42,114
1109,816,42,114
1109,815,42,114
1110,815,42,114
1110,815,42,114
1110,814,42,114
1110,814,42,114
1111,814,42,114
1111,813,42,114
1111,813,42,114
1111,812,42,114
1112,812,42,114
1112,812,42,114
1112,811,42,114
1112,811,42,114
1113,811,42,114
1113,811,42,114
1114,811,42,114
1115,811,42,114
1115,811,42,114
1116,811,42,114
1117,811,42,114
1117,811,42,114
1118,811,42,114
1119,811,42,114
1119,811,42,114
1120,811,42,114
1121,811,42,114
1122,811,42,114
1124,812,42,114
1126,812,42,114
1127,813,42,114
1129,813,42,114
1131,814,42,114
1132,814,42,114
1134,815,42,114
1136,815,42,114
1138,816,42,114
1139,816,42,114
1141,817,42,114
1143,817,42,114
1145,818,42,114
1146,818,42,114
1148,819,42,114
1150,819,42,114
1152,820,42,114
1153,820,42,114
1155,821,42,114
1157,821,42,114
1159,822,42,114
1158,821,42,113
1157,821,42,112
1156,821,42,111
1155,821,42,110
1154,820,42,110
1154,820,41,109
1153,820,41,108
1152,820,42,107
1151,819,42,106
1150,819,42,105
1150,819,41,104
1149,819,41,103
1148,818,41,103
1147,818,41,102
1146,818,41,101
1146,818,41,100
1145,818,40,102
1144,818,40,104
1143,818,40,106
1142,818,40,108
1141,818,40,110
1140,818,40,112
1141,818,40,112
1142,819,40,112
1143,820,40,112
1144,821,40,112
1146,821,40,112
1147,822,40,112
1148,823,40,112
1149,824,40,112
1150,825,40,112
1152,825,40,112
1153,826,40,112
1154,827,40,112
1155,828,40,112
1157,829,40,112
1159,829,40,112
1161,829,40,112
1163,829,40,112
1165,830,40,112
1167,830,40,112
1169,830,40,112
1171,830,40,112
1173,831,40,112
1172,831,40,112
1172,832,40,112
1172,832,40,112
1171,833,40,112
1171,834,40,112
1171,834,40,112
1170,835,40,112
1170,836,40,112
1170,836,40,112
1170,837,40,112
1169,838,40,112
1169,838,40,112
1169,839,40,112
1168,840,40,112
1168,840,40,112
1168,841,40,112
1168,842,40,112
1167,842,40,112
1167,843,40,112
1167,843,40,112
1167,844,40,112
1167,844,40,112
1166,845,40,112
1166,845,40,112
1166,846,40,112
1166,846,40,112
1166,847,40,112
1166,848,40,112
1167,848,40,112
1168,849,40,112
1169,850,40,112
1170,851,40,112
1171,852,40,112
1173,853,40,112
1172,853,40,112
1172,854,40,112
1172,855,40,112
1172,856,40,112
1172,856,40,112
1172,857,40,112
1171,858,40,112
1171,859,40,112
1171,859,40,112
1171,860,40,112
1171,861,40,112
1171,862,40,112
1171,863,40,112
1171,864,40,111
1171,865,40,111
1171,866,41,111
1172,868,40,110
1172,869,40,110
1172,870,41,109
1173,872,40,108
1173,873,40,108
1173,874,41,108
1173,875,41,108
1174,877,40,107
1174,878,41,106
1174,879,41,106
1175,881,40,105
1175,882,41,105
1175,883,41,105
1176,885,41,104
1177,886,41,104
1178,888,42,104
1180,890,42,104
1181,892,43,104
1183,894,43,103
1184,896,44,103
1185,897,44,104
1187,899,44,104
1188,901,45,103
1190,903,45,103
1191,905,46,103
1193,907,46,103
1193,909,46,103
1193,911,46,103
1193,913,46,103
1193,915,46,103
1194,917,45,104
1194,919,45,104
1194,921,45,104
1194,923,46,104
1194,925,46,104
1195,927,45,105
1195,929,45,105
1195,931,45,105
1195,933,45,105
1195,935,45,105
1196,937,45,106
1196,939,45,108
1196,941,46,111
1196,943,46,113
1197,946,46,115
1198,947,46,114
1200,949,46,113
1202,950,46,112
1203,952,47,111
1205,953,47,110
1207,955,47,109
1208,956,48,108
1210,958,48,107
1212,959,48,106
1214,961,48,105
1215,963,48,103
1216,965,48,102
1218,968,47,100
1219,970,47,98
1220,972,47,97
1222,975,46,95
1222,976,46,94
1222,978,46,92
1222,980,46,90
1223,982,46,88
