945,530,66,105
944,529,66,105
944,528,66,105
944,528,66,104
944,527,66,104
944,526,65,104
944,526,65,104
943,525,66,104
943,525,66,103
943,524,66,103
943,523,65,103
943,523,65,102
943,522,65,103
942,522,66,102
942,521,65,102
942,520,65,102
942,520,65,101
942,519,65,101
942,519,65,101
941,517,65,101
941,516,65,101
941,515,65,100
941,514,64,100
940,512,65,100
940,511,65,100
940,510,65,100
940,509,64,99
940,508,64,99
939,506,65,99
939,505,64,99
939,504,64,98
939,503,64,98
939,502,64,98
938,500,64,98
937,499,64,98
936,497,64,98
935,496,64,98
934,495,64,98
934,493,64,98
934,492,64,97
934,490,64,97
934,489,64,97
934,487,64,97
934,486,64,96
934,485,64,96
935,483,63,96
935,482,63,95
935,480,63,96
935,479,63,95
935,478,63,94
935,476,63,95
935,475,63,94
936,473,62,94
936,472,62,94
936,471,62,93
936,469,62,93
936,468,62,93
936,466,62,93
936,465,62,92
937,464,62,92
936,463,62,92
936,463,62,92
936,462,62,92
936,462,62,92
936,461,62,92
936,461,62,92
936,460,62,93
936,459,62,94
936,459,62,94
937,458,62,95
937,458,62,95
937,457,62,96
938,456,62,97
938,456,62,97
938,455,62,98
939,455,62,98
939,455,62,98
939,456,63,98
939,456,63,98
939,457,64,98
939,458,65,98
939,460,64,98
939,462,64,98
939,464,64,98
939,466,64,98
939,469,64,97
939,470,64,97
940,471,64,97
940,472,65,97
941,474,65,97
941,473,65,97
941,473,66,97
941,473,66,96
942,472,66,97
942,472,66,97
942,472,67,96
943,471,66,97
943,471,67,96
943,471,68,96
944,470,67,97
944,470,68,96
944,470,68,96
944,470,69,95
945,469,68,96
945,469,69,96
945,469,70,95
946,468,69,96
946,468,70,95
946,468,70,95
947,467,70,96
947,467,70,95
947,467,71,95
948,467,71,95
948,466,71,95
948,465,72,95
948,464,72,95
948,464,73,95
948,463,74,95
948,462,74,95
948,462,75,95
948,461,75,95
948,460,76,95
949,460,76,95
949,459,77,95
949,459,78,94
950,458,78,95
950,458,79,94
951,457,79,94
951,457,80,94
951,457,81,93
952,456,81,93
952,456,82,93
953,455,82,93
953,455,83,92
954,455,83,92
954,455,83,92
955,455,83,93
955,456,84,92
956,456,84,93
956,457,85,92
957,457,85,93
957,457,86,94
958,458,86,93
958,458,86,94
959,459,86,93
959,459,87,94
960,459,87,95
960,460,88,94
961,460,88,95
961,461,89,94
962,461,89,95
963,462,89,95
962,463,91,95
961,464,93,95
961,466,95,94
960,467,95,94
959,469,95,94
959,471,95,94
958,472,95,95
957,474,95,95
957,476,95,94
956,478,95,94
955,479,95,95
955,481,95,95
954,483,95,95
954,485,95,95
953,486,95,95
952,488,95,95
951,490,96,95
950,492,96,95
949,493,97,95
948,495,97,95
947,497,98,95
946,499,98,95
946,501,98,95
945,500,98,95
944,500,99,95
943,500,99,94
942,500,100,94
941,499,100,95
940,499,101,94
939,499,101,94
939,499,101,94
937,498,102,94
936,498,103,94
935,497,103,95
934,497,104,95
932,496,105,95
931,496,105,95
930,496,105,95
928,495,106,95
927,495,106,95
926,495,106,95
925,495,107,95
921,494,107,95
918,494,107,95
915,494,107,95
911,493,107,95
908,493,107,95
905,493,107,95
901,492,107,95
898,492,107,95
895,492,107,95
891,491,107,95
888,491,107,95
885,491,107,95
882,491,107,95
880,490,107,95
879,490,107,95
877,490,107,95
876,490,107,94
874,490,107,94
873,490,107,94
873,489,107,94
873,489,107,94
874,489,107,94
874,488,107,94
874,488,108,94
875,488,107,94
875,487,108,94
875,487,108,94
876,487,107,94
876,486,108,94
876,486,108,94
877,486,108,94
877,485,108,94
877,485,109,94
878,485,108,94
878,484,108,94
878,484,109,94
879,484,108,94
879,483,109,94
879,483,109,94
880,483,109,94
880,482,109,94
881,482,109,94
881,481,109,94
882,481,109,94
882,481,109,94
883,480,109,94
883,480,109,94
884,479,109,94
884,479,109,94
885,479,109,94
885,478,109,94
886,478,109,94
886,477,109,94
887,477,109,94
887,477,109,94
888,476,109,94
888,476,109,94
889,475,109,94
889,475,109,94
890,475,109,94
890,474,109,94
891,474,109,94
892,474,109,94
892,473,109,94
893,473,109,94
893,472,109,94
894,472,109,94
894,472,109,94
895,471,109,94
895,471,109,94
896,471,109,94
896,470,110,94
897,470,109,94
897,469,110,94
898,469,109,94
898,469,110,94
899,468,109,94
899,468,110,94
900,468,110,94
899,467,110,94
899,466,110,94
899,465,110,94
899,465,110,94
899,464,110,94
898,463,111,94
898,462,111,94
898,462,111,94
898,461,111,94
898,460,111,94
898,460,111,94
897,459,111,94
897,458,111,94
897,458,111,94
897,457,111,94
897,456,111,94
897,456,111,94
897,455,111,94
897,454,110,94
897,454,110,94
897,453,110,94
897,452,110,94
897,452,110,94
897,451,110,94
897,450,110,94
897,450,110,94
896,449,110,94
896,449,110,93
895,448,111,93
895,448,111,93
894,448,112,92
894,448,112,92
894,448,112,91
893,448,113,91
893,447,113,91
892,447,114,91
892,447,114,91
892,447,114,90
891,447,115,90
891,447,115,89
890,446,117,90
890,446,117,89
890,446,117,89
889,446,118,88
889,446,118,88
888,446,119,88
888,445,119,88
888,445,119,88
887,445,120,87
887,445,120,87
886,445,121,86
886,445,121,86
886,445,122,86
886,444,122,86
887,444,122,86
887,444,122,85
888,443,122,86
888,443,122,85
889,443,122,85
889,442,122,85
890,442,122,85
891,442,122,85
892,442,122,85
893,443,122,85
894,443,122,85
895,444,122,85
896,445,122,85
898,445,122,85
899,446,122,85
900,447,122,85
901,447,122,85
902,448,122,85
903,449,122,85
905,449,122,85
906,450,122,85
907,451,122,85
908,451,122,85
909,452,122,85
911,453,122,85
911,453,122,85
912,454,122,85
912,455,122,85
913,455,122,85
913,456,122,85
914,457,122,85
912,458,122,85
911,459,122,86
910,461,122,85
909,462,122,86
907,464,122,85
906,465,122,86
905,467,122,85
904,468,122,86
903,469,122,86
901,471,122,86
900,472,122,86
899,474,122,86
898,475,122,86
897,477,122,86
897,478,122,86
897,480,122,85
897,481,122,86
897,483,122,85
897,484,122,85
897,486,122,85
897,487,122,85
898,489,122,85
898,489,122,85
898,490,123,85
898,491,124,85
899,492,124,85
899,493,124,85
899,494,125,85
899,494,126,85
900,495,126,85
900,496,126,85
900,497,127,85
900,498,128,85
901,499,128,85
