323,339,17,12
325,338,15,12
325,338,15,12
325,338,15,12
325,338,15,12
325,338,15,12
325,338,15,12
325,338,15,12
325,338,15,12
325,338,15,12
325,338,15,12
325,338,15,12
325,338,14,12
325,338,14,12
325,338,14,12
325,338,14,12
325,338,14,12
325,338,14,12
325,338,14,12
325,338,14,12
325,338,14,12
325,338,14,12
325,338,14,12
325,338,14,12
324,336,13,12
324,336,13,12
320,337,13,11
320,337,13,11
318,337,13,11
318,337,13,11
318,337,13,11
318,337,13,11
318,337,13,11
317,335,12,12
317,335,12,12
317,335,12,12
317,335,12,12
317,335,12,12
317,335,12,12
317,335,12,12
317,335,12,12
317,335,12,12
317,335,12,12
317,335,12,12
317,335,12,12
316,333,13,12
316,333,13,12
316,333,13,12
316,333,13,12
316,333,13,12
316,333,13,12
316,333,13,12
316,333,13,12
316,333,13,12
316,333,13,12
316,333,13,12
316,333,13,12
316,333,13,12
316,333,13,12
316,333,13,12
316,333,13,12
316,333,13,12
316,333,13,12
317,328,15,14
318,328,15,14
318,327,15,14
318,327,15,14
319,327,15,14
319,327,15,14
319,326,15,14
320,326,15,14
320,326,15,14
320,326,15,14
321,325,15,14
321,325,15,14
321,325,15,14
322,325,14,14
322,324,15,14
322,324,15,14
323,324,14,14
323,324,15,14
323,323,15,14
324,323,14,14
324,323,15,14
324,323,15,14
324,322,15,14
325,322,15,14
325,322,15,14
325,322,15,14
326,321,14,14
326,321,15,14
326,321,15,14
327,321,14,14
327,320,15,14
327,320,15,14
328,320,14,14
328,320,15,14
328,319,15,14
329,319,14,14
329,319,15,14
329,319,15,14
330,318,14,14
330,318,14,14
330,318,15,14
331,318,14,14
331,317,14,14
331,317,15,14
332,317,14,14
332,317,14,14
332,316,15,14
332,316,15,14
333,316,14,14
333,316,15,14
333,315,15,14
334,315,14,14
334,315,15,14
334,315,15,14
335,314,14,14
335,314,14,14
335,314,15,14
336,314,14,14
336,313,14,14
336,313,15,14
337,313,14,14
337,313,14,14
337,312,15,14
338,312,14,14
338,312,14,14
338,312,15,14
339,311,14,14
339,311,14,14
339,311,14,14
340,311,14,14
340,310,14,14
340,310,14,14
340,310,15,14
341,310,14,14
341,309,14,14
341,309,15,14
342,309,14,14
342,309,14,14
342,308,15,14
343,308,14,14
343,308,14,14
343,308,14,14
344,307,14,14
344,307,14,14
344,307,14,14
345,307,14,14
345,306,14,14
345,306,14,14
346,306,14,14
346,306,14,14
346,305,14,14
347,305,14,14
347,305,14,14
347,305,14,14
348,305,14,14
348,304,14,14
348,304,14,14
348,304,14,14
348,304,14,14
348,303,14,14
348,303,14,14
349,303,13,14
349,303,13,14
349,302,13,14
349,302,14,14
349,302,14,14
349,302,14,14
349,301,14,14
350,301,13,14
350,301,13,14
350,301,13,14
350,300,13,14
350,300,13,14
350,300,13,14
351,300,13,14
351,299,13,14
352,299,13,14
352,298,13,14
353,298,13,14
354,298,13,14
354,297,13,14
354,297,13,14
355,297,13,14
355,297,13,14
356,297,13,14
356,296,13,14
356,296,13,14
356,295,13,14
356,295,13,14
356,295,13,14
356,294,13,14
357,294,13,14
357,294,13,14
357,293,13,14
357,293,13,14
357,293,13,14
357,292,13,14
357,292,13,14
359,292,13,14
359,291,13,14
359,291,13,14
359,291,13,14
359,290,13,14
360,290,13,14
360,290,13,14
