1435,1132,147,213
1435,1132,147,213
1435,1132,147,213
1435,1132,147,213
1435,1132,147,213
1435,1117,147,214
1435,1117,147,214
1435,1117,147,214
1435,1117,147,214
1435,1117,147,214
1429,1103,147,209
1429,1103,147,209
1429,1103,147,209
1429,1103,147,209
1432,1091,133,197
1432,1091,133,197
1432,1091,133,197
1432,1091,133,197
1427,1077,133,205
1427,1077,133,205
1427,1077,133,205
1427,1077,133,205
1419,1064,137,203
1419,1064,137,203
1419,1064,137,203
1419,1064,137,203
1423,1052,131,199
1423,1052,131,199
1423,1052,131,199
1423,1052,131,199
1418,1033,131,195
1418,1033,131,195
1418,1033,131,195
1418,1033,131,195
1418,1033,131,195
1418,1033,131,195
1418,1033,131,195
1418,1033,131,195
1410,1017,127,191
1410,1017,127,191
1410,1017,127,191
1410,1017,127,191
1410,1017,127,191
1410,1017,127,191
1400,1011,129,173
1400,1011,129,173
1402,1001,123,177
1402,1001,123,177
1402,1001,123,177
1402,1001,123,177
1402,1001,123,177
1398,995,127,179
1398,995,127,179
1398,995,127,179
1398,995,127,179
1404,982,112,171
1404,982,112,171
1404,982,112,171
1404,982,112,171
1404,982,112,171
1404,982,112,171
1404,982,112,171
1392,978,116,175
1392,978,116,175
1392,978,116,175
1392,978,116,175
1392,978,116,175
1400,968,102,173
1400,968,102,173
1400,968,102,173
1400,968,102,173
1400,968,102,173
1400,968,102,173
1400,968,102,173
1400,968,102,173
1400,968,102,173
1400,968,102,173
1400,968,102,173
1384,954,108,185
1384,954,108,185
1384,954,108,185
1384,954,108,185
1384,954,108,185
1384,954,108,185
1384,954,108,185
1384,954,108,185
1384,954,108,185
1384,954,108,185
1384,954,108,185
1379,954,95,167
1379,954,95,167
1379,954,95,167
1379,954,95,167
1379,954,95,167
1379,954,95,167
1379,954,95,167
1379,954,95,167
1379,954,95,167
1379,954,95,167
1379,954,95,167
1379,954,95,167
1379,954,95,167
1379,954,95,167
1379,954,95,167
1379,954,95,167
1379,954,95,167
1379,954,95,167
1379,954,95,167
1379,954,95,167
1363,950,116,168
1363,950,116,168
1363,950,116,168
1363,950,116,168
1363,950,116,168
1363,950,116,168
1363,950,116,168
1363,950,116,168
1363,950,116,168
1363,950,116,168
1363,950,116,168
1363,950,116,168
1363,950,116,168
1363,950,116,168
1363,950,116,168
1363,950,116,168
1363,950,116,168
1363,950,116,168
1363,950,116,168
1363,950,116,168
1363,950,116,168
1363,950,116,168
1363,950,116,168
1357,950,116,178
1357,950,116,178
1357,950,116,178
1357,950,116,178
1357,950,116,178
1357,950,116,178
1357,950,116,178
1357,950,116,178
1357,950,116,178
1357,950,116,178
1357,950,116,178
1344,960,120,183
1344,960,120,183
1344,960,120,183
1344,960,120,183
1344,960,120,183
1344,960,120,183
1344,960,120,183
1344,960,120,183
1344,960,120,183
1344,960,120,183
1344,960,120,183
1344,960,120,183
1344,960,120,183
1344,960,120,183
1344,960,120,183
1344,960,120,183
1344,960,120,183
1344,960,120,183
1344,960,120,183
1344,960,120,183
1344,960,120,183
1344,960,120,183
1344,960,120,183
1344,960,120,183
1344,960,120,183
1344,960,120,183
1344,960,120,183
1344,960,120,183
1344,960,120,183
1344,960,120,183
1344,960,120,183
1344,960,120,183
1344,960,120,183
1344,960,120,183
1336,974,120,183
1336,974,120,183
1336,974,120,183
1336,974,120,183
1336,974,120,183
1336,974,120,183
1336,974,120,183
1336,974,120,183
1336,974,120,183
1336,974,120,183
1336,974,120,183
1336,974,120,183
1336,974,120,183
1332,972,120,183
1332,972,120,183
1332,972,120,183
1332,972,120,183
1332,972,120,183
1332,972,120,183
1332,972,120,183
1332,972,120,183
1332,972,120,183
1332,972,120,183
1322,971,130,179
1322,971,130,179
1322,971,130,179
1322,971,130,179
1322,971,130,179
1322,971,130,179
1322,971,130,179
1322,971,130,179
1322,971,130,179
1322,971,130,179
1322,971,130,179
1322,971,130,179
1322,971,130,179
1322,971,130,179
1320,954,120,183
1320,954,120,183
1320,954,120,183
1320,954,120,183
1320,954,120,183
1320,954,120,183
1320,954,120,183
1320,954,120,183
1324,947,124,187
1324,947,124,187
1324,947,124,187
1324,947,124,187
1324,947,124,187
1324,947,124,187
1324,947,124,187
1324,947,124,187
1324,947,124,187
1324,947,124,187
1324,947,124,187
1324,947,124,187
1324,947,124,187
1324,947,124,187
1324,947,124,187
1324,947,124,187
1324,947,124,187
1316,939,126,185
1316,939,126,185
1316,939,126,185
1316,939,126,185
1316,939,126,185
1316,939,126,185
1316,939,126,185
1316,939,126,185
1316,939,126,185
1316,939,126,185
1316,939,126,185
1316,939,126,185
1316,939,126,185
1316,939,126,185
1315,932,124,179
1315,932,124,179
1315,932,124,179
1315,932,124,179
1315,932,124,179
1315,932,124,179
1315,932,124,179
1315,932,124,179
1315,932,124,179
1315,932,124,179
1315,932,124,179
1315,932,124,179
1315,932,124,179
1315,932,124,179
1307,929,130,173
1307,929,130,173
1307,929,130,173
1307,929,130,173
1307,929,130,173
1307,929,130,173
1307,929,130,173
1307,929,130,173
1307,929,130,173
1317,929,120,173
1317,929,120,173
1317,929,120,173
1317,929,120,173
1317,929,120,173
1317,929,120,173
1317,929,120,173
1317,929,120,173
1317,929,120,173
1317,929,120,173
1303,908,118,177
1303,908,118,177
1303,908,118,177
1303,908,118,177
1303,908,118,177
1303,908,118,177
1303,908,118,177
1303,908,118,177
1303,908,118,177
1292,896,134,175
1292,896,134,175
1292,896,134,175
1292,896,134,175
1292,896,134,175
1292,896,134,175
1292,896,134,175
1292,896,134,175
1298,890,118,169
1298,890,118,169
1298,890,118,169
1298,890,118,169
1298,890,118,169
1298,890,118,169
1298,890,118,169
1298,890,118,169
1298,890,118,169
1293,876,109,156
1293,876,109,156
1293,876,109,156
1293,876,109,156
1293,876,109,156
1289,872,119,164
1289,872,119,164
1289,872,119,164
1287,859,119,159
1287,859,119,159
1287,859,119,159
1287,859,119,159
1287,859,119,159
1285,854,116,155
1285,854,116,155
1285,854,116,155
1285,854,116,155
1285,854,116,155
1285,854,116,155
1285,854,116,155
1278,839,118,157
1278,839,118,157
1278,839,118,157
1276,833,118,157
1276,833,118,157
1276,833,118,157
1276,833,118,157
1273,828,118,155
1273,828,118,155
1273,828,118,155
1273,828,118,155
1271,818,118,157
1271,818,118,157
1271,818,118,157
1271,818,118,157
1259,805,128,161
1259,803,128,161
1267,807,120,155
1267,807,120,155
1267,807,120,155
1265,800,110,153
1265,800,110,153
1265,800,110,153
1269,792,108,153
1269,792,108,153
1269,792,108,153
1269,792,108,153
1269,792,108,153
1268,789,106,145
1268,789,106,145
1268,789,106,145
1268,789,106,145
1268,789,106,145
1268,789,106,145
1255,775,110,143
1255,775,110,143
1255,775,110,143
1255,775,110,143
1255,775,110,143
1255,775,110,143
1255,775,110,143
1253,763,109,150
1253,763,109,150
1253,763,109,150
1253,763,109,150
1253,763,109,150
1253,763,109,150
1253,763,109,150
1253,763,109,150
1253,763,109,150
1255,744,96,136
1255,744,96,136
1255,744,96,136
1255,744,96,136
1255,744,96,136
1255,744,96,136
1255,744,96,136
1255,744,96,136
1255,744,96,136
1255,744,96,136
1250,727,98,138
1250,727,98,138
1250,727,98,138
1250,727,98,138
1250,727,98,138
1250,727,98,138
1250,727,98,138
1250,727,98,138
1250,727,98,138
1241,718,104,146
1241,716,104,146
1241,714,104,146
1251,712,80,132
1251,712,80,132
1251,712,80,132
1251,712,80,132
1251,712,80,132
1251,703,84,132
1251,703,84,132
1251,703,84,132
1251,703,84,132
1251,703,84,132
1251,703,84,132
1250,697,80,126
1250,697,80,126
1250,697,80,126
1250,697,80,126
1250,697,80,126
1250,697,80,126
1238,687,80,126
1238,687,80,126
1238,687,80,126
1238,687,80,126
1238,687,80,126
1238,678,78,130
1238,678,78,130
1238,678,78,130
1238,678,78,130
1238,678,78,130
1238,678,78,130
1238,678,78,130
1238,678,78,130
1238,678,78,130
1229,662,82,129
1229,662,82,129
1229,662,82,129
1229,662,82,129
1229,662,82,129
1229,662,82,129
1229,662,82,129
1229,662,82,129
1229,662,82,129
1229,662,82,129
1225,652,82,125
1225,652,82,125
1225,652,82,125
1225,652,82,125
1225,652,82,125
1225,652,82,125
1225,652,82,125
1225,652,82,125
1225,652,82,125
1225,652,82,125
1227,643,84,123
1227,643,84,123
1227,643,84,123
1227,643,84,123
1227,643,84,123
1227,643,84,123
1227,643,84,123
1227,643,84,123
1230,642,78,117
1230,642,78,117
1230,642,78,117
1230,642,78,117
1230,642,78,117
1224,619,86,123
1224,628,76,119
1224,628,76,119
1224,628,76,119
1224,628,76,119
1224,628,76,119
1224,628,76,119
1224,628,76,119
1226,616,84,123
1226,616,84,123
1226,616,84,123
1226,616,84,123
1226,616,84,123
1226,616,84,123
1226,616,84,123
1226,616,84,123
1226,616,84,123
1226,616,84,123
1226,616,84,123
1226,616,84,123
1226,616,84,123
1226,616,84,123
1226,616,84,123
1228,607,82,115
1228,607,82,115
1228,607,82,115
1228,607,82,115
1228,607,82,115
1228,607,82,115
1228,607,82,115
1228,607,82,115
1228,607,82,115
1228,607,82,115
1232,603,76,114
1232,603,76,114
1232,603,76,114
1232,603,76,114
1232,603,76,114
1232,603,76,114
1232,603,76,114
1232,603,76,114
1232,603,76,114
1232,603,76,114
1232,603,76,114
1232,603,76,114
1232,603,76,114
1234,595,78,109
1234,595,78,109
1234,595,78,109
1234,595,78,109
1234,595,78,109
1234,595,78,109
1234,595,78,109
1234,595,78,109
1234,595,78,109
1234,595,78,109
1234,595,78,109
1234,595,78,109
1234,595,78,109
1234,595,78,109
1234,595,78,109
1234,595,78,109
1234,595,78,109
1234,595,78,109
1234,595,78,109
1242,592,68,111
1242,592,68,111
1242,592,68,111
1242,592,68,111
1242,592,68,111
1242,592,68,111
1242,592,68,111
1242,592,68,111
1242,592,68,111
1242,592,68,111
1242,592,68,111
1242,592,68,111
1242,592,68,111
1242,592,68,111
1242,592,68,111
1242,592,68,111
1242,592,68,111
1242,592,68,111
1242,592,68,111
1242,592,68,111
1242,592,68,111
1242,592,68,111
1242,592,68,111
1242,592,68,111
1242,592,68,111
1242,592,68,111
1242,592,68,111
1242,592,68,111
1242,592,68,111
1242,592,68,111
1242,592,68,111
1242,592,68,111
1242,592,68,111
1242,592,68,111
1242,592,68,111
1242,592,68,111
1242,592,68,111
1242,592,68,111
1242,592,68,111
1242,592,68,111
1242,592,68,111
1242,592,68,111
1239,567,76,110
1239,567,76,110
1239,567,76,110
1239,567,76,110
1239,567,76,110
1239,567,76,110
1239,567,76,110
1239,567,76,110
1239,567,76,110
1239,567,76,110
1239,567,76,110
1239,567,76,110
1239,567,76,110
1239,567,76,110
1239,567,76,110
1234,561,74,104
1234,561,74,104
1234,561,74,104
1234,561,74,104
1234,561,74,104
1234,561,74,104
1234,561,74,104
1234,561,74,104
1234,561,74,104
1234,561,74,104
1234,561,74,104
1237,550,71,110
1237,550,71,110
1237,550,71,110
1237,550,71,110
1237,550,71,110
1237,550,71,110
1237,550,71,110
1237,550,71,110
1237,550,71,110
1237,550,71,110
1237,550,71,110
1237,550,71,110
1238,532,65,107
1238,540,65,99
1238,540,65,99
1238,540,65,99
1238,540,65,99
1238,540,65,99
1238,532,65,107
1238,532,65,107
1238,532,65,107
1238,532,65,107
1238,532,65,107
1238,532,65,107
1238,532,65,107
1238,532,65,107
1238,532,65,107
1240,512,71,105
1240,512,71,105
1232,525,75,95
1232,525,75,95
1232,525,75,95
1232,525,75,95
1232,525,75,95
1232,525,75,95
1232,525,75,95
1232,525,75,95
1232,525,75,95
1232,525,75,95
1225,508,83,115
1225,506,83,116
1225,505,83,115
1225,503,83,116
1233,508,73,100
1233,508,73,100
1233,508,73,100
1233,508,73,100
1233,508,73,100
1233,508,73,100
1233,508,73,100
1233,508,73,100
1233,508,73,100
1240,499,67,101
1240,499,67,101
1240,499,67,101
1240,499,67,101
1240,499,67,101
1240,499,67,101
1240,499,67,101
1240,499,67,101
1240,499,67,101
1240,499,67,101
1239,488,67,100
1239,488,67,100
1239,488,67,100
1239,488,67,100
1239,488,67,100
1239,488,67,100
1239,488,67,100
1239,488,67,100
1239,488,67,100
1240,481,67,98
1240,481,67,98
1240,481,67,98
1240,481,67,98
1240,481,67,98
1240,481,67,98
1240,481,67,98
1241,478,57,96
1241,478,57,96
1241,478,57,96
1241,478,57,96
1241,478,57,96
1241,478,57,96
1241,478,57,96
1241,478,57,96
1241,478,57,96
1241,478,57,96
1241,478,57,96
1237,470,71,88
1239,475,65,98
1239,475,65,98
1239,475,65,98
1239,475,65,98
1239,475,65,98
1239,475,65,98
1239,475,65,98
1239,475,65,98
1239,475,65,98
1239,475,65,98
1239,475,65,98
1239,475,65,98
1239,475,65,98
1239,475,65,98
1239,475,65,98
1239,475,65,98
1239,475,65,98
1239,475,65,98
1239,475,65,98
1239,475,65,98
1239,475,65,98
1239,475,65,98
1239,475,65,98
1251,472,59,94
1251,472,59,94
1251,472,59,94
1251,472,59,94
1251,472,59,94
1251,472,59,94
1251,472,59,94
1251,472,59,94
1247,464,63,102
1249,478,61,88
1249,478,61,88
1249,478,61,88
1249,478,61,88
1249,478,61,88
1249,478,61,88
1249,478,61,88
1249,478,61,88
1249,478,61,88
1249,478,61,88
1249,478,61,88
1249,478,61,88
1249,478,61,88
1249,478,61,88
1249,478,61,88
1249,478,61,88
1249,478,61,88
1249,478,61,88
1249,478,61,88
1249,478,61,88
1249,478,61,88
1246,479,65,82
1246,479,65,82
1246,479,65,82
1246,479,65,82
1246,479,65,82
1246,479,65,82
1246,479,65,82
1246,479,65,82
1246,479,65,82
1246,479,65,82
1246,479,65,82
1246,479,65,82
1246,479,65,82
1252,491,65,82
1252,491,65,82
1252,491,65,82
1252,491,65,82
1248,499,65,82
1248,499,65,82
1248,499,65,82
1250,501,65,82
1250,501,65,82
1250,501,65,82
1250,501,65,82
1250,501,65,82
1256,498,61,100
1256,498,61,100
1256,498,61,100
1256,498,61,100
1256,498,61,100
1256,498,61,100
1256,498,61,100
1256,498,61,100
1256,498,61,100
1256,498,61,100
1256,498,61,100
1256,498,61,100
1256,498,61,100
1261,509,59,80
1261,509,59,80
1261,509,59,80
1261,509,59,80
1261,509,59,80
1261,509,59,80
1261,509,59,80
1261,509,59,80
1261,509,59,80
1261,509,59,80
1262,508,63,98
1262,508,63,98
1262,508,63,98
1262,508,63,98
1268,522,63,98
1268,522,63,98
1268,522,63,98
1258,522,65,92
1258,522,65,92
1264,532,65,92
1264,532,65,92
1264,532,65,92
1262,537,67,96
1262,537,67,96
1262,537,67,96
1262,543,67,96
1262,543,67,96
1262,543,67,96
1262,543,67,96
1266,556,69,100
1264,562,69,100
1264,562,69,100
1266,566,69,100
1266,566,69,100
1264,570,69,100
1264,570,69,100
1267,579,65,104
1267,579,65,104
1267,587,65,104
1267,587,65,104
1267,587,65,104
1267,587,65,104
1271,595,65,104
1271,595,65,104
1271,595,65,104
1271,595,65,104
1271,595,65,104
1269,603,65,104
1269,603,65,104
1269,603,65,104
1269,603,65,104
1280,615,65,96
1280,615,65,96
1280,615,65,96
1280,615,65,96
1280,615,65,96
1280,615,65,96
1286,621,57,98
1286,621,57,98
1286,621,57,98
1286,633,57,98
1286,633,57,98
1286,633,57,98
1286,633,57,98
1286,633,57,98
1281,652,69,96
1281,652,69,96
1281,652,69,96
1281,652,69,96
1281,652,69,96
1281,652,69,96
1281,652,69,96
1281,652,69,96
1292,666,63,104
1292,666,63,104
1292,666,63,104
1292,666,63,104
1292,666,63,104
1292,666,63,104
1292,666,63,104
1292,666,63,104
1292,666,63,104
1292,666,63,104
1303,679,61,108
1303,679,61,108
1303,679,61,108
1303,679,61,108
1303,679,61,108
1303,679,61,108
1303,679,61,108
1303,679,61,108
1303,679,61,108
1303,679,61,108
1305,693,61,108
1305,693,61,108
1305,693,61,108
1305,693,61,108
1305,693,61,108
1307,707,63,100
1307,707,63,100
1307,707,63,100
1307,707,63,100
1307,707,63,100
1307,707,63,100
1307,707,63,100
1307,707,63,100
1307,707,63,100
1307,707,63,100
1307,707,63,100
1307,707,63,100
1307,707,63,100
1307,707,63,100
1307,707,63,100
1307,707,63,100
1307,707,63,100
1317,706,73,104
1306,707,83,104
1306,707,83,104
1307,708,83,104
1308,708,82,105
1309,709,81,105
1310,709,81,106
1311,710,80,106
1312,710,79,107
1313,711,79,107
1314,711,79,107
1315,712,80,107
1317,712,79,107
1318,713,80,107
1320,713,79,107
1321,714,80,107
1323,715,80,107
1323,715,80,107
1323,715,80,108
1323,716,80,108
1323,716,80,109
1323,717,80,109
1323,717,80,110
1323,718,80,110
1322,718,80,110
1321,719,80,110
1321,720,80,110
1320,721,80,110
1320,722,80,110
1319,723,80,110
1318,724,80,110
1318,725,80,110
1317,726,80,110
1317,727,80,110
1316,728,80,110
1316,729,80,110
1316,729,80,110
1316,729,80,110
1317,730,80,110
1317,730,80,110
1318,730,79,111
1318,731,80,110
1319,731,79,111
1319,731,79,111
1320,732,79,111
1320,732,79,111
1321,733,79,111
1323,736,79,110
1325,739,79,110
1327,742,79,110
1330,745,79,110
1336,743,69,106
1336,743,69,106
1336,743,69,106
1336,743,69,106
1336,743,69,106
1336,743,69,106
1336,743,69,106
1336,743,69,106
1336,743,69,106
1336,743,69,106
1336,743,69,106
1345,754,73,97
1345,754,73,97
1345,754,73,97
1345,754,73,97
1345,754,73,97
1345,754,73,97
1345,754,73,97
1345,754,73,97
1345,754,73,97
1345,754,73,97
1360,766,72,102
1360,766,72,102
1360,766,72,102
1360,766,72,102
1360,766,72,102
1343,762,80,110
1341,763,80,110
1340,765,80,110
1338,766,80,110
1337,768,80,110
1337,769,80,110
1338,770,80,110
1339,771,80,110
1340,773,80,110
1341,774,80,110
1342,775,80,110
1343,776,80,110
1344,778,80,110
1344,779,80,110
1345,780,80,110
1345,782,80,110
1346,783,80,110
1347,784,80,110
1347,786,80,110
1348,787,80,110
1349,789,80,110
1350,790,80,110
1351,791,80,110
1352,792,80,110
1353,793,80,110
1354,794,80,110
1356,795,80,110
1357,796,80,110
1358,797,80,110
1359,799,80,110
1360,800,80,110
1362,802,80,110
1362,803,80,110
1363,805,80,110
1363,806,80,110
1364,808,80,110
1364,808,80,111
1365,809,80,111
1366,809,80,112
1367,810,80,113
1367,811,80,113
1368,811,80,114
1369,812,80,114
1370,813,80,115
1364,813,80,116
1359,814,80,116
1353,815,80,116
1348,816,80,116
1341,816,80,116
1334,817,80,116
1327,818,80,116
1320,819,80,116
1313,819,80,116
1306,820,80,116
1299,821,80,116
1302,824,80,116
1302,824,80,116
1288,823,80,116
1288,823,80,116
1270,827,80,116
1270,827,80,116
1250,827,80,116
1250,828,80,116
1250,829,81,116
1251,831,81,116
1251,832,82,116
1252,834,82,116
1252,835,83,116
1253,837,83,116
1253,838,84,116
1254,840,84,116
1254,841,85,116
1255,843,85,116
1255,844,86,116
1256,846,86,116
1256,845,86,119
1257,844,86,123
1258,844,86,126
1259,843,86,130
1260,842,86,134
1261,842,86,137
1261,843,86,137
1262,844,86,137
1263,846,86,137
1263,847,86,137
1264,849,86,137
1265,850,86,137
1266,852,86,137
1266,852,86,137
1267,853,86,137
1267,854,86,137
1268,854,86,137
1269,855,86,137
1269,856,86,137
1270,857,86,137
1271,857,86,137
1271,858,86,137
1272,859,86,137
1273,860,86,137
1272,863,86,137
1271,866,86,137
1270,869,86,137
1270,872,86,137
1269,871,87,138
1269,871,88,138
1269,871,89,138
1269,871,90,138
1291,885,67,110
1291,885,67,110
1291,885,67,110
1291,885,67,110
1291,885,67,110
1291,885,67,110
1291,885,67,110
1291,885,67,110
1291,885,67,110
1291,885,67,110
1291,885,67,110
1291,885,67,110
1291,885,67,110
1291,885,67,110
1291,885,67,110
1291,885,67,110
1295,894,70,125
1295,894,70,125
1295,894,70,125
1295,894,70,125
1295,894,70,125
1295,894,70,125
1295,894,70,125
1295,894,70,125
1295,894,70,125
1295,894,70,125
1299,925,76,115
1299,925,76,115
1299,925,76,115
1299,925,76,115
1299,925,76,115
1299,925,76,115
1299,925,76,115
1299,925,76,115
1299,925,76,115
1299,925,76,115
1299,925,76,115
1308,937,78,123
1308,937,78,123
1308,937,78,123
1308,937,78,123
1308,937,78,123
1308,937,78,123
1308,937,78,123
1308,937,78,123
1308,937,78,123
1306,954,78,135
1306,954,78,135
1306,954,78,135
1306,954,78,135
1306,954,78,135
1306,954,78,135
1306,954,78,135
1306,954,78,135
1306,954,78,135
1306,954,78,135
1306,954,78,135
1306,954,78,135
1276,965,92,137
1271,966,92,137
1267,967,92,137
1262,969,92,137
1258,970,92,137
1253,971,92,137
1249,973,92,137
1244,974,92,137
1240,975,92,137
1235,977,92,137
1231,978,92,137
1226,979,92,137
1222,981,92,137
1217,982,92,137
1213,983,92,137
1208,985,92,137
1204,986,92,137
1199,987,92,137
1195,989,92,137
1196,991,92,137
1197,993,92,138
1198,995,92,139
1199,997,92,139
1200,999,92,140
1202,1001,92,141
1203,1003,92,142
1204,1005,92,142
1205,1007,92,143
1206,1009,92,144
1208,1012,92,144
1208,1013,94,144
1209,1015,95,144
1210,1017,96,144
1211,1018,97,144
1212,1020,98,144
1213,1022,99,144
1214,1024,101,144
1215,1025,101,145
1216,1027,101,146
1218,1029,100,146
1219,1031,101,147
1220,1033,101,147
1222,1034,100,149
1223,1036,100,149
1224,1038,101,150
1226,1040,100,150
1227,1042,100,151
1229,1044,100,152
1230,1045,100,152
1231,1046,100,152
1232,1047,100,152
1234,1048,100,152
1234,1050,101,152
1235,1052,101,152
1236,1054,101,152
1238,1055,101,152
1240,1056,101,152
1242,1058,101,152
1242,1060,101,152
1242,1062,101,152
1242,1064,101,152
1242,1067,101,152
1243,1068,101,151
1245,1069,101,150
1247,1071,101,149
1250,1072,101,149
1253,1073,101,149
1256,1074,101,149
1256,1074,101,149
1256,1075,101,149
1257,1075,101,149
1257,1076,101,149
1257,1076,101,149
1258,1077,101,149
1259,1078,101,149
1260,1079,101,149
1261,1080,101,149
1262,1081,101,149
1264,1083,101,149
1265,1083,101,149
1266,1083,101,149
1268,1083,101,149
1269,1083,101,149
1270,1083,101,149
1272,1083,101,149
1272,1084,101,149
1273,1085,101,149
1274,1086,101,149
1275,1087,101,149
1276,1088,101,149
1277,1087,101,149
1278,1086,101,149
1280,1086,101,149
1280,1086,101,149
1281,1086,101,149
1281,1086,101,149
1282,1087,101,149
1283,1087,101,149
1283,1087,101,149
1284,1087,101,149
1285,1088,101,149
1286,1088,101,149
1287,1088,101,149
1288,1088,101,149
1289,1088,101,149
1290,1089,101,149
1291,1089,101,149
1292,1090,101,149
1293,1091,101,149
1293,1090,101,150
1293,1089,102,151
1293,1089,103,152
1293,1088,104,153
1294,1088,104,153
1294,1087,105,155
1294,1087,106,155
1294,1086,107,157
1295,1086,107,157
1295,1085,108,158
1295,1085,109,159
1295,1084,110,160
1296,1084,110,161
1293,1083,110,161
1290,1082,110,161
1288,1082,110,160
1287,1081,110,160
1287,1080,110,160
1287,1079,110,160
1286,1078,110,160
1286,1077,110,160
1286,1076,110,160
1286,1076,110,160
1285,1075,110,160
1285,1074,110,160
1285,1073,110,160
1284,1072,110,160
1284,1071,110,160
1284,1070,110,160
1284,1070,110,160
1283,1069,110,160
1282,1069,110,160
1282,1068,110,160
1281,1068,110,160
1280,1067,110,160
1280,1067,110,160
1279,1067,110,160
1278,1066,110,160
1278,1066,110,160
1277,1065,110,160
1276,1065,110,160
1276,1064,110,160
1275,1064,110,160
1275,1064,110,160
1275,1063,110,160
1275,1062,110,160
1276,1062,110,160
1276,1061,110,160
1277,1060,110,160
1277,1060,110,160
1278,1059,110,160
1278,1058,110,160
1279,1058,110,160
1279,1057,110,160
1279,1056,110,160
1280,1056,110,160
1280,1055,110,160
1281,1054,110,160
1281,1054,110,160
1282,1053,110,160
1282,1052,110,160
1283,1052,110,160
1283,1051,110,160
1283,1050,110,161
1283,1050,110,160
1283,1049,110,161
1284,1049,110,160
1284,1048,110,161
1284,1048,110,160
1284,1047,110,161
1284,1047,110,160
1285,1046,110,161
1285,1045,110,161
1285,1045,110,161
1285,1044,110,161
1285,1044,110,161
1286,1043,110,161
1286,1043,110,161
1286,1042,110,161
1286,1042,110,161
1286,1041,110,161
1287,1041,110,161
1287,1040,110,161
1287,1039,110,161
1287,1038,110,161
1287,1037,110,161
1287,1036,110,161
1287,1035,110,161
1287,1035,110,161
1287,1034,110,161
1287,1033,110,161
1287,1032,110,161
1287,1031,110,161
1287,1030,110,161
1287,1030,110,161
1287,1029,110,161
1287,1028,110,161
1287,1027,110,161
1287,1026,110,161
1287,1025,110,161
1287,1025,110,161
1287,1024,110,161
1287,1023,110,161
1287,1023,110,161
1288,1022,110,161
1300,1035,98,147
1300,1035,98,147
1300,1035,98,147
1300,1035,98,147
1300,1035,98,147
1300,1035,98,147
1300,1035,98,147
1300,1035,98,147
1300,1035,98,147
1300,1035,98,147
1300,1035,98,147
1300,1035,98,147
1300,1035,98,147
1299,1020,102,154
1299,1020,102,154
1299,1020,102,154
1299,1020,102,154
1299,1020,102,154
1299,1020,102,154
1299,1020,102,154
1299,1020,102,154
1299,1020,102,154
1299,1020,102,154
1299,1020,102,154
1299,1020,102,154
1299,1020,102,154
1299,1020,102,154
1299,1020,102,154
1299,1020,102,154
1299,1020,102,154
1299,1020,102,154
1299,1020,102,154
1299,1020,102,154
1299,1020,102,154
1299,1020,102,154
1299,1020,102,154
1299,1020,102,154
1299,1020,102,154
1299,1020,102,154
1299,1020,102,154
1298,1007,101,152
1298,1006,101,152
1298,1005,101,152
1298,1004,101,152
1298,1003,101,152
1298,1002,101,152
1298,1002,101,152
1298,1001,101,152
1298,1000,101,152
1298,999,101,152
1298,998,101,152
1298,997,101,152
1298,996,101,152
1298,996,101,152
1297,995,101,152
1297,995,101,152
1297,994,101,152
1297,994,101,152
1296,993,101,152
1296,993,101,152
1296,992,101,152
1296,992,101,152
1295,991,101,152
1295,991,101,152
1295,990,101,152
1295,990,101,152
1294,989,101,152
1294,988,101,152
1294,987,101,152
1294,986,101,152
1294,985,101,152
1294,984,101,152
1294,983,101,152
1294,982,101,152
1294,981,101,152
1293,980,101,152
1293,979,101,152
1293,978,101,152
1293,978,101,152
1292,977,101,152
1292,976,101,152
1292,975,101,152
1292,975,101,152
1291,974,101,152
1291,973,101,152
1291,972,101,152
1291,972,101,152
1290,971,101,152
1290,970,101,152
1290,970,101,152
1290,969,101,152
1290,968,101,152
1290,968,101,152
1289,967,101,152
1289,967,101,152
1289,966,101,152
1289,965,101,152
1289,965,101,152
1289,964,101,152
1288,964,101,152
1288,963,101,152
1288,962,101,152
1288,962,101,152
1288,961,101,152
1288,961,101,152
1287,961,101,152
1287,961,101,152
1287,961,101,152
1287,961,101,152
1287,961,101,152
1287,961,101,152
1287,961,101,152
1287,961,101,152
1287,961,101,152
1287,961,101,152
1287,961,101,152
1286,961,101,152
1286,961,101,152
1286,961,101,152
1286,961,101,152
1286,961,101,152
1286,961,101,152
1286,961,101,152
1286,961,101,152
1286,961,101,152
1286,961,101,152
1286,961,101,152
1286,961,101,152
1285,961,101,152
1285,961,101,152
1285,961,101,152
1285,961,101,152
1285,962,101,152
1284,962,101,152
1284,962,101,152
1284,962,101,152
1284,962,101,152
1284,963,101,152
1283,963,101,152
1283,963,101,152
1283,963,101,152
1283,963,101,152
1283,964,101,152
1282,964,101,152
1282,964,101,152
1282,964,101,152
1282,964,101,152
1282,965,101,152
1281,965,101,152
1281,966,101,152
1281,966,101,153
1281,967,101,153
1280,967,102,153
1280,968,102,153
1280,969,102,153
1280,969,102,154
1280,970,102,154
1279,970,103,154
1279,971,103,154
1279,971,103,155
1279,972,103,155
1279,973,103,155
1278,973,104,155
1278,973,104,155
1278,974,104,155
1278,974,104,155
1278,974,104,155
1278,975,104,155
1278,975,104,155
1278,975,104,155
1278,976,104,155
1278,976,104,155
1278,976,104,155
1278,977,104,155
1278,977,104,155
1278,978,104,155
1278,978,104,155
1278,978,104,155
1278,979,104,155
1278,979,104,155
1278,979,104,155
1278,980,104,155
1278,980,104,155
1278,980,104,155
1278,981,104,155
1278,981,104,155
1278,982,104,155
1277,982,104,155
1277,983,104,155
1277,984,104,155
1277,984,104,155
1277,985,104,155
1277,986,104,155
1277,986,104,155
1277,987,104,155
1277,988,104,155
1277,989,104,155
1277,989,104,155
1277,990,104,155
1277,991,104,155
1277,991,104,155
1277,992,104,155
1277,993,104,155
1277,993,104,155
1277,994,104,155
1277,995,104,155
1277,996,104,155
1276,996,104,155
1276,996,104,155
1276,996,104,155
1276,996,104,156
1276,997,104,155
1276,997,104,155
1276,997,104,155
1276,997,104,156
1276,998,104,155
1276,998,104,155
1276,998,104,155
1276,998,104,156
1276,999,104,155
1276,999,104,155
1276,999,104,156
1276,999,104,156
1276,999,104,156
1276,1000,104,155
1276,1000,104,156
1276,1000,104,156
1276,1000,104,156
1276,1001,104,155
1276,1001,104,156
1276,1001,104,156
1276,1001,104,156
1276,1002,104,155
1276,1002,104,156
1276,1002,104,156
1276,1002,104,156
1276,1003,104,156
1275,1002,104,156
1275,1002,104,156
1274,1002,104,156
1274,1002,104,156
1273,1002,104,156
1273,1002,104,156
1273,1002,104,156
1272,1002,104,156
1272,1002,104,156
1271,1002,104,156
1271,1002,104,155
1270,1002,104,155
1270,1002,104,155
1270,1002,104,155
1269,1002,104,155
1269,1002,104,155
1268,1002,104,155
1268,1002,104,155
1267,1002,104,155
1267,1002,104,155
1267,1002,104,155
1267,1000,104,155
1267,999,104,155
1267,997,104,155
1267,996,104,155
1267,995,104,155
1267,993,104,155
1267,992,104,155
1268,991,104,155
1268,989,104,155
1268,988,104,155
1268,986,104,155
1268,985,104,155
1268,984,104,155
1268,982,104,155
1268,981,104,155
1269,980,104,155
1269,978,104,155
1269,976,104,155
1269,975,104,155
1269,973,104,155
1269,972,104,155
1269,970,104,155
1270,969,104,155
1270,967,104,155
1270,965,104,155
1270,963,104,155
1270,961,104,155
1270,959,104,155
1270,957,104,155
1270,955,104,155
1270,953,104,155
1270,951,104,155
1270,950,104,155
1270,948,104,155
1270,946,104,155
1270,944,104,155
1270,942,104,155
1282,944,92,151
1282,944,92,151
1282,944,92,151
1282,944,92,151
1282,944,92,151
1282,944,92,151
1268,929,104,155
1268,927,104,155
1268,925,104,155
1267,923,104,155
1267,921,104,155
1277,933,94,141
1277,933,94,141
1277,933,94,141
1277,933,94,141
1277,933,94,141
1277,933,94,141
1277,933,94,141
1273,918,96,137
1273,918,96,137
1273,918,96,137
1273,918,96,137
1273,918,96,137
1273,918,96,137
1273,918,96,137
1272,901,96,137
1272,901,96,137
1272,901,96,137
1272,901,96,137
1275,885,84,137
1275,885,84,137
1275,885,84,137
1275,885,84,137
1275,885,84,137
1275,878,84,127
1275,878,84,127
1275,878,84,127
1272,867,88,129
1272,867,88,129
1272,867,88,129
1272,867,88,129
1268,860,90,117
1268,860,90,117
1268,860,90,117
1268,860,90,117
1268,860,90,117
1265,843,85,122
1265,843,85,122
1265,843,85,122
1265,843,85,122
1263,836,87,123
1263,836,87,123
1263,836,87,123
1263,836,87,123
1258,828,93,113
1258,828,93,113
1258,828,93,113
1258,828,93,113
1258,828,93,113
1268,809,77,122
1268,809,77,122
1268,809,77,122
1268,809,77,122
1268,809,77,122
1268,809,77,122
1254,783,97,135
1265,792,77,123
1265,792,77,123
1265,792,77,123
1262,779,73,121
1262,779,73,121
1262,779,73,121
1262,779,73,121
1262,779,73,121
1262,779,73,121
1262,779,73,121
1262,779,73,121
1262,779,73,121
1258,769,72,111
1258,769,72,111
1258,769,72,111
1258,769,72,111
1258,769,72,111
1252,748,70,121
1252,748,70,121
1252,748,70,121
1252,748,70,121
1252,748,70,121
1252,748,70,121
1252,748,70,121
1252,748,70,121
1255,734,68,108
1255,734,68,108
1255,734,68,108
1255,734,68,108
1255,734,68,108
1255,734,68,108
1243,722,72,115
1243,722,72,115
1243,722,72,115
1243,722,72,115
1243,722,72,115
1243,722,72,115
1251,712,64,101
1251,712,64,101
1251,712,64,101
1251,712,64,101
1251,712,64,101
1251,712,64,101
1250,707,61,105
1250,707,61,105
1250,707,61,105
1250,707,61,105
1250,707,61,105
1250,707,61,105
1242,689,75,104
1238,701,75,94
1238,701,75,94
1238,701,75,94
1240,690,69,106
1240,690,69,106
1240,690,69,106
1240,690,69,106
1240,690,69,106
1236,683,75,94
1236,683,75,94
1236,683,75,94
1236,683,75,94
1236,683,75,94
1235,673,71,96
1235,673,71,96
1235,673,71,96
1235,673,71,96
1235,673,71,96
1235,673,71,96
1234,658,65,103
1234,658,65,103
1234,658,65,103
1234,658,65,103
1234,658,65,103
1234,658,65,103
1232,649,63,105
1232,649,63,105
1232,649,63,105
1232,649,63,105
1232,649,63,105
1228,641,67,99
1228,641,67,99
1228,641,67,99
1228,641,67,99
1228,641,67,99
1228,641,67,99
1227,628,61,105
1227,628,61,105
1227,628,61,105
1227,628,61,105
1227,628,61,105
1227,628,61,105
1225,626,64,95
1225,626,64,95
1225,626,64,95
1225,626,64,95
1225,626,64,95
1225,626,64,95
1225,617,59,94
1225,617,59,94
1225,617,59,94
1225,617,59,94
1225,617,59,94
1225,617,59,94
1209,597,77,108
1218,604,67,100
1218,604,67,100
1218,604,67,100
1218,604,67,100
1218,604,67,100
1218,604,67,100
1203,589,77,108
1214,597,65,98
1214,597,65,98
1214,597,65,98
1214,597,65,98
1214,597,65,98
1214,597,65,98
1214,597,65,98
1214,597,65,98
1214,597,65,98
1210,584,65,92
1210,584,65,92
1210,584,65,92
1210,584,65,92
1210,584,65,92
1210,584,65,92
1210,584,65,92
1213,571,63,97
1213,571,63,97
1213,571,63,97
1213,571,63,97
1213,571,63,97
1213,571,63,97
1213,571,63,97
1213,571,63,97
1207,561,63,95
1207,561,63,95
1207,561,63,95
1207,561,63,95
1207,561,63,95
1207,561,63,95
1207,561,63,95
1202,548,61,99
1202,548,61,99
1202,548,61,99
1202,548,61,99
1202,548,61,99
1202,548,61,99
1202,548,61,99
1202,548,61,99
1202,548,61,99
1199,543,59,97
1199,543,59,97
1199,543,59,97
1199,543,59,97
1199,543,59,97
1199,543,59,97
1199,543,59,97
1199,543,59,97
1199,543,59,97
1199,543,59,97
1199,543,59,97
1199,543,59,97
1199,543,59,97
1199,543,59,97
1199,543,59,97
1199,543,59,97
1199,543,59,97
1193,540,55,94
1193,540,55,94
1197,538,55,94
1197,538,55,94
1187,537,53,83
1187,537,53,83
1187,537,53,83
1187,537,53,83
1187,537,53,83
1187,537,53,83
1187,537,53,83
1187,537,53,83
1187,537,53,83
1187,537,53,83
1187,537,53,83
1187,537,53,83
1177,538,63,87
1177,538,63,87
1177,538,63,87
1177,538,63,87
1177,538,63,87
1177,538,63,87
1177,538,63,87
1177,538,63,87
1177,538,63,87
1177,538,63,87
1177,538,63,87
1177,538,63,87
1177,538,63,87
1177,538,63,87
1177,538,63,87
1167,534,65,89
1167,534,65,89
1167,534,65,89
1167,534,65,89
1167,534,65,89
1167,534,65,89
1167,534,65,89
1167,534,65,89
1167,534,65,89
1167,534,65,89
1167,534,65,89
1167,534,65,89
1167,534,65,89
1167,534,65,89
1167,534,65,89
1167,534,65,89
1159,542,63,85
1159,542,63,85
1159,542,63,85
1159,542,63,85
1159,542,63,85
1159,542,63,85
1159,542,63,85
1159,542,63,85
1159,542,63,85
1159,542,63,85
1159,542,63,85
1150,552,69,85
1150,552,69,85
1150,552,69,85
1150,552,69,85
1150,552,69,85
1150,552,69,85
1150,552,69,85
1150,552,69,85
1150,552,69,85
1150,552,69,85
1150,552,69,85
1150,552,69,85
1150,552,69,85
1150,552,69,85
1150,552,69,85
1150,552,69,85
1140,545,63,81
1140,545,63,81
1140,545,63,81
1140,545,63,81
1140,545,63,81
1140,545,63,81
1140,545,63,81
1140,545,63,81
1140,545,63,81
1140,545,63,81
1140,545,63,81
1140,545,63,81
1140,545,63,81
1140,545,63,81
1140,545,63,81
1140,545,63,81
1140,545,63,81
1140,545,63,81
1140,545,63,81
1140,545,63,81
1140,545,63,81
1140,545,63,81
1140,545,63,81
1140,545,63,81
1140,545,63,81
1127,537,61,89
1127,537,61,89
1127,537,61,89
1127,537,61,89
1127,537,61,89
1127,537,61,89
1127,537,61,89
1127,537,61,89
1127,537,61,89
1127,537,61,89
1127,537,61,89
1127,537,61,89
1127,537,61,89
1127,537,61,89
1127,537,61,89
1127,537,61,89
1127,537,61,89
1127,537,61,89
1127,537,61,89
1127,537,61,89
1127,537,61,89
1127,537,61,89
1127,537,61,89
1127,537,61,89
1127,537,61,89
1127,537,61,89
1127,537,61,89
1127,537,61,89
1127,537,61,89
1127,537,61,89
1127,537,61,89
1111,525,65,99
1111,525,65,98
1111,525,65,97
1110,524,65,97
1110,524,65,96
1110,524,65,95
1110,524,65,94
1110,524,65,93
1109,523,65,93
1109,523,65,92
1109,523,65,91
1109,523,65,90
1108,522,65,90
1108,522,65,89
1108,522,65,88
1108,522,65,87
1108,522,65,86
1108,521,65,86
1108,520,65,86
1108,519,65,86
1108,519,65,86
1108,518,65,86
1108,517,65,86
1108,517,65,86
1108,516,65,86
1108,515,65,86
1108,514,65,86
1108,514,65,86
1108,513,65,86
1108,512,65,86
1108,512,65,86
1108,511,65,86
1108,510,65,86
1108,510,65,86
1107,509,65,86
1107,508,65,86
1107,508,65,86
1107,507,65,86
1107,507,65,86
1106,506,65,86
1106,506,65,86
1106,505,65,86
1106,505,65,86
1106,504,65,86
1106,504,65,86
1106,502,65,86
1106,501,65,86
1106,500,65,86
1106,498,65,86
1106,497,65,86
1106,496,65,86
1106,494,65,86
1106,493,65,86
1107,492,65,86
1107,491,65,86
1107,490,65,86
1107,490,65,86
1107,489,65,86
1107,489,65,86
1107,488,65,86
1107,488,65,86
1107,487,65,86
1107,486,65,86
1107,486,65,86
1107,485,65,86
1107,485,65,86
1107,484,65,86
1107,484,65,86
1107,483,65,86
1107,483,65,86
1107,481,65,86
1107,480,65,86
1107,479,65,86
1107,478,65,86
1107,476,65,86
1107,475,65,86
1107,474,65,86
1107,473,65,86
1107,471,65,86
1107,470,65,86
1107,469,65,86
1107,468,65,86
1107,466,65,86
1107,465,65,86
1107,464,65,86
1107,462,65,87
1107,461,65,87
1107,460,65,87
1107,458,64,87
1107,457,64,86
1107,456,63,85
1107,454,63,85
1107,453,62,84
1108,452,61,83
1107,451,61,83
1107,450,61,83
1106,450,62,83
1106,449,61,83
1106,448,61,83
1105,448,62,83
1105,447,62,83
1105,446,61,83
1104,446,62,83
1104,445,62,83
1104,445,62,83
1104,444,62,83
1104,443,62,83
1104,442,62,83
1104,441,62,83
1104,440,62,83
1104,439,62,83
1104,438,62,83
1104,437,62,83
1104,436,62,83
1104,436,62,83
1104,435,62,83
1104,434,62,83
1104,433,62,83
1104,432,62,83
1104,431,62,83
1104,430,62,83
1104,429,62,83
1104,428,62,83
1104,427,62,83
1104,426,62,83
1104,425,62,83
1104,425,62,83
1104,423,62,83
1104,422,62,83
1104,421,62,83
1104,420,62,83
1104,419,62,83
1104,417,62,83
1104,416,62,83
1104,415,62,83
1104,414,62,83
1104,413,62,83
1104,411,62,83
1104,410,62,83
1104,409,62,83
1104,408,62,83
1104,407,62,83
1104,406,62,83
1104,405,62,83
1104,405,62,83
1104,404,62,83
1104,403,62,83
1104,403,62,83
1104,402,62,83
1104,401,62,83
1104,401,62,83
1105,400,62,83
1105,399,62,83
1105,399,62,83
1105,398,62,83
1105,397,62,83
1105,397,62,83
1105,396,62,83
1115,399,42,71
1115,399,42,71
1115,399,42,71
1115,399,42,71
1115,399,42,71
1115,399,42,71
1115,399,42,71
1115,399,42,71
1115,399,42,71
1115,399,42,71
1112,394,52,73
1112,394,52,73
1112,394,52,73
1112,394,52,73
1112,394,52,73
1112,394,52,73
1112,394,52,73
1112,394,52,73
1112,394,52,73
1116,388,44,73
1116,388,44,73
1116,388,44,73
1116,388,44,73
1116,388,44,73
1116,388,44,73
1114,383,48,73
1114,383,48,73
1114,383,48,73
1114,383,48,73
1114,383,48,73
1114,383,48,73
1114,383,48,73
1114,383,48,73
1114,383,48,73
1112,374,48,75
1112,374,48,75
1112,374,48,75
1112,374,48,75
1112,374,48,75
1112,374,48,75
1112,374,48,75
1112,374,48,75
1112,374,48,75
1110,368,52,75
1110,368,52,75
1110,368,52,75
1110,368,52,75
1110,368,52,75
1110,368,52,75
1110,368,52,75
1110,368,52,75
1120,362,48,71
1120,362,48,71
1122,359,50,75
1122,359,50,75
1136,357,48,75
1136,357,48,75
1136,357,48,75
1139,357,48,73
1139,357,48,73
1146,360,58,71
1146,360,58,71
1146,360,58,71
1157,357,58,75
1157,357,58,75
1157,357,58,75
1170,351,62,83
1170,350,61,83
1170,350,61,82
1170,350,61,81
1170,350,61,80
1170,350,61,80
1171,350,60,79
1171,350,60,78
1171,350,59,77
1171,350,59,77
1171,350,59,76
1172,350,58,75
1172,349,58,75
1172,349,58,74
1172,349,58,74
1172,349,57,73
1172,349,57,72
1173,349,56,71
1173,349,56,71
1173,349,56,70
1173,349,56,69
1173,349,56,68
1174,349,55,68
1174,348,55,68
1174,347,55,68
1174,346,55,68
1174,345,55,68
1174,345,55,68
1174,344,55,68
1174,343,55,68
1174,342,55,68
1174,342,55,68
1174,341,55,68
1174,340,55,68
1174,339,55,68
1174,339,55,68
1174,338,55,68
1174,338,55,68
1174,338,55,68
1174,337,55,68
1174,337,55,68
1174,337,55,68
1174,336,55,68
1174,336,55,68
1174,336,55,68
1174,335,55,68
1174,335,55,68
1174,335,55,68
1174,334,55,68
1174,334,55,68
1174,334,55,68
1174,333,55,68
1174,333,55,68
1174,333,55,68
1174,332,55,68
1174,331,55,68
1174,331,55,68
1174,330,55,68
1174,330,55,68
1174,329,55,68
1174,328,55,68
1174,328,55,68
1182,327,47,68
1182,327,47,68
1182,327,47,68
1182,327,47,68
1182,327,47,68
1182,327,47,68
1182,327,47,68
1182,327,47,68
1182,327,47,68
1182,327,47,68
1182,327,47,68
1182,327,47,68
1182,327,47,68
1182,327,47,68
1182,327,47,68
1182,327,47,68
1182,327,47,68
1182,327,47,68
1182,327,47,68
1182,327,47,68
1182,327,47,68
1182,327,47,68
1182,327,47,68
1182,327,47,68
1182,327,47,68
1182,327,47,68
1182,327,47,68
1182,327,47,68
1182,327,47,68
1182,327,47,68
1182,327,47,58
1182,327,47,58
1182,327,47,58
1182,327,47,58
1182,327,47,58
1182,327,47,58
1182,327,47,58
1182,327,47,58
1182,327,47,58
1182,327,47,58
1182,327,47,58
1182,327,47,58
