637,319,61,82
636,319,61,82
639,321,52,77
641,322,52,78
641,322,52,78
641,322,52,78
641,322,52,78
641,322,52,78
641,322,52,78
641,322,52,78
641,322,52,78
641,322,52,78
641,322,52,78
641,322,52,78
641,322,52,78
641,322,52,78
641,322,52,78
641,322,52,78
641,322,52,78
642,330,48,78
642,330,48,78
642,330,48,78
642,330,48,78
642,330,48,78
642,330,48,78
642,330,48,78
642,330,48,78
642,330,48,78
642,330,48,78
642,330,48,78
642,330,48,78
642,330,48,78
642,330,48,78
642,330,48,78
642,330,48,78
642,330,48,78
642,330,48,78
642,330,48,78
642,330,48,78
642,330,48,78
642,330,48,78
642,330,48,78
642,330,48,78
642,330,48,78
642,330,48,78
642,330,48,78
642,330,48,78
642,330,48,78
642,330,48,78
642,330,48,78
642,330,48,78
642,330,48,78
643,339,47,70
643,339,47,70
643,339,47,70
643,339,47,70
643,339,47,70
643,339,47,70
643,339,47,70
643,339,47,70
643,339,47,70
643,339,47,70
643,339,47,70
643,339,47,70
643,339,47,70
643,339,47,70
643,339,47,70
643,339,47,70
643,339,47,70
643,339,47,70
643,339,47,70
643,339,47,70
643,339,47,70
643,339,47,70
643,339,47,70
643,339,47,70
643,339,47,70
643,339,47,70
643,339,47,70
643,339,47,70
643,339,47,70
643,339,47,70
643,339,47,70
643,339,47,70
643,339,47,70
643,339,47,70
643,339,47,70
643,339,47,70
643,339,47,70
643,339,47,70
643,339,47,70
643,339,47,70
643,339,47,70
643,339,47,70
643,339,47,70
643,339,47,70
643,339,47,70
643,339,47,70
643,339,47,70
643,339,47,70
643,339,47,70
643,339,47,70
643,339,47,70
643,339,47,70
643,339,47,70
643,339,47,70
643,339,47,70
643,339,47,70
643,339,47,70
643,339,47,70
643,339,47,70
643,339,47,70
643,339,47,70
643,339,47,70
643,339,47,70
643,339,47,70
643,339,47,70
638,346,58,71
638,346,58,71
638,346,58,71
638,346,58,71
638,346,58,71
638,346,58,71
638,346,58,71
645,350,47,60
645,350,47,60
645,350,47,60
645,350,47,60
645,350,47,60
645,350,47,60
645,350,47,60
645,350,47,60
645,350,47,60
645,350,47,60
645,350,47,60
645,350,47,60
645,350,47,60
645,350,47,60
645,350,47,60
645,350,47,60
645,350,47,60
645,350,47,60
645,350,47,60
645,350,47,60
645,350,47,60
645,350,47,60
645,350,47,60
645,350,47,60
645,350,47,60
641,353,48,65
641,353,48,65
641,353,48,65
641,353,48,65
641,353,48,65
641,353,48,65
641,353,48,65
641,355,50,64
641,355,50,64
641,355,50,64
641,355,50,64
641,355,50,64
641,355,50,64
641,355,50,64
641,355,50,64
641,355,50,64
641,355,50,64
641,355,50,64
641,355,50,64
641,355,50,64
641,355,50,64
641,355,50,64
641,355,50,64
641,355,50,64
641,355,50,64
641,355,50,64
641,355,50,64
640,357,51,65
640,357,51,65
640,357,51,65
640,357,51,65
640,357,51,65
640,357,51,65
640,357,51,65
640,357,51,65
640,357,51,65
640,357,51,65
640,357,51,65
640,357,51,65
640,357,51,65
640,357,51,65
640,357,51,65
640,357,51,65
640,357,51,65
640,357,51,65
640,357,51,65
645,360,44,60
645,360,44,60
645,360,44,60
645,360,44,60
645,360,44,60
645,360,44,60
645,360,44,60
645,360,44,60
645,360,44,60
645,360,44,60
645,360,44,60
645,360,44,60
645,360,44,60
645,360,44,60
645,360,44,60
645,360,44,60
645,360,44,60
645,360,44,60
645,360,44,60
645,360,44,60
645,360,44,60
645,360,44,60
645,360,44,60
645,360,44,60
645,360,44,60
645,360,44,60
645,360,44,60
645,360,44,60
645,360,44,60
645,360,44,60
645,360,44,60
645,360,44,60
645,360,44,60
645,360,44,60
645,360,44,60
645,360,44,60
645,360,44,60
645,360,44,60
645,360,44,60
645,360,44,60
645,360,44,60
645,360,44,60
645,360,44,60
645,360,44,60
645,360,44,60
645,360,44,60
645,360,44,60
645,360,44,60
645,360,44,60
645,360,44,60
645,360,44,60
645,360,44,60
645,360,44,60
645,360,44,60
645,360,44,60
645,360,44,60
645,360,44,60
645,360,44,60
645,360,44,60
645,360,44,60
645,360,44,60
645,360,44,60
645,360,44,60
645,360,44,60
645,360,44,60
645,360,44,60
645,360,44,60
645,360,44,60
645,360,44,60
645,360,44,60
645,360,44,60
645,360,44,60
645,360,44,60
645,360,44,60
645,360,44,60
645,360,44,60
645,360,44,60
645,360,44,60
645,360,44,60
645,360,44,60
645,360,44,60
645,360,44,60
645,360,44,60
645,360,44,60
645,360,44,60
645,360,44,60
645,360,44,60
645,360,44,60
645,360,44,60
645,360,44,60
645,360,44,60
645,360,44,60
645,360,44,60
645,360,44,60
645,360,44,60
645,360,44,60
645,360,44,60
645,360,44,60
645,360,44,60
645,360,44,60
645,360,44,60
645,360,44,60
645,360,44,60
645,360,44,60
645,360,44,60
645,360,44,60
645,360,44,60
645,360,44,60
645,360,44,60
645,360,44,60
645,360,44,60
645,360,44,60
645,360,44,60
645,360,44,60
645,360,44,60
645,360,44,60
645,360,44,60
645,360,44,60
645,360,44,60
645,360,44,60
645,360,44,60
645,360,44,60
645,360,44,60
645,360,44,60
645,360,44,60
645,360,44,60
645,360,44,60
645,360,44,60
645,360,44,60
645,360,44,60
645,360,44,60
645,360,44,60
645,360,44,60
645,360,44,60
645,360,44,60
645,360,44,60
645,360,44,60
645,360,44,60
645,360,44,60
645,360,44,60
645,360,44,60
645,360,44,60
645,360,44,60
645,360,44,60
645,360,44,60
645,360,44,60
645,360,44,60
645,360,44,60
645,360,44,60
645,360,44,60
645,360,44,60
645,360,44,60
645,360,44,60
645,360,44,60
645,360,44,60
645,360,44,60
645,360,44,60
645,360,44,60
645,360,44,60
645,360,44,60
645,360,44,60
645,360,44,60
645,360,44,60
645,360,44,60
645,360,44,60
645,360,44,60
645,360,44,60
645,360,44,60
645,360,44,60
645,360,44,60
645,360,44,60
645,360,44,60
645,360,44,60
645,360,44,60
645,360,44,60
645,360,44,60
645,360,44,60
645,360,44,60
645,360,44,60
645,360,44,60
645,360,44,60
645,360,44,60
645,360,44,60
645,360,44,60
645,360,44,60
645,360,44,60
645,360,44,60
645,360,44,60
645,360,44,60
645,360,44,60
645,360,44,60
645,360,44,60
645,360,44,60
645,360,44,60
645,360,44,60
645,360,44,60
645,360,44,60
645,360,44,60
645,360,44,60
645,360,44,60
645,360,44,60
645,360,44,60
645,360,44,60
645,360,44,60
645,360,44,60
645,360,44,60
645,360,44,60
645,360,44,60
645,360,44,60
645,360,44,60
645,360,44,60
645,360,44,60
645,360,44,60
645,360,44,60
645,360,44,60
645,360,44,60
645,360,44,60
645,360,44,60
645,360,44,60
645,360,44,60
645,360,44,60
645,360,44,60
645,360,44,60
645,360,44,60
645,360,44,60
645,360,44,60
645,360,44,60
645,360,44,60
645,360,44,60
645,360,44,60
645,360,44,60
645,360,44,60
645,360,44,60
645,360,44,60
645,360,44,60
645,360,44,60
645,360,44,60
645,360,44,60
645,360,44,60
645,360,44,60
645,360,44,60
645,360,44,60
645,360,44,60
645,360,44,60
645,360,44,60
645,360,44,60
645,360,44,60
645,360,44,60
645,360,44,60
645,360,44,60
645,360,44,60
645,360,44,60
645,360,44,60
645,360,44,60
645,360,44,60
645,360,44,60
645,360,44,60
645,360,44,60
645,360,44,60
645,360,44,60
645,360,44,60
645,360,44,60
645,360,44,60
645,360,44,60
645,360,44,60
645,360,44,60
645,360,44,60
645,360,44,60
643,347,49,69
643,347,49,69
643,347,49,69
643,347,49,69
643,347,49,69
643,347,49,69
643,347,49,69
643,347,49,69
643,347,49,69
643,347,49,69
643,347,49,69
643,347,49,69
643,347,49,69
643,347,49,69
643,347,49,69
643,347,49,69
643,347,49,69
643,347,49,69
643,347,49,69
643,347,49,69
643,347,49,69
643,347,49,69
643,347,49,69
643,347,49,69
643,347,49,69
643,347,49,69
643,347,49,69
643,347,49,69
643,347,49,69
643,347,49,69
643,347,49,69
643,347,49,69
643,347,49,69
643,347,49,69
643,347,49,69
643,347,49,69
643,347,49,69
643,347,49,69
643,347,49,69
643,347,49,69
643,347,49,69
643,347,49,69
643,347,49,69
643,347,49,69
643,347,49,69
641,352,50,65
641,352,50,65
641,352,50,65
641,352,50,65
641,352,50,65
641,352,50,65
641,352,50,65
641,352,50,65
641,352,50,65
641,352,50,65
641,352,50,65
641,352,50,65
641,352,50,65
641,352,50,65
641,352,50,65
641,352,50,65
641,352,50,65
641,352,50,65
641,352,50,65
641,352,50,65
641,352,50,65
641,352,50,65
641,352,50,65
641,352,50,65
641,352,50,65
641,352,50,65
641,352,50,65
641,352,50,65
641,352,50,65
641,352,50,65
641,352,50,65
641,352,50,65
641,352,50,65
641,352,50,65
641,352,50,65
641,352,50,65
641,352,50,65
641,352,50,65
641,352,50,65
641,352,50,65
641,352,50,65
641,352,50,65
641,352,50,65
641,352,50,65
641,352,50,65
641,352,50,65
641,352,50,65
641,352,50,65
638,353,50,63
638,353,50,63
638,353,50,63
638,353,50,63
638,353,50,63
638,353,50,63
638,353,50,63
638,353,50,63
638,353,50,63
638,353,50,63
638,353,50,63
638,353,50,63
638,353,50,63
638,353,50,63
638,353,50,63
638,353,50,63
638,353,50,63
638,353,50,63
638,353,50,63
638,353,50,63
638,353,50,63
638,353,50,63
638,353,50,63
638,353,50,63
638,353,50,63
638,353,50,63
638,353,50,63
638,353,50,63
638,353,50,63
638,353,50,63
638,353,50,63
638,353,50,63
638,353,50,63
638,353,50,63
638,353,50,63
638,353,50,63
638,353,50,63
638,353,50,63
640,348,54,70
640,348,54,70
640,348,54,70
640,348,54,70
640,348,54,70
640,348,54,70
640,348,54,70
640,348,54,70
640,348,54,70
640,348,54,70
640,348,54,70
640,348,54,70
640,348,54,70
640,348,54,70
640,348,54,70
640,348,54,70
640,348,54,70
640,348,54,70
640,348,54,70
640,348,54,70
640,348,54,70
640,348,54,70
640,348,54,70
640,348,54,70
640,348,54,70
640,348,54,70
640,348,54,70
640,348,54,70
640,348,54,70
640,348,54,70
640,348,54,70
640,348,54,70
640,348,54,70
640,348,54,70
640,348,54,70
640,348,54,70
640,348,54,70
640,348,54,70
640,348,54,70
640,348,54,70
640,348,54,70
640,348,54,70
640,348,54,70
640,348,54,70
640,348,54,70
640,348,54,70
640,348,54,70
640,348,54,70
640,348,54,70
640,348,54,70
640,348,54,70
640,348,54,70
640,348,54,70
640,348,54,70
640,348,54,70
640,348,54,70
640,348,54,70
640,348,54,70
640,348,54,70
640,348,54,70
640,348,54,70
640,348,54,70
640,348,54,70
640,348,54,70
640,348,54,70
640,348,54,70
640,348,54,70
640,348,54,70
640,348,54,70
640,348,54,70
640,348,54,70
640,348,54,70
640,348,54,70
640,348,54,70
640,348,54,70
640,348,54,70
640,348,54,70
640,348,54,70
640,348,54,70
640,348,54,70
640,348,54,70
640,348,54,70
640,348,54,70
640,348,54,70
640,348,54,70
640,348,54,70
640,348,54,70
640,348,54,70
640,348,54,70
640,348,54,70
640,348,54,70
640,348,54,70
640,348,54,70
640,348,54,70
640,348,54,70
640,348,54,70
640,348,54,70
640,348,54,70
640,348,54,70
640,348,54,70
640,348,54,70
640,348,54,70
640,348,54,70
640,348,54,70
640,348,54,70
640,348,54,70
640,348,54,70
640,348,54,70
640,348,54,70
640,348,54,70
640,348,54,70
640,348,54,70
640,348,54,70
643,346,45,69
643,346,45,69
643,346,45,69
643,346,45,69
643,346,45,69
643,346,45,69
643,346,45,69
643,346,45,69
643,346,45,69
643,346,45,69
643,346,45,69
643,346,45,69
643,346,45,69
643,346,45,69
643,346,45,69
643,346,45,69
643,346,45,69
643,346,45,69
643,346,45,69
643,346,45,69
643,346,45,69
643,346,45,69
643,346,45,69
643,346,45,69
643,346,45,69
643,346,45,69
643,346,45,69
643,346,45,69
643,346,45,69
643,346,45,69
643,346,45,69
643,346,45,69
643,346,45,69
643,346,45,69
643,346,45,69
643,346,45,69
643,346,45,69
643,346,45,69
643,346,45,69
643,346,45,69
643,346,45,69
643,346,45,69
643,346,45,69
643,346,45,69
643,346,45,69
643,346,45,69
643,346,45,69
643,346,45,69
643,346,45,69
643,346,45,69
643,346,45,69
643,346,45,69
643,346,45,69
643,346,45,69
643,346,45,69
643,346,45,69
643,346,45,69
643,346,45,69
643,346,45,69
640,359,52,66
640,359,52,66
640,359,52,66
640,359,52,66
640,359,52,66
640,359,52,66
640,359,52,66
640,359,52,66
640,359,52,66
640,359,52,66
640,359,52,66
640,359,52,66
640,359,52,66
640,359,52,66
640,359,52,66
640,359,52,66
640,359,52,66
640,359,52,66
640,359,52,66
640,359,52,66
640,359,52,66
640,359,52,66
640,359,52,66
640,359,52,66
640,359,52,66
640,359,52,66
640,359,52,66
640,359,52,66
640,359,52,66
640,359,52,66
640,359,52,66
640,359,52,66
640,359,52,66
640,359,52,66
640,359,52,66
640,359,52,66
640,359,52,66
640,359,52,66
640,359,52,66
640,359,52,66
640,359,52,66
640,359,52,66
640,359,52,66
640,359,52,66
640,359,52,66
640,359,52,66
640,359,52,66
640,359,52,66
640,359,52,66
640,359,52,66
640,359,52,66
640,359,52,66
640,359,52,66
640,359,52,66
640,359,52,66
640,359,52,66
640,359,52,66
640,359,52,66
640,359,52,66
640,359,52,66
640,359,52,66
640,359,52,66
640,359,52,66
640,359,52,66
640,359,52,66
640,359,52,66
640,359,52,66
640,359,52,66
640,359,52,66
640,359,52,66
640,359,52,66
640,359,52,66
640,359,52,66
640,359,52,66
640,359,52,66
640,359,52,66
640,359,52,66
640,359,52,66
640,359,52,66
640,359,52,66
640,359,52,66
640,359,52,66
640,359,52,66
640,359,52,66
640,359,52,66
640,359,52,66
640,359,52,66
640,359,52,66
640,359,52,66
640,359,52,66
640,359,52,66
640,359,52,66
640,359,52,66
640,359,52,66
640,359,52,66
640,359,52,66
640,359,52,66
640,359,52,66
640,359,52,66
648,351,63,70
648,351,63,70
648,351,63,70
648,351,63,70
648,351,63,70
648,351,63,70
646,348,76,77
646,348,76,77
646,348,76,77
646,348,76,77
652,359,86,67
652,359,86,67
652,359,86,67
652,359,86,67
652,359,86,67
652,359,86,67
652,359,86,67
652,359,86,67
652,359,86,67
652,359,86,67
658,352,92,78
658,352,92,78
658,352,92,78
658,352,92,78
658,352,92,78
662,354,96,77
662,354,96,77
662,354,96,77
662,354,96,77
662,354,96,77
662,354,96,77
662,354,96,77
658,355,108,80
657,352,112,83
657,349,116,86
658,349,116,86
658,349,122,86
659,349,128,87
660,349,134,88
661,349,140,88
662,349,146,89
663,349,152,90
663,349,152,90
664,350,152,90
665,351,152,89
665,351,152,90
666,352,152,89
667,353,152,89
667,354,152,89
667,356,152,89
667,357,152,89
667,359,152,89
667,360,152,89
667,361,152,89
667,362,152,89
667,363,152,89
667,363,152,89
668,363,152,89
668,363,152,89
669,364,152,89
669,364,152,89
670,364,152,89
670,365,152,89
671,365,152,89
671,365,152,89
672,366,152,89
674,365,152,89
676,365,152,89
679,365,152,89
681,365,152,89
683,364,152,89
686,364,152,89
688,364,152,89
691,364,152,89
694,360,152,89
697,356,152,89
701,353,152,89
704,349,152,89
708,346,152,89
710,345,152,89
712,344,152,89
714,343,152,89
716,342,152,89
718,341,152,89
721,341,152,89
722,339,152,89
724,337,152,89
726,335,152,89
728,333,152,89
730,331,152,89
732,329,152,89
733,327,152,89
734,326,152,89
735,324,152,89
736,323,152,89
737,323,152,89
738,323,152,89
740,324,152,89
741,324,152,89
742,325,152,89
744,325,152,89
745,326,152,89
747,326,152,89
748,327,152,89
749,327,152,89
751,328,152,89
752,328,152,89
754,329,152,89
755,326,152,93
756,324,152,97
757,322,152,101
759,320,152,105
760,318,152,109
761,316,152,113
763,313,152,117
764,311,152,121
765,309,152,125
767,307,152,129
768,305,152,133
769,303,152,137
771,301,152,141
771,304,152,139
772,307,152,138
773,311,152,135
774,314,152,134
775,318,152,132
776,321,152,130
777,325,152,128
778,328,152,127
779,332,152,124
780,335,152,123
781,339,152,121
785,341,151,121
790,344,149,121
794,346,148,121
799,349,146,121
803,351,145,122
808,354,144,121
812,356,143,122
817,359,141,122
821,361,140,122
826,364,138,122
831,367,137,122
