505,152,18,19
504,151,18,19
507,151,18,19
507,151,18,19
507,151,18,19
507,151,18,19
507,151,18,19
507,151,18,19
507,151,18,19
507,151,18,19
507,151,18,19
507,151,18,19
507,151,18,19
507,151,18,19
507,151,18,19
507,151,18,19
506,150,19,17
506,150,19,17
506,150,19,17
506,150,19,17
506,150,19,17
506,150,19,17
506,150,19,17
506,150,19,17
506,150,19,17
506,150,19,17
506,150,19,17
506,150,19,17
506,150,19,17
501,147,18,19
500,146,18,19
500,146,18,19
500,146,18,19
500,146,18,19
500,146,18,19
500,146,18,19
500,145,18,19
500,145,18,19
500,145,18,19
500,145,18,19
499,145,18,19
499,145,18,19
499,144,18,19
499,144,18,19
499,144,18,19
499,144,18,19
499,144,18,19
499,144,18,19
499,143,18,19
499,143,18,19
498,143,18,19
498,143,18,19
498,143,18,19
498,143,18,19
498,142,18,19
498,142,18,19
498,142,18,19
498,142,18,19
498,142,18,19
498,142,18,19
497,141,18,19
497,141,18,19
497,141,18,19
497,141,18,19
497,141,18,19
496,140,18,19
496,140,18,19
496,140,18,19
496,140,18,19
496,140,18,19
496,140,18,19
495,139,18,19
495,139,18,19
495,139,18,19
495,139,18,19
495,139,18,19
494,138,18,19
494,138,18,19
494,138,18,19
494,138,18,19
494,138,18,19
494,138,18,19
493,137,18,19
493,137,18,19
493,137,18,19
493,137,18,19
493,137,18,19
492,136,18,19
492,136,18,19
492,136,18,19
492,136,18,19
492,136,18,19
492,136,18,19
491,135,18,19
491,135,18,19
491,135,18,19
491,135,18,19
491,135,18,19
490,134,18,19
490,134,18,19
490,134,18,19
490,134,18,19
490,134,18,19
490,134,18,19
489,133,18,19
489,133,18,19
489,133,18,19
489,132,18,19
489,132,18,19
489,132,18,19
489,132,18,19
489,131,18,19
489,131,18,19
489,131,18,19
489,131,18,19
489,130,18,19
489,130,18,19
489,130,18,19
489,130,18,19
488,129,18,19
488,129,18,19
488,129,18,19
488,129,18,19
488,128,18,19
488,128,18,19
488,128,18,19
488,128,18,19
488,127,18,19
488,127,18,19
488,127,18,19
488,126,18,19
488,126,18,19
488,126,18,19
488,126,18,19
487,125,18,19
487,125,18,19
487,125,18,19
487,125,18,19
487,124,18,19
487,124,18,19
487,124,18,19
487,124,18,19
487,123,18,19
487,123,18,19
487,123,18,19
487,123,18,19
487,122,18,19
487,122,18,19
487,122,18,19
487,122,18,19
486,121,18,19
486,121,18,19
486,121,18,19
486,120,18,19
486,120,18,19
485,120,19,19
485,119,18,19
485,119,18,19
485,119,18,19
485,119,18,19
484,118,19,19
484,118,19,19
484,118,18,19
484,117,18,19
484,117,18,19
484,117,18,19
483,117,19,19
483,116,19,19
483,116,19,19
483,116,18,19
483,115,18,19
482,115,19,19
482,115,19,19
482,115,19,19
482,114,19,19
482,114,18,19
482,114,18,19
481,113,19,19
481,113,19,19
481,113,19,19
481,113,19,19
481,112,18,19
480,112,19,19
480,112,19,19
480,111,19,19
480,111,19,19
480,111,19,19
480,111,19,19
479,110,19,19
479,110,19,19
479,109,19,19
479,109,19,19
479,108,19,19
479,108,19,19
479,108,19,19
479,107,19,19
483,108,14,17
483,108,14,17
483,108,14,17
483,108,14,17
481,106,16,18
481,106,16,18
481,106,16,18
481,106,16,18
481,106,16,18
481,106,16,18
481,106,16,18
482,103,14,18
482,103,14,18
482,103,14,18
482,103,14,18
482,103,14,18
482,103,14,18
482,103,14,18
481,101,15,17
481,101,15,17
481,101,15,17
481,101,15,17
481,98,14,18
481,98,14,18
481,98,14,18
481,98,14,18
481,97,14,18
481,97,14,18
481,97,14,18
481,97,14,18
481,97,14,18
481,97,14,18
481,95,13,17
481,95,13,17
481,95,13,17
481,95,13,17
481,95,13,17
481,95,13,17
483,92,11,18
483,92,11,18
483,92,11,18
483,92,11,18
483,92,11,18
483,91,11,17
483,91,11,17
483,91,11,17
483,91,11,17
483,91,11,17
483,91,11,17
481,88,13,18
481,88,13,18
481,88,13,18
481,88,13,18
481,88,13,18
481,88,13,18
480,86,14,18
480,86,14,18
480,86,14,18
480,86,14,18
480,86,14,18
480,86,14,18
480,86,14,18
480,86,14,18
475,82,18,18
475,81,18,19
475,81,18,18
475,81,18,18
475,80,18,18
475,80,17,18
475,79,17,18
475,79,17,18
475,79,17,17
475,78,17,18
475,78,17,17
475,77,16,18
475,77,16,17
475,77,16,17
475,76,16,17
475,76,16,17
475,76,16,16
475,75,15,17
475,75,15,16
475,74,15,17
475,74,15,16
475,74,15,16
475,73,15,16
475,73,14,16
475,72,14,16
475,72,14,16
475,72,14,15
475,71,14,16
475,71,14,15
475,71,14,15
474,71,14,15
474,71,14,15
474,71,14,15
474,71,14,15
474,71,14,15
474,71,14,15
474,71,14,15
474,71,14,16
474,71,14,16
474,72,15,16
474,71,15,16
474,71,15,16
474,70,14,16
474,70,14,16
474,70,14,15
474,70,14,15
474,69,14,16
474,69,14,15
474,69,13,15
474,69,13,15
474,68,13,15
474,68,13,15
474,68,13,14
474,68,13,14
474,67,12,15
474,67,12,14
474,67,12,14
474,67,12,14
474,67,12,13
474,66,12,14
474,66,11,14
474,66,11,13
474,66,11,13
474,65,11,13
474,65,11,13
474,65,11,13
474,65,10,12
474,64,10,13
474,64,10,13
474,64,10,12
474,64,10,12
474,64,10,12
473,63,10,12
473,63,10,12
473,63,10,12
473,63,10,12
473,62,10,12
473,62,10,12
472,62,11,12
472,62,10,12
472,62,10,12
472,61,10,12
472,61,10,12
472,61,10,12
471,61,11,12
471,60,11,12
471,60,10,12
471,60,10,12
471,60,10,12
471,60,10,12
470,59,11,12
470,59,11,12
470,59,11,12
470,59,10,12
470,58,10,12
470,58,10,12
469,58,11,12
469,58,11,12
469,58,11,12
469,57,11,12
469,57,10,12
469,57,10,12
468,57,11,12
468,56,11,12
468,56,11,12
468,56,11,12
468,56,11,12
468,56,11,12
467,55,11,12
467,55,11,12
467,55,11,12
467,54,11,12
467,54,11,12
467,54,11,12
467,53,11,12
467,53,11,12
467,53,11,12
467,53,11,12
467,52,11,12
467,52,11,12
467,52,11,12
467,51,11,12
467,51,11,12
467,51,11,12
467,50,11,12
467,50,11,12
467,50,11,12
467,50,11,12
466,49,11,12
466,49,11,12
466,49,11,12
466,48,11,12
466,48,11,12
466,48,11,12
466,47,11,12
466,47,11,12
466,47,11,12
466,47,11,12
466,46,11,12
466,46,11,12
466,46,11,12
466,45,11,12
466,45,11,12
466,45,11,12
466,44,11,12
466,44,11,12
466,44,11,12
466,44,11,12
465,43,10,11
465,43,10,11
465,43,10,11
465,43,10,11
465,43,10,11
465,43,10,11
466,44,8,10
466,44,8,10
466,44,8,10
466,44,8,10
466,44,8,10
466,44,8,10
466,44,8,10
466,44,8,10
466,44,8,10
466,44,8,10
466,44,8,10
466,44,8,10
466,44,8,10
466,44,8,10
466,44,8,10
466,44,8,10
466,44,8,10
466,44,8,10
466,44,8,10
466,44,8,10
