661,380,38,39
661,380,38,39
661,381,38,39
661,381,38,39
661,382,38,39
661,382,38,40
661,383,38,39
661,383,38,40
661,384,38,39
661,385,38,39
661,385,38,40
661,386,38,39
661,386,38,40
661,387,38,39
661,387,39,40
661,388,39,40
661,389,39,39
661,389,39,40
661,390,39,39
661,390,39,40
661,391,39,40
661,391,39,40
661,392,39,40
661,392,39,40
661,393,39,40
661,394,39,40
661,394,39,40
661,395,39,40
662,395,39,40
662,396,39,40
662,396,39,41
662,397,39,40
662,398,39,40
662,398,39,40
662,399,39,40
662,399,39,41
662,400,39,40
662,400,39,41
662,401,39,40
662,401,39,41
662,402,39,41
662,403,39,40
662,403,40,41
662,404,40,40
662,404,40,41
662,405,40,41
662,405,40,41
662,406,40,41
662,407,40,40
662,407,40,41
662,408,40,41
662,408,40,41
662,409,40,41
662,409,40,41
662,410,40,41
663,411,40,41
663,411,40,41
663,412,40,41
663,412,40,41
663,413,40,41
663,413,40,41
663,414,40,41
663,415,40,41
663,415,40,41
663,416,40,41
663,416,40,41
663,417,40,41
663,418,40,41
662,418,40,41
662,418,40,41
662,418,40,41
662,418,40,41
662,418,40,41
662,418,40,41
662,418,40,41
662,419,40,41
662,419,40,41
662,419,40,41
662,419,40,41
662,419,40,41
661,419,40,41
661,419,40,41
661,419,40,41
661,420,40,41
661,420,40,41
661,420,40,41
661,420,40,41
661,420,40,41
661,420,40,41
661,420,40,41
661,420,40,41
661,421,40,41
661,420,40,41
661,420,40,41
661,420,40,41
661,419,40,41
661,419,40,41
661,419,40,41
661,418,40,41
661,418,40,41
661,418,40,41
661,417,40,41
661,417,40,41
661,417,40,41
661,417,40,41
661,416,40,41
661,416,40,41
661,416,40,41
661,415,40,41
661,415,40,41
661,415,40,41
661,414,40,41
661,414,40,41
661,414,40,41
661,413,40,41
661,413,40,41
661,413,40,41
661,413,41,41
660,411,41,41
660,410,41,41
660,409,41,41
660,408,41,41
660,407,41,41
660,406,41,41
660,405,41,41
660,404,41,41
660,403,41,41
660,402,41,41
660,401,41,41
660,400,41,41
660,399,41,41
660,398,41,41
660,397,41,41
660,396,41,41
660,395,41,41
660,394,41,41
660,393,41,41
660,392,41,41
660,391,41,41
660,390,41,41
660,389,41,41
660,388,41,41
659,387,41,41
659,386,41,41
659,386,41,41
659,385,41,41
659,385,41,41
659,384,41,41
659,384,41,41
659,383,41,41
659,383,41,41
659,382,41,41
659,382,41,41
659,381,41,41
659,381,41,41
659,380,41,41
659,380,41,41
659,379,41,41
659,379,41,41
659,379,41,41
659,379,41,41
659,379,41,41
659,379,41,41
659,379,41,41
659,379,41,41
659,379,41,41
659,379,41,41
659,379,41,41
659,379,41,41
659,379,41,41
659,380,41,41
659,380,41,41
659,380,41,41
659,380,41,41
659,380,41,41
659,380,41,41
659,380,41,41
659,380,41,41
659,380,41,41
659,380,41,41
659,380,41,41
659,380,41,41
660,381,41,41
660,381,41,41
660,382,41,41
660,382,41,41
660,383,41,41
660,383,41,41
660,384,41,41
660,384,41,41
660,385,41,41
660,385,41,41
660,386,41,41
660,386,41,41
660,387,41,41
660,387,41,41
660,388,41,41
660,388,41,41
660,389,41,41
660,391,41,41
660,393,41,41
660,395,41,41
660,397,41,41
660,399,41,41
660,401,41,41
660,403,41,41
660,405,41,41
660,407,41,41
660,409,41,41
660,411,41,41
660,413,41,41
661,416,41,41
660,418,41,41
660,421,41,41
660,424,41,41
660,427,41,41
660,429,41,41
660,432,41,41
660,435,41,41
659,438,41,41
659,441,41,41
659,443,41,41
659,446,41,41
659,449,41,41
659,452,41,41
659,455,41,41
658,455,41,41
658,455,41,41
658,455,41,41
658,455,41,41
658,455,41,41
657,456,41,41
657,456,41,41
657,456,41,41
657,456,41,41
657,456,41,41
657,457,41,41
656,457,41,41
656,457,41,41
656,457,41,41
656,457,41,41
656,457,41,41
655,457,41,41
655,457,41,41
655,457,41,41
655,458,41,41
655,458,41,41
654,458,41,41
654,458,41,41
654,458,41,41
654,458,41,41
654,458,41,41
653,458,41,41
653,459,41,41
653,459,41,41
653,459,41,41
653,459,41,41
652,459,41,41
652,459,41,41
652,459,41,41
652,459,41,41
652,460,41,41
651,460,41,41
651,460,41,41
651,460,41,41
651,460,41,41
651,460,41,41
650,460,41,41
650,460,41,41
650,461,41,41
650,461,41,41
650,461,41,41
649,461,41,41
649,461,41,41
649,461,41,41
649,461,41,41
649,461,41,41
649,462,41,41
648,461,41,41
648,461,41,41
648,461,41,41
648,460,41,41
648,460,41,41
648,460,41,41
648,459,41,41
647,459,41,41
647,459,41,41
647,458,41,41
647,458,41,41
647,458,41,41
647,458,41,41
647,457,41,41
647,457,41,41
646,457,41,41
646,456,41,41
646,456,41,41
646,456,41,41
646,455,41,41
646,455,41,41
646,455,41,41
646,455,41,41
646,455,41,41
647,455,40,41
647,456,40,40
648,456,39,40
649,457,38,40
648,456,38,40
648,456,38,40
648,455,38,41
648,455,38,40
648,455,38,40
648,454,38,41
648,454,38,40
648,454,38,40
648,453,38,41
648,453,38,40
648,453,38,40
648,452,38,41
648,452,38,40
648,452,38,40
648,451,38,41
647,451,38,40
647,450,38,41
647,450,38,41
647,450,38,40
647,449,38,41
647,449,38,41
647,449,38,40
647,448,38,41
647,448,38,41
647,448,38,40
647,447,38,41
647,447,38,41
647,447,38,40
647,446,38,41
647,446,38,41
647,446,38,41
647,445,38,41
647,445,38,41
647,445,38,41
647,445,38,41
647,444,38,41
647,444,38,41
647,444,38,41
647,444,38,41
647,444,38,41
647,443,38,41
647,443,38,41
647,443,38,41
647,443,38,41
647,443,38,41
647,442,38,41
647,442,38,41
647,442,38,41
647,442,38,41
647,442,38,41
647,441,38,41
647,441,38,41
647,441,38,41
647,441,38,41
647,441,38,41
647,441,38,41
647,441,38,41
647,441,38,41
647,441,38,41
647,441,38,41
648,441,38,41
647,440,38,41
647,440,38,41
647,440,37,41
647,440,37,41
647,439,37,41
647,439,37,41
647,439,37,41
647,439,37,41
647,439,37,41
647,439,37,40
647,439,37,40
647,439,37,40
647,439,37,40
647,439,37,40
647,439,37,39
647,439,37,39
647,439,37,39
647,439,37,39
647,439,37,39
647,438,37,39
647,438,37,39
647,438,37,39
647,438,37,39
647,438,37,39
647,438,37,39
647,438,37,39
647,438,37,39
647,438,37,39
647,438,37,39
647,437,37,39
647,437,37,39
647,437,37,39
647,437,37,39
647,437,37,39
647,437,37,39
647,437,37,39
647,437,37,39
647,437,37,39
647,437,37,39
647,437,37,39
647,436,37,39
647,436,37,39
647,436,37,39
647,436,37,39
647,436,37,39
647,436,37,39
647,436,37,39
647,436,37,39
647,436,37,39
647,436,37,39
647,436,37,39
647,435,37,39
647,435,37,39
647,435,37,39
647,435,37,39
647,435,37,39
647,435,37,39
647,435,37,39
647,435,37,39
647,435,37,39
647,435,37,39
647,435,37,39
647,434,37,39
647,434,37,39
647,434,37,39
647,434,37,39
647,434,37,39
647,434,37,39
647,434,37,39
647,434,37,39
647,434,37,39
647,434,37,39
647,434,37,39
648,433,37,39
648,433,37,39
648,433,37,39
648,433,37,39
648,433,37,39
648,433,37,39
648,433,37,39
648,433,37,39
648,433,37,39
648,433,37,39
648,433,37,39
648,432,37,39
648,432,37,39
648,432,37,39
648,432,37,39
648,432,37,39
648,432,37,39
648,432,37,39
648,432,37,39
648,432,37,39
648,432,37,39
648,432,37,39
648,431,37,39
648,431,37,39
648,431,37,39
648,431,37,39
648,431,37,39
648,431,37,39
648,431,37,39
648,431,37,39
648,431,37,39
648,431,37,39
648,431,37,39
648,430,37,39
648,430,37,39
648,430,37,39
648,430,37,39
648,430,37,39
648,430,37,39
648,430,37,39
648,430,37,39
648,430,37,39
648,430,37,39
648,430,37,39
648,429,37,39
648,429,37,39
648,429,37,39
648,429,37,39
648,429,37,39
648,429,37,39
648,429,37,39
648,429,37,39
648,429,37,39
648,429,37,39
649,429,37,39
649,428,37,39
649,428,37,39
649,428,37,39
650,428,37,39
650,428,37,39
650,428,37,39
650,428,37,39
651,428,37,39
651,428,37,39
651,428,37,39
651,428,37,39
652,428,37,39
652,428,37,39
652,428,37,39
652,428,37,39
653,428,37,39
653,428,37,39
653,428,37,39
653,428,37,39
654,428,37,39
654,428,37,39
654,428,37,39
655,428,37,39
655,428,37,39
655,428,37,39
655,428,37,39
655,428,37,39
655,428,37,39
655,428,37,39
655,428,37,39
655,428,37,39
655,428,37,39
655,428,37,39
655,428,37,39
655,428,37,39
655,428,37,39
655,428,37,39
655,428,37,39
655,428,37,39
655,428,37,39
655,428,37,39
655,428,37,39
655,428,37,39
655,428,37,39
655,428,37,39
655,428,37,39
655,428,37,39
655,428,37,39
655,428,37,39
655,428,37,39
656,429,37,38
656,429,37,38
656,429,37,38
656,429,37,38
656,429,37,38
656,429,37,38
656,429,37,38
656,429,37,38
656,429,37,38
656,429,37,38
656,429,37,38
656,429,37,38
656,429,37,38
656,429,37,38
656,429,37,38
656,429,37,38
656,429,37,38
656,429,37,38
656,429,37,38
656,429,37,38
656,429,37,38
656,429,37,38
656,429,37,38
656,429,37,38
656,429,37,38
656,429,37,38
656,429,37,38
656,429,37,38
657,430,37,37
657,430,37,37
657,430,37,37
657,430,37,37
657,430,37,37
657,430,37,37
657,430,37,37
657,430,37,37
657,430,37,37
657,430,37,37
657,430,37,37
657,430,37,37
657,430,37,37
657,430,37,37
657,430,37,37
657,430,37,37
657,430,37,37
657,430,37,37
657,430,37,37
657,430,37,37
657,430,37,37
657,430,37,37
657,430,37,37
657,430,37,37
657,430,37,37
657,430,37,37
657,430,37,37
658,431,37,37
658,431,37,37
658,431,37,37
658,431,37,37
658,431,37,37
658,431,37,37
658,431,37,37
658,431,37,37
658,432,37,37
658,432,37,37
658,432,37,37
658,432,37,37
658,432,37,37
658,432,37,37
658,432,37,37
658,432,37,37
659,433,36,37
659,433,36,37
659,433,36,37
659,433,36,37
659,433,36,37
659,433,36,37
659,433,36,37
659,434,36,37
659,434,36,37
659,434,36,37
659,434,36,37
659,434,36,37
659,434,36,37
659,434,36,37
659,434,36,37
660,435,36,37
660,435,36,37
660,435,36,37
660,435,36,37
660,435,36,37
660,435,36,37
660,435,36,37
660,435,36,37
660,436,36,37
660,436,36,37
660,436,36,37
660,436,36,37
660,436,36,37
660,436,36,37
660,436,36,37
661,437,35,37
661,437,35,37
661,437,35,37
661,437,35,37
661,437,35,37
661,437,35,37
661,437,35,37
661,437,35,37
661,438,35,37
661,438,35,37
661,438,35,37
661,438,35,37
661,438,35,37
661,438,35,37
661,438,35,37
662,439,35,37
661,439,36,37
661,440,36,37
661,441,36,37
661,441,36,38
661,442,36,37
661,443,36,37
661,443,36,38
661,444,36,38
661,445,36,38
661,445,36,38
661,446,36,38
661,447,36,38
661,447,36,39
661,448,36,38
661,449,36,38
661,449,36,39
661,450,36,39
661,451,36,39
661,451,36,39
661,452,36,39
660,453,37,39
660,454,37,39
660,454,37,39
660,455,37,39
660,456,37,39
660,456,37,40
660,457,37,40
660,458,37,39
660,458,37,40
660,459,37,40
660,460,37,40
660,460,37,40
660,461,37,40
660,462,37,40
660,462,37,41
660,463,37,41
660,464,37,40
660,464,37,41
660,465,37,41
660,466,37,41
660,467,37,41
659,468,38,41
659,469,38,42
659,470,38,42
658,472,39,42
658,473,39,42
658,474,39,43
657,475,40,43
657,477,40,43
657,478,40,43
656,479,41,44
656,480,41,44
656,482,41,44
656,483,41,44
655,484,42,45
655,485,42,45
655,487,42,45
654,488,43,45
654,489,43,46
654,490,43,46
653,492,44,46
653,493,44,46
653,494,44,47
653,496,44,47
652,497,44,47
651,498,45,48
651,500,44,47
650,501,45,48
650,503,44,47
649,504,45,48
649,506,44,47
648,507,45,48
647,508,45,48
647,510,45,48
646,511,45,48
646,513,45,48
645,514,45,48
645,516,45,48
644,516,45,48
644,517,45,48
644,517,45,48
644,518,45,48
644,518,45,48
644,519,45,48
643,519,45,48
643,520,45,48
642,520,45,48
642,521,45,48
642,522,45,48
641,521,45,48
641,521,45,48
640,521,45,48
640,520,45,48
640,520,45,48
639,520,45,48
639,519,45,48
639,519,45,48
638,519,45,48
638,518,45,48
637,518,45,48
637,518,45,48
637,517,45,48
636,517,45,48
636,517,45,48
636,516,45,48
635,516,45,48
635,516,45,48
634,515,45,48
634,515,45,48
634,515,45,48
633,514,45,48
633,514,45,48
633,514,45,48
632,513,45,48
632,512,45,48
632,512,45,48
631,511,45,48
631,511,45,48
631,510,45,48
631,510,45,48
630,509,45,48
630,509,45,48
630,508,45,48
630,508,45,48
629,507,45,48
629,507,45,48
629,506,45,48
629,506,45,48
628,505,45,48
628,505,45,48
628,504,45,48
628,504,45,48
627,503,45,48
627,503,45,48
627,503,45,48
627,503,45,48
627,502,45,48
627,502,45,48
627,502,45,48
627,502,45,48
627,501,45,49
627,501,45,48
627,501,45,48
627,501,45,48
627,500,45,49
627,500,45,49
626,500,45,48
626,500,45,48
626,499,45,49
626,499,45,49
626,499,45,49
626,499,45,48
626,498,45,49
626,498,45,49
626,498,45,49
626,498,45,49
626,497,45,49
626,497,45,49
626,497,45,49
626,497,45,49
626,497,45,49
626,497,45,48
626,497,45,48
626,497,45,48
627,497,45,48
627,497,45,48
627,497,45,48
628,497,45,48
628,497,45,48
628,497,45,48
629,497,45,48
629,498,45,48
629,498,45,48
630,498,45,48
630,499,45,48
630,499,45,48
631,499,45,48
631,499,45,48
631,500,45,48
632,500,45,48
632,500,45,48
632,501,45,48
633,501,45,48
633,501,45,48
633,502,45,48
634,502,45,48
634,502,45,48
634,502,45,48
635,503,45,48
635,503,45,48
635,503,45,48
636,504,45,48
636,504,45,48
636,504,45,48
637,505,45,48
637,505,45,48
637,505,45,48
638,505,45,48
638,506,45,48
638,506,45,48
639,506,45,48
639,507,45,48
639,507,45,48
640,507,45,48
640,507,45,48
640,508,45,48
641,508,45,48
641,508,45,48
641,509,45,48
642,509,45,48
642,509,45,48
642,510,45,48
643,510,45,48
643,510,45,48
643,510,45,48
644,511,45,48
644,511,45,48
644,511,45,48
645,512,45,48
645,512,45,48
645,512,45,48
646,513,45,48
646,512,45,47
646,511,45,47
647,510,45,47
647,509,45,47
648,508,45,47
648,507,45,47
648,506,45,47
649,505,45,47
649,504,45,46
650,503,45,46
650,502,45,46
650,501,45,46
651,500,45,46
651,499,45,46
652,498,45,46
652,497,45,46
653,496,45,46
653,494,45,46
653,493,45,46
654,492,44,46
654,491,44,46
654,490,45,46
655,489,44,46
655,488,44,46
655,487,44,46
656,486,44,46
656,485,44,45
656,484,44,45
657,483,43,45
657,482,44,45
657,481,44,45
658,480,43,45
658,479,43,45
658,478,43,45
659,477,43,45
659,476,43,45
659,474,43,45
660,473,42,45
660,472,43,45
660,471,43,45
661,470,42,45
661,469,42,45
661,468,43,45
662,467,42,45
662,466,42,45
662,465,42,45
663,464,41,44
663,463,42,44
663,462,42,44
664,461,41,44
664,460,41,44
664,459,42,44
665,458,41,44
665,457,41,44
665,456,41,44
666,455,41,44
666,454,41,44
666,453,41,44
666,452,41,44
666,452,41,44
667,451,40,44
667,450,41,44
667,450,41,43
667,449,41,44
668,448,40,44
668,448,40,43
668,447,41,43
668,446,41,44
669,446,40,43
669,445,40,43
669,444,40,43
669,444,40,43
670,443,40,43
670,442,40,43
670,442,40,43
670,441,40,43
671,440,39,43
671,440,40,42
671,439,40,43
671,438,40,43
672,438,39,42
672,437,39,42
672,436,39,43
672,436,40,42
673,435,39,42
673,434,39,42
673,434,39,42
673,433,39,42
674,432,39,42
674,432,39,42
674,431,39,42
674,430,39,42
675,430,38,41
675,429,38,42
675,428,39,42
675,428,39,41
676,427,38,41
676,426,38,42
676,426,38,41
676,425,39,41
677,424,38,41
677,424,38,41
677,423,38,41
677,422,38,41
678,422,38,41
678,421,38,41
678,421,38,41
678,420,38,41
678,420,38,41
678,419,38,41
678,419,38,41
678,419,38,40
678,418,38,41
679,418,37,40
679,417,37,41
679,417,37,40
679,417,37,40
679,416,37,40
679,416,37,40
679,415,37,40
679,415,37,40
680,415,37,40
680,415,37,39
680,415,37,39
680,415,37,39
681,415,36,39
681,415,36,39
681,415,36,39
682,415,36,38
682,415,36,38
682,415,36,38
683,415,35,38
683,415,35,38
683,415,35,38
684,415,35,37
684,415,35,37
684,415,35,37
685,415,34,37
685,415,34,37
685,415,34,37
686,415,34,37
685,414,34,37
685,414,34,36
685,413,34,36
685,413,34,35
684,412,35,36
684,412,35,35
684,411,35,35
684,411,35,34
684,411,35,34
681,410,34,34
678,409,34,34
675,408,34,34
672,407,34,34
669,406,34,34
666,405,34,34
663,404,34,34
660,403,34,34
657,402,34,35
656,400,34,35
656,399,34,35
656,398,34,35
656,397,34,35
656,395,34,36
656,394,34,36
656,393,33,35
656,392,33,35
656,390,33,36
656,389,33,36
656,388,33,36
656,387,33,36
655,386,33,35
655,385,33,35
655,384,33,35
655,383,32,35
655,383,32,34
655,382,32,33
655,381,32,33
655,380,31,33
655,379,31,33
655,379,31,32
655,378,31,31
655,377,30,31
655,376,30,31
655,375,30,31
655,375,30,30
655,374,29,30
655,373,29,30
655,372,29,30
655,372,29,29
655,371,29,29
655,370,29,29
655,369,29,30
655,369,29,29
655,368,29,29
655,367,29,29
655,367,29,28
655,366,29,28
655,365,29,29
655,364,29,29
655,364,29,28
655,363,29,28
655,362,29,28
655,362,29,27
655,361,29,27
655,360,29,28
655,359,29,28
655,359,29,27
655,358,29,27
655,357,29,27
655,357,29,26
655,356,29,27
655,355,29,27
655,354,29,27
655,354,29,26
655,353,29,26
655,352,29,26
655,352,29,26
655,351,29,26
655,351,29,26
655,351,29,26
655,350,29,26
655,350,29,26
655,350,29,26
655,350,29,25
655,349,29,26
655,349,29,26
655,349,29,26
655,348,29,26
655,348,29,26
655,348,29,26
655,348,29,25
655,347,29,26
655,347,29,26
655,347,29,25
655,346,29,26
655,346,29,26
655,346,29,26
655,346,29,25
656,345,28,26
656,345,28,26
656,345,28,25
656,344,28,26
656,344,28,26
656,344,28,25
656,344,28,25
656,343,28,26
656,343,28,26
656,343,28,25
656,343,28,25
656,342,28,26
656,342,28,25
656,342,28,25
656,341,28,26
656,341,28,26
656,341,28,25
656,341,28,25
656,340,28,26
656,340,28,25
656,340,28,25
657,339,27,26
657,339,27,25
657,339,27,25
657,339,27,25
657,338,27,26
657,338,27,25
657,338,27,25
657,337,27,26
657,337,27,25
657,337,27,25
657,337,27,25
657,336,27,25
657,336,27,25
657,336,27,25
657,335,27,26
657,335,27,25
657,335,27,25
657,335,27,25
657,334,27,25
657,334,27,25
657,334,27,25
658,334,27,25
658,333,27,26
658,333,28,26
658,333,28,26
658,333,29,26
658,332,28,26
658,332,28,26
658,332,28,26
658,332,28,26
658,332,28,25
658,331,28,26
658,331,28,26
658,331,28,26
658,331,28,25
658,331,28,25
658,330,27,26
658,330,27,26
658,330,27,26
658,330,27,25
658,330,27,25
658,329,27,26
658,329,27,26
658,329,27,25
658,329,27,25
658,329,27,25
658,328,26,26
658,328,26,26
658,328,26,25
658,328,26,25
658,328,26,25
658,327,26,26
658,327,26,25
658,327,26,25
658,327,26,25
658,327,26,25
658,327,26,25
657,326,26,25
657,326,26,25
657,326,26,25
657,326,26,24
657,325,26,25
657,325,26,25
657,325,26,25
657,325,26,24
657,325,26,24
657,324,26,25
657,324,26,25
657,324,25,24
657,324,25,24
657,324,25,24
657,323,25,25
657,323,25,24
657,323,25,24
657,323,25,24
657,323,25,24
657,322,25,24
657,322,25,24
657,322,25,24
657,322,24,23
657,321,24,24
657,321,24,24
657,321,24,24
657,321,24,23
657,321,24,23
656,320,25,24
656,320,25,24
656,320,25,23
656,320,25,23
656,320,25,23
656,319,25,24
656,319,24,23
656,319,24,23
656,319,24,23
656,319,24,23
656,318,24,23
656,318,24,23
656,318,24,23
656,318,24,22
656,317,24,23
656,317,24,23
656,317,24,23
656,317,23,22
656,317,23,22
656,316,23,23
656,316,23,23
656,316,23,22
656,316,23,22
656,316,23,22
656,315,23,23
656,315,23,22
656,315,23,22
656,315,23,22
656,315,23,22
656,314,23,22
656,314,23,22
656,314,23,22
656,313,23,22
656,313,23,22
656,313,23,22
656,313,23,22
656,312,23,22
656,312,23,22
656,312,23,22
656,311,23,22
656,311,23,22
656,311,23,22
656,311,23,22
656,310,23,22
656,310,23,22
656,310,23,22
656,310,23,22
656,309,23,22
656,309,23,22
656,309,23,22
656,309,23,22
656,308,23,22
656,308,23,22
656,308,23,22
656,308,23,22
656,308,23,22
656,307,22,22
656,307,22,22
656,307,22,22
656,307,22,22
656,307,22,22
656,307,22,22
656,307,22,21
656,307,22,21
656,306,21,22
656,306,21,22
656,306,21,22
656,306,21,22
656,306,21,22
656,306,21,21
656,306,21,21
656,306,21,21
656,305,20,22
656,305,20,22
656,305,20,22
656,305,20,21
656,305,20,21
656,305,20,21
656,305,20,21
656,305,20,21
656,304,19,22
656,304,19,22
656,304,19,21
656,304,19,21
656,304,19,21
656,304,19,21
656,304,19,21
656,304,19,21
656,304,19,21
656,304,18,21
656,304,18,21
656,304,18,21
656,304,18,21
656,304,18,21
656,304,18,21
656,304,18,21
656,305,18,20
656,305,18,20
656,305,18,20
656,305,18,20
656,305,18,20
656,305,18,20
656,305,18,20
656,306,18,19
655,306,18,19
655,306,18,19
655,307,18,19
654,307,19,19
654,308,19,18
654,308,19,19
654,309,19,18
653,309,19,18
653,309,19,19
653,310,19,18
652,310,20,18
652,311,20,18
652,311,20,18
652,312,20,18
651,312,20,18
651,312,20,18
651,312,20,18
651,312,20,18
651,312,20,18
651,312,20,18
651,312,20,18
651,312,20,18
651,313,20,18
650,312,20,18
650,312,20,18
650,311,20,18
650,311,20,18
649,311,20,18
649,310,20,18
649,310,20,18
649,309,20,18
649,309,20,18
648,309,20,18
648,308,20,18
648,308,20,18
648,307,20,18
647,307,20,18
647,307,20,18
647,306,20,18
647,306,20,18
647,306,20,18
646,305,20,18
646,304,20,18
646,304,20,18
646,303,20,18
646,303,20,18
646,302,20,18
646,302,20,18
646,301,20,18
646,301,20,18
646,300,20,18
646,300,20,18
645,299,20,18
645,299,20,18
645,298,20,18
645,298,20,18
645,297,20,18
645,297,20,18
645,296,20,18
645,296,20,18
645,295,20,18
645,295,20,18
645,295,20,18
645,294,20,18
645,294,20,18
645,293,20,18
645,293,20,18
645,292,20,18
645,292,20,18
645,292,20,18
645,291,20,18
645,291,20,18
645,290,20,18
645,290,20,18
645,289,20,18
645,289,20,18
645,289,20,18
645,289,20,18
