1344,1167,149,202
1340,1160,148,201
1336,1153,147,200
1332,1146,147,199
1328,1140,146,197
1325,1133,144,196
1321,1126,144,195
1317,1120,143,193
1313,1113,142,192
1309,1106,142,191
1306,1099,140,190
1302,1093,139,188
1298,1086,139,187
1294,1079,138,186
1291,1073,137,185
1287,1066,136,184
1283,1059,135,183
1279,1052,135,182
1275,1046,134,180
1272,1039,132,179
1268,1032,132,178
1264,1026,131,176
1260,1019,130,175
1256,1012,130,174
1253,1005,128,173
1249,999,127,171
1245,992,127,170
1241,985,126,169
1238,979,125,168
1235,974,123,167
1232,969,122,166
1229,964,121,166
1226,959,119,165
1223,955,118,164
1220,950,117,163
1217,945,115,163
1214,940,114,162
1211,936,113,161
1207,933,113,160
1204,930,113,159
1201,928,113,157
1198,925,113,156
1195,923,112,154
1192,920,112,153
1188,918,113,152
1185,915,113,151
1182,913,112,149
1179,910,112,148
1176,907,112,147
1173,905,112,145
1170,902,111,144
1166,900,112,143
1163,897,112,142
1160,895,112,140
1157,892,111,139
1154,890,111,137
1151,887,111,136
1148,885,111,135
1145,882,109,137
1142,880,108,139
1139,878,106,141
1137,876,104,142
1134,874,103,144
1131,871,101,147
1129,869,99,148
1126,867,97,150
1123,865,96,152
1121,863,94,154
1118,862,93,150
1115,861,93,147
1112,860,92,144
1109,860,92,140
1106,859,91,139
1103,858,91,139
1100,858,90,137
1097,857,90,137
1094,857,89,136
1091,856,89,135
1088,855,88,135
1085,855,88,133
1082,854,87,133
1079,854,87,132
1076,852,87,132
1073,851,87,132
1071,850,87,132
1068,848,87,133
1065,847,87,133
1063,846,87,132
1060,844,87,133
1057,843,87,133
1055,842,87,133
1052,840,87,134
1049,839,87,134
1047,838,87,133
1044,837,87,133
1041,835,87,134
1039,834,87,134
1036,833,87,134
1033,831,87,135
1031,830,87,134
1028,829,87,134
1025,827,87,135
1023,826,87,135
1020,825,87,135
1018,824,87,135
1015,822,87,132
1012,820,88,129
1009,818,89,126
1007,817,89,123
1005,816,89,122
1003,815,89,122
1001,815,89,121
999,814,89,121
997,813,89,121
995,813,89,120
993,812,89,120
991,811,89,120
989,811,89,119
987,810,89,119
985,810,89,118
987,808,88,118
989,806,88,118
991,804,88,118
993,802,88,118
995,800,88,118
997,798,88,118
999,796,87,118
1001,794,87,118
1003,792,87,118
1005,790,87,118
1007,788,87,118
1009,786,87,118
1011,785,87,118
1012,782,86,118
1013,780,85,117
1014,778,85,117
1015,776,84,116
1016,774,84,115
1017,771,83,116
1019,769,81,115
1020,767,81,114
1021,765,80,114
1022,763,80,113
1023,760,79,113
1024,758,79,113
1026,756,77,112
1027,754,76,111
1028,752,76,111
1029,749,75,111
1030,747,75,110
1031,745,74,110
1032,743,74,109
1034,741,72,108
1035,738,71,109
1036,736,71,108
1037,734,70,107
1038,732,70,107
1039,730,69,106
1041,728,68,106
1041,725,68,106
1042,723,68,106
1043,721,68,105
1044,718,67,106
1045,716,67,106
1045,714,68,105
1046,711,67,106
1047,709,67,105
1048,707,67,105
1049,704,66,106
1049,702,67,105
1050,700,67,105
1051,697,66,105
1052,695,66,105
1053,693,66,105
1052,690,66,105
1052,688,65,104
1051,686,66,104
1051,683,65,104
1050,681,66,104
1050,679,65,103
1050,676,65,104
1049,674,65,103
1049,672,65,103
1048,670,65,102
1048,667,65,103
1048,665,64,102
1047,663,64,101
1047,660,64,102
1046,658,64,101
1046,656,64,101
1045,654,64,100
1045,651,64,101
1045,649,63,100
1044,647,64,100
1044,644,63,100
1043,642,64,100
1043,640,63,99
1043,638,63,99
1041,635,63,99
1040,633,62,98
1039,630,62,99
1037,628,62,98
1036,626,62,98
1035,623,61,98
1033,621,62,98
1032,619,61,97
1031,616,61,98
1030,614,60,97
1028,612,61,97
1027,609,60,97
1026,607,60,97
1024,605,60,96
1023,602,60,97
1022,600,59,96
1021,598,59,96
1020,596,59,96
1019,595,59,96
1018,594,59,95
1017,592,59,96
1017,591,58,96
1016,590,58,95
1015,589,58,95
1014,587,59,95
1014,586,58,95
1013,585,58,95
1012,584,58,94
1011,582,58,95
1011,581,57,94
1010,580,57,94
1009,579,58,94
1008,577,58,94
1007,576,58,94
1007,575,57,93
1006,573,57,94
1005,572,57,94
1004,571,57,93
1004,570,56,93
1003,568,57,93
1002,567,57,93
1001,566,57,93
1001,565,56,92
1000,563,56,93
999,562,56,92
998,561,56,92
998,560,56,92
998,559,56,91
998,558,56,91
998,557,56,91
998,557,57,89
999,556,56,89
999,555,56,89
999,554,57,89
999,554,57,87
999,553,57,87
1000,552,57,87
1000,551,57,87
1000,551,57,85
1000,550,58,85
1000,549,58,85
1001,548,57,85
1001,548,58,83
1001,547,58,83
1001,546,58,83
1002,546,58,82
1004,544,57,84
1006,543,57,85
1008,542,57,86
1010,541,57,87
1012,540,57,88
1014,539,57,89
1017,538,56,90
1019,537,55,89
1021,536,54,88
1024,536,52,86
1026,535,51,85
1029,534,49,84
1031,534,49,82
1033,533,48,81
1036,532,46,80
1038,532,45,78
1041,531,43,77
1043,530,42,76
1046,530,41,75
1045,528,41,76
1044,527,42,76
1044,526,41,76
1043,525,42,76
1043,523,42,77
1042,522,42,78
1042,521,42,78
1041,520,43,78
1041,518,42,79
1040,517,43,79
1040,516,43,79
1039,515,43,80
1039,513,43,81
1038,512,44,81
1038,511,43,81
1037,510,44,81
1037,509,44,82
1038,508,44,82
1039,508,45,80
1040,508,46,79
1041,509,47,76
1042,509,48,75
1043,509,49,73
1044,510,50,71
1045,510,51,69
1046,510,52,68
1047,511,53,65
1048,511,54,64
1049,511,55,62
1051,512,56,60
1052,510,56,60
1054,509,56,60
1056,508,56,60
1057,506,57,61
1059,505,57,61
1061,504,57,61
1062,502,57,62
1064,501,57,62
1066,500,57,62
1067,498,58,63
1069,497,58,63
1071,496,58,63
1073,495,58,63
1073,494,58,63
1073,493,58,63
1074,492,57,63
1074,491,57,63
1075,490,57,63
1075,489,57,63
1075,488,57,63
1076,487,56,63
1076,486,56,63
1077,485,56,63
1077,484,56,63
1077,483,56,63
1078,482,55,63
1078,481,55,63
1079,480,55,63
1079,479,55,63
1080,478,54,63
1080,477,54,63
1080,476,54,63
1081,476,54,63
1081,475,54,63
1082,474,53,63
1082,473,53,63
1082,472,53,63
1083,471,53,63
1083,470,53,63
1084,469,52,63
1084,468,52,63
1085,467,52,63
1085,466,52,63
1085,465,52,63
1086,464,51,63
1086,463,51,63
1087,462,51,63
1087,461,51,63
1087,460,51,63
1088,459,50,63
1088,458,50,63
1089,458,50,63
1089,457,50,63
1089,456,50,63
1090,455,49,63
1090,454,49,63
1091,453,49,63
1091,452,49,63
1092,451,48,63
1092,450,48,63
1092,449,48,63
1093,448,48,63
1093,447,48,63
1094,446,47,63
1094,445,47,63
1094,444,47,63
1095,443,47,63
1095,442,47,63
1096,441,46,63
1096,440,46,63
1097,440,46,63
1096,438,46,63
1096,437,46,63
1096,436,46,63
1096,435,46,63
1096,433,46,63
1095,432,46,63
1095,431,46,63
1095,430,46,63
1095,428,46,63
1095,427,46,63
1094,426,46,63
1094,425,46,63
1094,423,46,63
1094,422,46,63
1094,421,46,63
1094,420,46,63
1093,418,46,63
1093,417,46,63
1093,416,46,63
1093,415,46,63
1092,414,46,63
1092,413,46,63
1092,412,46,63
1092,411,46,63
1092,410,46,63
1091,408,46,63
1091,407,46,63
1091,406,46,63
1091,405,46,63
1090,404,46,63
1090,403,46,63
1090,402,46,63
1090,401,46,63
1090,400,46,63
1089,399,46,63
1089,398,46,63
1089,397,46,63
1089,396,46,63
1089,396,45,62
1089,395,45,62
1089,394,45,62
1088,393,46,62
1088,393,45,61
1088,392,45,61
1088,391,45,62
1088,390,45,62
1088,390,45,61
1088,389,44,61
1088,388,44,61
1087,387,45,61
1087,387,45,60
1087,386,44,60
1087,385,44,60
1087,384,44,60
1087,384,44,60
1087,383,44,60
1087,382,43,60
1086,381,44,60
1086,380,44,60
1086,380,44,59
1086,379,43,59
1086,378,43,59
1086,377,43,59
1086,377,43,58
1086,376,43,59
1085,375,43,59
1085,374,43,59
1085,374,43,58
1085,373,43,58
1085,372,42,58
1085,371,42,58
1085,371,42,57
1085,370,42,57
1084,369,42,57
1084,368,42,58
1084,368,42,57
1084,367,42,57
1084,366,42,57
1084,365,41,57
1084,365,41,56
1084,364,41,56
1083,363,42,56
1083,362,41,56
1083,361,41,56
1083,361,41,56
1083,360,41,56
1083,359,41,56
1083,358,40,56
1083,358,40,55
1082,357,41,55
1082,356,41,55
1082,355,40,55
1082,355,40,54
1082,354,40,54
1082,353,40,55
1082,352,40,55
1082,352,39,54
1081,351,40,54
1081,350,40,54
1081,349,40,54
1081,349,39,53
1081,348,39,53
1081,347,39,53
1081,346,39,53
1081,346,39,53
1080,345,39,53
1080,344,39,53
1080,343,39,54
1080,343,39,53
1080,342,39,53
1080,341,39,54
1080,341,39,53
1080,340,39,53
1080,339,39,54
1080,339,39,53
1080,338,39,53
1080,337,39,54
1080,336,39,54
1080,336,39,53
1080,335,39,54
1080,334,39,54
1080,334,39,53
1080,333,39,54
1079,332,39,54
1079,332,39,53
1079,331,39,54
1079,330,39,54
1079,329,39,54
1079,329,39,54
1079,328,39,54
1079,327,39,54
1079,327,39,54
1079,326,39,54
1079,325,39,54
1079,325,39,54
1079,324,39,54
1079,323,39,54
1079,322,39,55
1079,322,39,54
1079,321,39,54
1079,320,39,55
1078,320,39,54
1078,319,39,55
1078,318,39,55
1078,318,39,54
1078,317,39,55
1078,316,39,55
1078,315,39,55
1078,315,39,55
1078,314,39,55
1078,313,39,55
1078,313,39,55
1078,312,39,55
1078,311,39,55
1078,311,39,55
1078,310,39,55
1078,309,39,55
1078,308,39,56
1078,308,39,55
1077,307,39,55
1077,306,39,56
1077,306,39,55
1077,305,39,55
1077,304,39,56
1077,304,39,55
1077,303,39,55
1077,302,39,56
1077,301,39,56
1077,301,39,55
1077,300,39,56
1077,299,39,56
1077,299,39,55
1077,298,39,56
1077,297,39,56
1077,297,39,55
1077,296,39,56
1077,295,39,56
1077,295,39,56
1077,294,39,56
1077,294,39,56
1078,294,38,55
1078,293,38,56
1079,293,37,56
1079,293,37,55
1080,292,36,56
1080,292,36,55
1081,292,35,55
1081,291,35,56
1081,291,35,55
1082,291,34,55
1082,290,34,55
1083,290,33,55
1083,290,33,55
1084,289,32,55
1084,289,32,55
1085,289,31,55
1085,288,31,55
1086,288,31,55
1086,288,32,55
1087,288,32,54
1088,288,31,54
1088,288,32,54
1089,288,32,53
1089,288,33,53
1090,288,32,53
1091,288,32,52
1091,287,33,53
1092,287,33,53
1093,287,32,52
1093,287,33,52
1094,287,33,52
1094,287,34,51
1095,287,33,51
1096,287,33,51
1096,287,34,50
1097,287,34,50
1098,287,34,50
1098,287,34,50
1098,287,34,50
1099,287,34,50
1099,287,34,50
1100,287,34,50
1100,287,34,50
1101,288,34,49
1101,288,34,49
1102,288,34,49
1102,288,34,49
1103,288,33,49
1103,288,34,49
1104,289,33,48
1104,289,34,48
1105,289,33,48
1105,289,34,48
1106,289,33,48
1106,289,34,48
1107,290,33,47
1107,290,34,47
1108,290,33,47
1108,290,33,47
1109,290,33,47
1109,290,33,47
1110,291,33,46
1110,291,33,46
1111,291,33,46
1111,291,33,46
1112,291,33,46
1112,291,33,46
1113,292,33,45
1112,292,34,45
1112,292,34,46
1112,293,34,45
1112,293,34,46
1111,294,36,45
1111,294,36,46
1111,295,36,45
1111,295,36,46
1110,296,37,46
1110,296,38,46
1110,297,38,46
1110,297,38,46
1109,298,39,46
1109,298,39,46
1109,299,40,46
1109,299,40,47
1109,299,40,47
1108,300,41,47
1108,300,41,47
1108,301,42,47
1108,301,42,47
1107,302,43,47
1107,302,43,48
1107,303,43,47
1107,303,44,48
1106,304,45,47
1106,304,45,48
1106,305,45,47
1106,305,45,48
1106,306,46,48
1109,306,43,47
1112,306,41,47
1115,306,38,47
1119,306,35,47
1119,306,35,47
1119,306,35,47
1119,306,35,47
1120,307,34,46
1120,307,34,47
1120,307,34,47
1120,307,35,47
1121,308,34,46
1121,308,34,46
1121,308,34,47
1122,309,33,46
1122,309,33,46
1122,309,34,46
1122,309,34,46
1123,310,33,46
1123,310,33,46
1123,310,33,46
1124,311,32,45
1124,311,33,45
1124,311,33,46
1124,311,33,46
1125,312,32,45
1125,312,32,45
1125,312,32,46
1125,312,33,46
1126,313,32,45
1126,313,32,45
1126,313,32,45
1127,314,31,45
1127,314,31,45
1127,314,32,45
1127,314,32,45
1128,315,31,44
1128,315,31,45
1128,315,31,45
1129,316,30,44
1129,316,31,44
1129,316,31,44
1129,316,31,45
1130,317,30,44
1130,317,30,44
1130,317,30,44
1131,318,30,44
1131,318,30,44
1131,318,30,44
1131,318,30,44
1131,318,30,44
1131,318,30,44
1131,318,30,44
1131,319,30,44
1131,319,30,44
1131,319,30,44
1131,319,30,44
1131,319,30,44
1131,319,30,44
1131,319,30,44
1131,320,30,44
1132,320,29,44
1132,320,29,44
1132,320,29,44
1132,320,29,44
1132,320,29,44
1132,321,29,44
1132,321,29,44
1132,321,29,44
1132,321,29,44
1132,321,29,44
1132,321,29,44
1132,321,29,44
1132,322,29,44
1132,322,29,44
1132,322,29,44
1133,322,29,44
1133,322,29,44
1133,322,29,44
1133,322,29,44
1133,323,29,44
1133,323,29,44
1133,323,29,44
1133,323,29,44
1133,323,29,44
1133,323,29,44
1133,324,29,44
1133,324,29,44
1133,324,29,44
1133,324,29,44
1133,324,29,44
1134,324,28,44
1134,324,28,44
1134,325,28,44
1134,325,28,44
1134,325,28,44
1134,325,28,44
1134,325,28,44
1134,325,28,44
1134,325,28,44
1134,326,28,44
1134,326,28,44
1134,326,28,44
1134,326,28,44
1134,326,28,44
1134,326,28,44
1135,327,28,44
1134,327,30,44
1133,327,32,45
1132,327,34,46
1132,328,35,45
1131,328,37,46
1130,328,39,47
1130,329,40,46
1129,329,42,47
1128,329,44,48
1128,330,46,48
1128,329,46,48
1129,328,45,48
1129,328,45,47
1130,327,44,47
1131,327,43,46
1131,326,43,46
1132,326,42,45
1132,325,42,45
1133,325,41,45
1134,324,40,45
1134,324,41,44
1135,323,40,44
1135,323,40,43
1136,322,39,43
1137,322,38,42
1137,321,38,42
1138,321,37,42
1138,320,37,42
1139,320,36,41
1140,319,35,41
1140,319,35,40
1141,318,35,40
1141,318,35,39
1142,317,34,39
1143,317,33,39
1143,316,33,39
1144,316,32,38
1144,315,32,38
1145,315,31,37
1146,314,30,37
1146,314,30,36
1147,313,29,36
1148,313,29,36
1148,312,29,36
1148,311,29,36
1148,311,29,36
1148,310,29,36
1148,309,29,37
1148,309,29,36
1148,308,29,37
1148,307,29,37
1149,307,29,37
1149,306,29,37
1149,306,29,37
1149,305,29,37
1149,304,29,37
1149,304,29,37
1149,303,29,37
1149,302,29,38
1150,302,29,37
1150,301,29,38
1150,300,29,38
1150,300,29,38
1150,299,29,38
1150,299,29,38
1150,298,29,38
1150,297,29,38
1151,297,29,38
1151,296,29,38
1151,295,29,39
1151,295,29,38
1151,294,29,39
1151,293,29,39
1151,293,29,39
1151,292,29,39
1152,292,29,39
1150,292,31,40
1149,292,32,41
1147,292,34,42
1146,292,35,43
1144,293,38,43
1143,293,39,44
1141,293,41,45
1140,293,42,46
1138,293,44,47
1137,294,46,48
1140,293,43,47
1144,293,39,45
1147,292,36,45
1151,292,32,43
1155,292,28,42
1154,291,28,42
1154,291,28,42
1154,291,28,42
1153,291,29,42
1153,290,29,43
1153,290,29,43
1152,290,30,43
1152,290,30,43
1152,289,30,44
1151,289,31,44
1151,289,31,44
1151,289,31,44
1151,288,30,44
1151,288,30,44
1151,288,30,44
1151,288,30,43
1151,287,30,44
1151,287,30,44
1151,287,30,43
1151,287,30,43
1151,286,30,44
1151,286,29,43
1151,286,29,43
1151,286,29,43
1151,285,29,43
1151,285,29,43
1151,285,29,43
1151,285,29,43
1151,284,29,43
1151,284,29,43
1151,284,29,43
1151,284,28,42
1151,283,28,43
1151,283,28,43
1151,283,28,42
1151,283,28,42
1151,282,28,43
1151,282,28,42
1151,282,28,42
1151,282,28,42
1152,282,27,42
1152,281,27,42
1152,281,27,42
1152,281,27,41
1152,281,27,41
1152,281,27,40
1152,281,27,40
1152,281,27,40
1152,280,27,40
1152,280,27,40
1152,280,27,39
1152,280,27,39
1152,280,27,39
1152,280,27,38
1152,280,27,38
1152,279,28,38
1152,279,28,38
1152,279,28,37
1152,279,28,37
1152,279,28,37
1152,279,28,36
1152,279,28,36
1152,278,28,36
1152,278,28,36
1152,278,28,36
1152,278,28,35
1152,278,28,35
1152,278,28,34
1152,278,28,34
1152,278,29,34
1151,277,29,34
1151,277,29,34
1151,276,29,34
1151,276,29,34
1151,276,29,34
1151,275,28,34
1151,275,28,34
1151,274,28,34
1151,274,28,34
1151,274,28,34
1151,273,27,34
1151,273,27,34
1151,273,27,34
1151,272,27,34
1151,272,27,34
1151,271,26,34
1151,271,26,34
1151,271,26,34
1151,270,26,34
1151,270,26,34
1151,270,26,34
1151,269,26,34
1152,268,26,34
1152,267,26,34
1153,266,26,34
1152,265,26,34
1152,265,26,34
1152,265,26,34
1151,265,26,34
1151,265,26,34
1151,265,26,34
1150,265,26,34
1150,265,26,34
1150,265,26,34
1149,265,26,34
1149,265,26,34
1149,265,26,33
1149,265,26,33
1148,265,26,33
1148,265,26,33
1148,265,26,33
1147,265,26,33
1147,265,26,33
1147,265,26,33
1146,265,26,33
1146,265,26,33
1146,265,26,33
1146,265,26,33
1146,265,26,33
1146,265,26,33
1146,265,27,33
1147,265,26,33
1147,265,26,33
1147,265,27,33
1148,266,26,33
1148,266,26,33
1148,266,27,33
1149,266,26,33
1149,266,26,33
1149,266,27,33
1149,266,27,33
1150,267,26,33
1150,267,27,33
1150,267,27,33
1151,267,26,33
1151,267,27,33
1151,267,27,33
1152,268,27,33
1151,267,27,33
1151,266,27,33
1150,265,28,33
1150,264,27,33
1149,263,28,33
1149,262,28,34
1149,261,27,34
1149,260,27,34
1150,259,26,34
1150,258,25,34
1150,257,25,34
1151,256,24,34
1151,255,23,34
1151,254,23,34
1152,254,22,33
1152,252,22,33
1153,251,22,33
1154,249,21,34
1155,248,21,33
1156,246,20,34
1157,245,20,34
1157,245,20,33
1157,245,20,33
1157,245,20,33
1157,245,20,33
1157,245,20,33
1156,244,20,33
1155,243,20,34
1154,243,20,34
1154,241,20,34
1154,239,20,34
1154,237,20,34
1154,235,20,34
1155,234,20,33
1155,232,20,33
1156,231,19,32
1157,230,19,32
1157,228,19,32
1158,227,18,31
1159,226,18,31
1158,226,18,31
1157,226,19,31
1156,226,19,31
1155,226,20,31
1155,225,20,31
1155,225,20,31
1155,225,21,31
1155,225,21,31
1156,225,21,31
1155,224,21,31
1155,224,21,31
1154,223,21,31
1154,223,21,31
1153,222,21,31
1153,222,21,31
1153,220,21,31
1154,218,21,31
1155,217,20,31
1156,215,20,31
1157,214,20,31
1156,214,20,31
1155,214,20,31
1155,215,20,31
1154,215,20,31
1153,215,20,31
1153,216,20,31
1153,216,20,31
1153,217,20,31
1153,218,21,31
1153,218,21,31
1153,219,21,31
1154,220,21,31
1153,220,21,31
1153,220,21,31
1152,220,21,31
1152,220,21,31
1152,219,21,31
1152,218,21,31
1152,217,21,31
1152,216,21,31
1152,216,21,31
1152,216,20,31
1152,217,20,30
1152,217,20,31
1152,218,20,30
1152,219,20,30
1152,219,20,30
1152,220,20,29
1152,220,19,30
1152,221,19,29
1152,222,19,29
1152,222,19,29
1152,223,19,28
1152,223,19,29
1152,224,19,28
1153,225,18,28
1152,224,18,28
1152,224,18,28
1151,224,19,28
1151,223,18,28
1150,223,19,28
1150,223,19,28
1149,222,19,28
1149,222,19,28
1148,222,20,28
1148,222,20,28
1147,222,21,28
1147,222,21,28
1147,222,21,28
1147,222,21,28
1147,222,21,28
1147,222,21,28
1147,222,21,29
1146,222,22,28
1146,222,22,28
1146,222,22,28
1146,222,22,28
1145,222,23,28
1145,222,23,28
1145,222,23,28
1145,222,23,28
1144,221,23,28
1144,221,22,28
1144,220,22,28
1144,220,21,28
1144,220,21,28
1143,219,21,28
1143,219,21,28
1143,219,21,28
1143,219,21,28
1143,219,21,28
1143,219,21,28
1143,218,20,28
1142,218,21,28
1142,218,21,28
1142,218,21,28
1142,218,21,28
1142,218,21,28
1142,217,20,28
1142,217,20,28
1142,217,20,28
1141,217,21,28
1141,217,21,28
1141,217,21,28
1141,216,20,28
1141,216,20,28
1141,216,20,28
1141,216,20,28
1140,216,21,28
1140,216,21,28
1140,215,20,28
1140,215,20,28
1140,215,20,28
1140,215,20,28
1140,215,20,28
1140,215,20,28
1139,214,20,28
1139,213,20,28
1139,213,20,27
1138,212,21,28
1138,211,21,28
1138,211,21,27
1137,210,22,27
1137,209,22,28
1137,209,22,27
1136,208,23,27
1136,207,23,27
1136,207,23,27
1135,206,23,28
1135,206,22,28
1135,206,22,28
1135,206,21,28
1135,206,21,28
1135,205,21,28
1135,204,21,28
1135,203,21,28
1136,203,21,28
1136,202,21,28
1136,202,21,28
1136,201,21,28
1136,201,21,28
1137,201,21,28
1137,200,21,28
1137,200,21,28
1137,200,21,28
1137,199,21,28
1138,199,21,28
1138,199,21,28
1138,198,21,28
1138,198,21,28
1139,198,21,28
1139,197,21,28
1139,197,21,28
1139,196,22,28
1139,196,22,28
1139,195,22,28
1139,195,23,28
1139,194,23,28
1140,194,23,28
1140,193,22,28
1140,193,22,28
1140,192,22,28
1140,192,22,28
1139,191,22,28
1139,191,22,28
1139,191,22,28
1139,191,22,28
1139,190,22,28
1139,190,22,28
1139,190,22,28
1139,190,22,28
1139,190,22,27
1139,189,22,28
1139,189,21,28
1139,189,21,28
1139,189,21,27
1139,189,21,27
1139,188,21,28
1139,188,21,28
1139,188,21,27
1139,188,21,27
1139,187,21,28
1139,187,21,28
1139,187,20,27
1139,187,20,27
1139,187,20,27
1139,186,20,28
1139,186,20,27
1139,186,20,27
1139,186,20,27
1139,186,20,27
1139,185,20,27
1139,185,20,27
1138,185,20,27
1138,185,20,27
1138,184,20,27
1138,184,20,27
1138,184,20,27
1138,184,20,27
1138,184,20,26
1138,183,20,27
1138,183,20,27
1138,183,20,27
1138,183,19,26
1138,183,19,26
1138,182,19,27
1138,182,19,27
1138,182,19,26
1138,182,19,26
1138,181,19,27
1138,181,19,27
1138,181,19,26
1138,181,19,26
1138,181,18,26
1138,180,18,27
1138,180,18,26
1138,180,18,26
1138,180,18,26
1138,180,18,26
1138,179,18,26
1138,179,18,26
1138,179,18,26
1138,179,18,26
1138,179,18,26
1137,178,18,26
1137,178,18,26
1137,178,18,26
1137,178,18,26
1137,178,18,26
1137,178,18,26
1137,178,18,26
1137,178,18,26
1137,177,18,27
1137,177,18,26
1137,177,18,26
1137,177,18,26
1137,177,18,26
1137,177,18,26
1137,177,18,26
1137,177,18,26
1137,176,18,27
1137,176,18,27
1137,176,18,27
1137,176,18,26
1137,176,18,26
1137,176,18,26
1137,176,18,26
1137,176,18,26
1137,175,18,27
1137,175,18,27
1137,175,18,27
1137,175,18,27
1137,175,18,27
1137,175,18,26
1137,175,18,26
1137,175,18,26
1137,175,18,26
1137,174,18,27
1137,174,18,27
1137,174,18,27
1137,174,18,27
1137,174,18,27
1137,174,18,26
1137,174,18,26
1137,174,18,26
1137,173,18,27
1137,173,18,27
1137,173,18,27
1137,173,18,27
1137,173,18,27
1137,173,18,27
1137,173,18,27
1137,173,18,26
1137,172,18,27
1137,172,18,27
1137,172,18,27
1137,172,18,27
1137,172,18,27
1137,172,18,27
1137,172,18,27
1137,172,18,27
1137,172,18,27
1137,171,18,27
1137,171,18,27
1137,171,18,27
1137,171,18,27
1137,170,18,27
1137,170,18,27
1137,170,18,27
1137,170,18,27
1137,170,18,27
1137,169,18,27
1137,169,18,27
1137,169,18,27
1137,169,18,27
1137,168,18,27
1137,168,18,27
1137,168,18,27
1137,168,18,27
1137,168,18,27
1137,167,18,27
1137,167,18,27
1137,167,18,27
1137,167,18,27
1137,166,18,27
1137,166,18,27
1137,166,18,27
1137,166,18,27
1137,166,18,27
1137,165,18,27
1137,165,18,27
1137,165,18,27
1137,165,18,27
1137,164,18,27
1137,164,18,27
1137,164,18,27
1137,164,18,27
1137,164,18,27
1137,163,18,27
1137,163,18,27
1137,163,18,27
1137,163,18,27
1137,162,18,27
1137,162,18,27
1137,162,18,27
1137,162,18,27
1137,162,18,27
1137,161,18,27
1137,161,18,27
1137,161,18,27
1137,161,18,27
1138,161,18,27
1138,160,18,27
1138,160,18,27
1138,160,18,27
1138,160,18,27
1138,160,18,27
1138,160,18,27
1138,160,18,27
1138,160,18,27
1138,160,18,27
1138,160,18,27
1138,160,18,27
1139,160,18,27
1139,160,18,27
1139,160,18,27
1139,160,18,27
1139,160,18,27
1139,160,18,27
1139,160,18,27
1139,160,18,27
1139,160,18,27
1139,160,18,27
1139,160,18,27
1140,160,18,27
1140,159,18,27
1140,159,18,27
1140,159,18,27
1140,159,18,27
1140,159,18,27
1140,159,18,27
1140,159,18,27
1140,159,18,27
1140,159,18,27
1140,159,18,27
1140,159,18,27
1141,159,18,27
1141,159,18,27
1141,159,18,27
1141,159,18,27
1141,159,18,27
1141,159,18,27
1141,159,18,27
1141,159,18,27
1141,159,18,27
1141,159,18,27
1141,159,18,27
1142,159,18,27
1142,158,18,27
1142,158,18,27
1143,158,18,27
1143,158,18,27
1143,158,18,27
1144,158,18,27
1144,158,18,27
1144,158,18,27
1145,158,18,27
1145,158,18,27
1145,158,18,27
1146,157,18,27
1146,157,18,27
1146,157,18,27
1147,157,18,27
1147,157,18,27
1147,157,18,27
1148,157,18,27
1148,157,18,27
1148,157,18,27
1149,157,18,27
1149,157,18,27
1149,157,18,27
1150,156,18,27
1150,156,18,27
1150,156,18,27
1151,156,18,27
1151,156,18,27
1151,156,18,27
1152,156,18,27
1152,156,18,27
1152,156,18,27
1153,156,18,27
1153,156,18,27
1154,156,18,27
1154,156,18,27
1154,156,18,27
1154,156,18,27
1154,156,18,27
1154,156,18,27
1154,156,18,27
1155,156,18,27
1155,156,18,27
1155,157,18,27
1155,157,18,27
1155,157,18,27
1155,157,18,27
1156,157,18,27
1156,157,18,27
1156,157,18,27
1156,157,18,27
1156,157,18,27
1156,158,18,27
1156,158,18,27
1157,158,18,27
1157,158,18,27
1157,158,18,27
1157,158,18,27
1157,158,18,27
1157,158,18,27
1158,158,18,27
1158,159,18,27
1158,159,18,27
1158,159,18,27
1158,159,18,27
1158,159,18,27
1158,159,18,27
1159,159,18,27
1159,159,18,27
1159,159,18,27
1159,160,18,27
1159,160,18,27
1159,160,18,27
1160,160,18,27
1160,160,18,27
1160,160,18,27
1160,160,18,27
1160,160,18,27
1160,160,18,27
1161,161,18,27
1161,161,17,27
1161,161,17,27
1161,161,17,27
1161,161,17,27
1161,162,17,26
1161,162,17,26
1161,162,17,27
1161,163,17,26
1161,163,17,27
1161,163,17,27
1161,164,17,27
1161,164,17,27
1161,164,17,28
1161,165,17,27
1161,165,17,28
1161,165,17,28
1161,166,17,28
1161,166,17,28
1161,166,17,28
1161,166,17,28
1161,166,17,28
1161,166,17,28
1162,166,17,28
1162,166,17,28
1162,166,17,28
1162,166,17,28
1162,166,17,28
1163,166,16,28
1163,166,17,28
1163,166,17,28
1163,166,17,28
1163,166,17,28
1164,167,16,28
1164,167,16,28
1164,167,17,28
1164,167,17,28
1164,167,17,28
1164,167,17,28
1165,167,16,28
1165,167,16,28
1165,167,17,28
1165,167,17,28
1165,167,17,28
1166,167,16,28
1166,167,16,28
1166,167,16,28
1166,167,17,28
1166,167,17,28
1167,168,16,28
1167,168,16,28
1167,168,16,28
1167,168,17,28
1167,168,17,28
1167,168,17,28
1168,168,16,28
1168,168,16,28
1168,168,16,28
1168,168,17,28
1168,168,17,28
1169,168,16,28
1169,168,16,28
1169,168,16,28
1169,168,16,28
1169,168,17,28
1170,169,16,28
1170,169,16,28
1170,169,16,28
1170,169,16,28
1170,169,16,28
1170,169,17,28
1171,169,16,28
1171,169,16,28
1171,169,16,28
1171,169,16,28
1171,169,16,28
1172,169,16,28
1172,169,16,28
1172,169,16,28
1172,169,16,28
1172,169,16,28
1173,170,16,28
1173,169,16,28
1173,169,16,28
1173,169,16,28
1173,168,16,28
1173,168,16,28
1173,168,16,28
1174,167,15,28
1174,167,16,28
1174,167,16,28
1174,167,16,28
1174,166,16,28
1174,166,16,28
1175,166,15,28
1175,165,15,28
1175,165,15,28
1175,165,16,28
1175,165,16,28
1175,164,16,28
1176,164,15,28
1176,164,15,28
1176,163,15,28
1176,163,15,28
1176,163,16,28
1176,163,16,28
1176,162,16,28
1177,162,15,28
1177,162,15,28
1177,161,15,28
1177,161,15,28
1177,161,15,28
1177,161,16,28
1178,160,15,28
1178,160,15,28
1178,160,15,28
1178,159,15,28
1178,159,15,28
1178,159,15,28
1179,159,15,28
1179,159,15,27
1179,159,15,27
1179,159,15,27
1179,159,15,27
1179,159,16,27
1180,159,15,27
1180,159,15,27
1180,160,15,26
1180,160,15,26
1180,160,16,26
1181,160,15,26
1181,160,15,26
1181,160,15,26
1181,160,15,26
1181,160,16,26
1181,161,16,25
1182,161,15,25
1182,161,15,25
1182,161,16,25
1182,161,16,24
1182,161,16,24
1183,161,15,24
1183,162,15,23
1183,162,16,23
1183,162,16,23
1183,162,16,23
1183,162,16,23
1184,162,15,23
1184,162,16,23
1184,162,16,23
1184,163,16,22
1184,163,16,22
1185,163,15,22
1185,163,16,22
1185,163,16,22
1185,163,16,22
1185,163,16,22
1186,164,16,21
1186,163,16,22
1186,163,16,22
1186,163,16,22
1186,163,17,22
1187,163,16,22
1187,163,16,22
1187,162,16,23
1187,162,17,23
1188,162,16,23
1188,162,16,23
1188,162,17,23
1188,162,17,23
1189,161,16,24
1189,161,16,24
1189,161,17,24
1189,161,17,24
1190,161,16,24
1190,161,17,24
1190,160,17,25
1190,160,17,25
1191,160,16,25
1191,160,17,25
1191,160,17,25
1191,160,17,25
1192,160,17,26
1192,159,17,26
1192,159,17,26
1192,159,17,26
1192,159,17,26
1192,159,17,26
1193,159,17,26
1193,159,17,26
1193,159,17,26
1193,159,17,26
1193,159,17,26
1194,159,17,26
1194,159,17,25
1194,159,17,25
1194,159,17,25
1194,159,17,25
1194,159,17,25
1195,159,17,25
1195,159,17,25
1195,159,17,25
1195,159,17,25
1195,159,17,25
1196,159,17,25
1196,159,17,25
1196,159,17,25
1196,159,18,25
1196,159,18,25
1196,159,18,25
1196,159,19,25
1197,160,18,24
1197,160,18,24
1197,160,19,24
1197,160,19,24
1197,160,19,24
1197,160,20,24
1197,160,20,24
1198,161,19,23
1198,161,20,23
1198,161,20,23
1198,161,20,23
1198,161,21,23
1198,161,21,23
1199,162,21,23
1198,161,22,23
1198,161,22,23
1197,160,23,24
1197,160,23,23
1196,159,24,24
1196,159,25,24
1196,159,25,24
1196,159,25,24
1197,159,24,24
1197,159,24,24
1197,159,24,24
1198,159,23,24
1198,159,23,25
1198,159,23,25
1199,159,22,25
1199,159,23,25
1200,159,22,25
1200,159,22,25
1200,159,22,26
1201,159,21,26
1201,159,21,26
1201,159,21,26
1202,159,20,26
1202,159,20,26
1203,160,20,26
1203,159,20,26
1203,159,20,26
1203,159,20,26
1203,159,20,26
1203,159,20,25
1203,159,21,25
1203,159,21,25
1203,159,21,25
1204,159,20,25
1204,159,20,24
1204,159,20,24
1204,159,21,24
1204,159,21,24
1204,159,21,23
1204,159,21,23
1204,159,21,23
1204,159,21,23
1205,159,21,23
1205,159,21,23
1205,159,21,23
1205,159,21,23
1205,159,21,23
1205,159,21,23
1205,159,21,23
1205,159,21,23
1205,159,21,23
1205,159,21,23
1205,159,21,23
1205,159,21,23
1205,159,21,23
1205,159,21,23
1205,159,21,23
1205,159,21,23
1205,159,21,23
1205,159,21,23
1205,159,21,23
1205,159,21,23
1205,159,21,23
1205,159,21,23
1205,159,21,23
1205,159,21,23
1205,159,21,23
1205,159,21,23
1205,159,21,23
1205,159,21,23
1205,159,21,23
1205,160,21,23
1205,160,21,23
1205,160,21,23
1205,160,21,23
1205,160,21,23
1205,160,21,23
1205,160,21,23
1205,160,21,23
1205,160,21,23
1205,161,21,23
1205,161,20,22
1205,162,20,21
1205,163,19,20
1205,164,19,19
1206,165,18,18
1204,164,18,18
1203,164,18,18
1201,164,18,18
1200,164,18,18
1198,164,18,18
1197,164,18,18
1195,164,18,18
1194,164,18,18
1193,164,17,18
1191,163,18,18
1190,163,17,18
1188,163,18,18
1187,163,17,18
1185,163,18,18
1184,163,17,18
1182,163,18,18
1181,163,17,18
1180,163,17,18
1176,164,17,18
1172,165,17,18
1168,166,17,18
1167,166,17,18
1167,166,17,18
1167,166,17,18
1167,166,17,18
1167,166,16,18
1167,166,16,18
1166,166,17,18
1166,166,17,18
1166,166,16,18
1166,166,16,18
1166,166,16,18
1166,166,16,18
1165,165,16,18
1165,165,16,18
1165,165,15,18
1164,165,16,18
1164,164,16,19
1164,164,15,19
1163,164,16,19
1163,164,15,18
1163,163,15,19
1162,163,16,19
1162,163,15,19
1162,163,15,19
1161,162,16,20
1161,162,15,20
1161,162,15,19
1160,162,15,19
1160,161,15,20
1160,161,15,20
1159,161,15,20
1159,161,15,20
1159,161,15,20
1158,159,15,20
1158,158,15,20
1158,157,15,20
1158,156,15,19
1158,154,15,20
1158,153,15,20
1157,152,15,19
1157,151,15,19
1157,149,15,20
1157,148,15,19
1157,147,15,19
1157,146,15,19
1155,145,15,19
1156,149,15,20
1157,153,16,21
1158,158,17,21
1158,158,17,20
1158,158,18,20
1158,158,18,20
1158,158,19,20
1158,158,19,20
1158,158,20,19
1158,158,20,19
1158,158,21,19
1158,158,21,19
1159,159,21,18
1159,156,20,18
1159,153,19,18
1159,151,18,17
1173,167,17,17
1167,164,18,17
1162,161,18,17
1157,158,18,17
1161,162,18,17
1165,166,18,18
1163,164,18,18
1162,162,18,18
1161,160,18,18
1160,159,18,17
1158,157,18,17
1157,155,18,17
1156,153,18,17
1155,152,18,17
1158,159,18,17
1161,166,18,18
1165,170,18,17
1170,174,18,17
1166,169,18,17
1162,164,18,17
1158,159,18,17
1155,155,18,17
1154,155,18,17
1154,155,18,17
1154,155,18,17
1153,155,18,17
1153,155,18,17
1153,155,18,17
1153,155,18,18
1153,155,18,18
1153,155,18,18
1153,155,18,18
1153,155,18,18
1153,155,18,18
1153,155,18,18
1153,156,18,17
1153,156,18,17
1153,156,18,17
1153,156,18,18
1153,156,18,18
1153,156,18,18
1153,156,18,18
1153,157,18,17
1153,157,18,17
1153,157,18,17
1153,157,18,17
1153,157,18,17
1153,157,18,17
1153,158,19,17
1153,158,19,17
1153,158,19,17
1153,158,19,17
1153,158,19,17
1153,158,19,17
1153,158,19,17
1153,158,19,17
1153,158,19,17
1153,159,19,16
1153,159,19,16
1153,159,19,16
1153,159,19,16
1153,159,19,17
1153,159,19,17
1153,159,19,17
1153,159,19,17
1153,160,19,16
1153,160,19,16
1153,160,19,16
1153,160,19,16
1153,160,19,16
1153,160,19,16
1153,160,19,16
1153,160,19,16
1153,160,19,16
1153,161,19,16
1153,161,19,16
1153,161,19,16
1153,161,19,16
1153,161,19,16
1153,161,19,16
1153,161,19,16
1153,161,19,16
1153,162,19,15
1153,162,19,15
1153,162,19,15
1153,162,19,15
1153,162,19,15
1153,162,19,16
1153,162,19,16
1153,162,19,16
1153,162,19,16
1153,163,19,15
1153,163,19,15
1153,163,19,15
1153,163,19,15
1153,163,19,15
1153,163,19,15
1153,163,19,15
1153,163,19,15
1153,164,19,15
1153,164,19,15
1153,164,19,15
1153,164,19,15
1153,164,19,15
1153,164,19,15
1154,164,19,15
1154,164,19,15
1154,164,19,15
1154,164,19,15
1154,164,19,15
1155,164,18,16
1155,164,19,16
1155,164,19,16
1155,165,19,15
1155,165,19,15
1156,165,18,15
1156,165,19,15
1156,165,19,15
1156,165,19,15
1156,165,19,15
1157,165,18,15
1157,165,18,16
1157,165,19,16
1157,165,19,16
1157,165,19,16
1158,165,18,16
1158,166,18,15
1158,166,19,15
1158,166,19,15
1158,166,19,15
1159,166,18,15
1159,166,18,16
1159,166,18,16
1159,166,19,16
1159,166,19,16
1160,166,18,16
1160,166,18,16
1160,166,18,16
1160,166,18,16
1160,167,19,15
1161,167,18,15
1161,167,18,15
1161,167,18,16
1161,167,18,16
1161,167,19,16
1162,167,18,16
1162,167,18,16
1162,167,18,16
1162,167,18,16
1162,167,18,16
1163,167,18,16
1163,167,18,16
1163,168,18,16
1163,168,18,16
1163,168,18,16
1164,168,18,16
1164,168,18,16
1164,168,18,16
1164,168,18,16
1164,168,18,16
1165,168,17,16
1165,168,18,16
1165,168,18,16
1165,168,18,17
1165,168,18,17
1166,168,17,17
1166,169,18,16
1166,169,18,16
1166,169,18,16
1166,169,18,16
1167,169,17,16
1167,169,17,16
1167,169,18,16
1167,169,18,16
1167,169,18,17
1168,169,17,17
1168,169,17,17
1168,169,17,17
1168,169,18,17
1168,170,18,16
1169,170,17,16
1169,170,17,16
1169,170,17,16
1169,170,18,16
1169,170,18,17
1170,170,17,17
1170,170,17,17
1170,170,17,17
1170,170,17,17
1170,170,18,17
1171,170,17,17
1171,170,17,17
1171,171,17,16
1171,171,17,16
1171,171,18,16
1172,171,17,17
1172,171,17,17
1172,171,17,17
1172,171,17,17
1172,171,17,17
1173,171,17,17
1173,171,17,17
1173,171,17,17
1173,171,17,17
1173,171,17,17
1174,172,17,17
1174,171,17,17
1174,171,17,17
1174,171,17,17
1174,171,17,17
1174,171,17,17
1175,171,17,17
1175,170,17,18
1175,170,17,18
1175,170,17,18
1176,170,17,18
1176,170,17,18
1176,170,17,18
1177,170,16,18
1177,170,17,18
1177,170,17,18
1177,170,17,18
1178,170,16,18
1178,170,17,18
1178,170,17,18
1179,170,16,18
1179,170,16,18
1179,170,17,18
1180,170,16,18
1180,170,16,18
1180,170,17,18
1180,170,17,18
1181,170,16,18
1181,170,16,18
1181,169,17,19
1182,169,16,19
1182,169,16,19
1182,169,16,19
1182,169,17,19
1183,169,16,19
1183,169,16,19
1183,169,16,19
1184,169,16,19
1184,169,16,19
1184,169,16,19
1185,169,16,19
1185,169,16,19
1185,169,16,19
1185,169,16,19
1186,169,16,19
1186,169,16,19
1186,169,16,19
1187,169,15,19
1187,169,16,19
1187,169,16,19
1187,169,16,19
1188,169,15,19
1188,168,16,20
1188,168,16,20
1189,168,15,20
1189,168,15,20
1189,168,16,20
1190,168,15,20
1190,168,15,20
1190,168,16,20
1190,168,16,20
1191,168,15,20
1191,168,15,20
1191,168,16,20
1192,168,15,20
1192,168,15,20
1192,168,15,20
1192,168,16,20
1193,168,15,20
1193,168,15,20
1193,168,15,20
1194,168,15,20
1194,168,15,20
1194,168,15,20
1195,168,15,20
1195,168,15,20
1195,168,15,20
1195,169,15,20
1196,169,15,20
1196,169,15,20
1196,170,15,20
1196,170,15,20
1197,170,15,20
1197,171,15,20
1197,171,15,20
1197,171,15,20
1198,172,15,20
1198,172,15,20
1198,172,15,20
1199,173,15,20
1199,173,15,20
1199,173,15,20
1199,174,15,20
1200,174,15,20
1200,174,15,20
1200,175,15,20
1200,175,15,20
1201,175,15,20
1201,176,15,20
1201,176,15,20
1202,177,15,20
1202,177,15,20
1202,177,15,20
1202,178,15,20
1203,178,15,20
1203,178,15,20
1203,179,15,20
1203,179,15,20
1204,179,15,20
1204,180,15,20
1204,180,15,20
1204,180,15,20
1205,181,15,20
1205,181,15,20
1205,181,15,20
1206,182,15,20
1206,182,15,20
1206,182,15,20
1206,183,15,20
1207,183,15,20
1207,183,15,20
1207,184,15,20
1207,184,15,20
1208,184,15,20
1208,185,15,20
1208,185,15,20
1209,186,15,20
