906,376,18,17
905,376,18,16
905,376,18,16
905,376,18,16
905,376,18,16
905,376,18,16
905,376,18,16
905,376,18,16
905,376,18,16
905,376,18,16
905,376,18,16
905,376,18,16
905,376,18,16
905,376,18,16
905,376,18,16
905,376,18,16
905,376,18,16
905,376,18,16
905,376,18,16
905,376,18,16
905,376,18,16
905,376,18,16
905,376,18,16
905,376,17,16
905,376,17,16
905,376,17,16
905,376,17,16
905,376,17,16
905,376,17,16
905,376,17,16
905,376,17,16
905,376,17,16
905,376,17,16
905,376,17,16
904,376,18,16
904,376,18,16
904,376,18,16
904,376,18,16
904,376,18,16
904,376,18,16
904,376,18,16
904,376,18,16
904,376,18,16
904,376,18,16
904,376,18,16
904,376,17,16
904,376,17,16
904,376,17,16
904,376,17,16
904,376,17,16
904,376,17,16
904,376,17,16
904,376,17,16
904,376,17,16
904,376,17,16
904,376,17,16
904,376,17,16
904,376,17,16
904,376,17,16
904,376,17,16
904,376,17,16
904,376,17,16
904,376,17,16
904,376,17,16
904,376,17,16
904,376,17,16
904,376,17,16
904,376,17,16
904,376,17,16
904,376,17,16
904,376,17,16
904,376,18,17
903,375,18,17
903,375,18,17
903,375,18,17
903,375,18,17
903,375,18,17
903,375,18,17
902,375,19,17
902,375,18,17
902,375,18,17
902,375,18,17
902,375,18,17
902,375,18,17
901,375,19,17
901,375,19,17
901,375,19,17
901,374,18,18
901,374,18,18
901,374,18,18
900,374,19,18
900,374,19,18
900,374,19,18
900,374,19,18
900,374,18,18
900,374,18,18
899,374,19,18
899,374,19,18
899,374,19,18
899,374,19,18
899,374,19,18
899,374,19,18
898,374,19,18
898,374,19,18
898,374,19,18
898,374,19,18
898,374,19,18
898,374,19,18
898,374,19,18
898,374,19,18
898,374,19,18
898,374,19,18
898,374,19,18
898,374,19,18
898,374,19,18
898,374,19,18
898,375,19,17
898,375,19,17
898,375,19,17
898,375,19,17
898,375,19,17
898,375,19,18
898,375,19,18
898,375,19,18
898,375,19,18
898,375,19,18
898,375,19,18
898,375,19,18
898,375,19,18
898,375,19,18
898,375,19,18
898,376,18,17
898,376,18,17
898,376,18,17
898,376,18,17
898,376,18,17
898,376,18,17
898,376,18,17
898,376,18,17
898,376,18,17
898,376,18,17
898,376,18,18
898,376,18,18
898,376,18,18
898,376,18,18
898,376,18,18
898,377,18,17
898,377,18,17
898,377,18,17
898,377,18,17
898,377,18,17
898,377,18,17
898,377,18,17
898,377,18,17
898,377,18,17
898,377,18,17
898,377,18,17
898,377,18,17
898,377,18,17
898,377,18,17
898,378,18,17
897,377,19,17
897,377,19,17
897,377,19,17
897,377,19,17
897,377,19,17
897,377,19,17
897,377,19,17
897,377,19,17
897,377,19,17
897,377,19,17
897,377,19,17
897,377,19,17
897,377,19,17
897,377,19,17
897,377,19,17
897,377,19,17
897,377,19,17
897,376,19,18
897,376,19,18
897,376,19,18
897,376,19,18
897,376,19,18
897,376,19,18
897,376,19,18
897,376,19,18
897,376,19,18
897,376,19,18
897,376,19,18
897,376,19,18
897,376,19,18
897,376,19,18
897,376,19,18
897,376,19,18
897,376,19,18
896,376,19,18
896,376,19,18
896,376,19,18
896,376,19,18
896,376,19,18
896,376,19,18
896,376,19,18
896,376,19,18
896,376,19,18
896,376,19,18
896,376,19,18
896,376,19,18
896,376,19,18
896,376,19,18
896,376,19,18
896,376,19,18
896,376,19,18
896,376,19,18
896,376,19,18
896,376,19,18
896,376,19,18
896,376,19,18
896,376,19,18
896,376,19,18
896,376,19,18
896,376,19,18
896,376,19,18
896,376,19,18
896,376,19,18
896,376,19,18
896,376,19,18
896,376,19,18
896,376,19,18
896,376,19,18
896,376,19,18
896,376,19,18
896,376,19,18
896,376,19,18
896,376,19,18
896,376,19,18
896,376,19,18
896,376,18,18
896,376,18,18
896,376,18,18
896,376,18,18
896,376,18,18
896,376,18,18
896,376,18,18
896,376,18,18
896,376,18,18
896,376,18,18
896,376,18,18
896,376,18,18
896,376,18,18
896,376,18,18
896,376,18,18
896,376,18,18
896,376,18,18
896,376,18,18
896,376,18,18
896,376,18,18
896,376,18,18
896,376,18,18
896,376,18,18
896,376,18,18
896,376,18,18
896,376,18,18
896,376,18,18
896,376,18,18
896,376,18,18
896,376,18,18
896,376,18,18
896,376,18,18
896,376,18,18
896,376,18,18
896,376,18,18
896,376,18,18
896,376,18,18
896,376,18,18
896,376,18,18
896,376,18,18
896,377,18,17
895,377,19,16
895,377,19,16
895,377,19,16
895,377,19,16
895,377,19,16
895,377,19,16
895,377,19,16
895,377,19,16
895,377,19,16
895,377,19,16
895,377,19,16
895,377,19,16
894,377,20,16
894,377,20,16
894,377,20,16
894,377,20,16
894,377,20,16
894,377,20,16
894,377,20,16
894,377,20,16
894,377,20,16
894,377,20,16
894,377,20,16
894,377,20,16
893,377,20,16
893,377,20,16
893,377,20,16
893,377,20,16
893,377,20,16
893,377,20,16
893,377,20,16
893,377,20,16
893,377,20,16
893,377,20,16
893,377,20,16
893,377,20,16
893,377,20,16
893,377,20,16
893,377,20,16
893,377,20,16
893,377,20,16
893,377,20,16
893,377,20,16
893,377,20,16
893,377,20,16
893,377,20,16
893,377,20,16
893,377,20,16
892,377,21,16
892,377,21,16
892,377,21,16
892,377,21,16
892,377,21,16
892,377,21,16
892,377,21,16
892,377,21,16
892,377,21,16
892,377,21,16
892,377,21,16
892,377,21,16
892,377,21,16
892,377,21,16
892,377,21,16
892,377,21,16
892,377,21,16
892,377,21,16
892,377,21,16
892,377,21,16
892,377,21,16
892,377,21,16
892,377,21,16
892,377,21,16
891,377,21,16
891,377,21,16
891,377,21,16
891,377,21,16
891,377,21,16
891,377,21,16
891,377,21,16
891,377,21,16
891,377,21,16
891,377,21,16
891,377,21,16
891,377,21,16
891,377,21,16
890,377,22,16
890,377,22,16
890,377,22,16
890,377,21,16
890,377,21,16
890,377,21,16
890,377,21,16
890,377,21,16
890,377,21,16
890,377,21,16
890,377,21,16
890,377,21,16
890,377,21,16
889,377,22,16
889,377,22,16
889,377,22,16
889,377,22,16
889,377,22,16
889,377,22,16
889,377,21,16
889,377,21,16
889,377,21,16
889,377,21,16
889,377,21,16
889,377,21,16
889,377,21,16
889,377,21,16
888,377,22,16
888,377,22,16
888,377,22,16
888,377,22,16
888,377,22,16
888,377,22,16
888,377,22,16
888,377,22,16
888,377,21,16
888,377,21,16
888,377,21,16
888,377,21,16
888,377,21,16
887,377,22,16
887,377,22,16
887,377,22,16
887,377,22,16
887,377,22,16
887,377,22,16
887,377,22,16
887,377,22,16
887,377,22,16
887,377,22,16
887,377,22,16
887,377,21,16
887,377,21,16
886,377,22,16
886,377,22,16
886,377,22,16
886,377,22,16
886,377,22,16
886,377,22,16
886,377,22,16
886,377,22,16
886,377,22,16
886,377,22,16
886,377,22,16
886,377,22,16
886,377,22,16
886,378,22,15
885,377,22,15
885,377,22,15
884,377,22,15
884,377,22,15
883,377,22,15
883,377,22,15
882,376,22,15
882,376,22,15
881,376,22,15
881,376,22,15
880,376,22,15
880,376,22,15
879,375,22,15
879,375,22,15
878,375,22,15
878,375,22,15
877,375,22,15
877,375,22,15
876,374,22,15
876,374,22,15
875,374,22,15
875,374,22,15
874,374,22,15
874,374,22,15
874,374,22,15
873,374,22,15
872,374,22,15
872,374,22,15
871,374,22,15
871,374,22,15
870,374,22,15
870,374,22,15
869,374,22,15
869,374,21,15
868,374,22,15
868,374,21,15
867,374,22,15
867,374,21,15
866,374,22,15
865,374,22,15
865,374,21,15
864,374,22,15
864,374,21,15
863,374,22,15
863,374,21,15
862,374,22,15
862,374,21,15
861,374,21,15
861,374,21,15
860,374,21,15
860,374,21,15
859,374,21,15
859,374,21,15
858,374,21,15
858,374,21,15
857,374,21,15
857,374,21,15
856,374,21,15
856,374,21,15
855,374,21,15
855,374,21,15
854,374,21,15
854,374,21,15
854,375,20,14
853,375,21,14
853,375,20,14
852,375,21,14
852,375,20,14
851,375,21,14
851,375,20,14
850,375,21,14
850,375,20,14
849,375,21,14
849,375,20,14
849,376,20,13
848,376,20,13
847,376,20,13
846,376,21,13
846,376,20,13
845,376,21,13
844,376,21,13
843,376,22,13
843,376,21,13
842,376,22,13
841,376,22,13
840,376,22,13
840,376,22,13
839,376,22,13
838,377,23,13
837,377,23,13
837,377,23,13
836,377,23,13
835,377,24,13
834,377,24,13
834,377,23,13
833,377,24,13
832,377,24,13
831,377,25,13
831,377,24,13
830,377,25,13
829,377,25,13
829,378,25,13
828,378,25,13
827,378,25,13
827,378,25,13
826,378,25,13
826,378,24,13
825,378,25,13
825,378,24,13
824,378,24,13
824,378,24,13
823,378,24,13
823,378,23,13
822,378,24,13
822,379,23,12
821,379,24,12
821,379,23,12
820,379,23,12
820,379,23,12
819,379,23,12
819,379,22,12
818,379,23,12
818,379,22,12
817,379,22,12
817,379,22,12
816,379,22,12
816,380,22,12
815,379,22,13
814,379,22,13
813,379,23,13
813,379,22,13
812,379,23,13
811,379,23,13
810,378,23,14
810,378,23,14
809,378,23,14
808,378,24,15
807,378,24,15
807,378,23,15
806,378,24,15
805,377,24,16
804,377,25,16
804,377,24,16
803,377,24,16
802,377,25,16
801,377,25,16
801,377,25,17
800,376,25,17
800,376,25,17
799,376,25,17
799,376,25,17
799,376,24,17
798,376,25,17
798,376,24,17
798,376,24,17
797,376,24,17
797,376,24,17
796,376,24,17
796,376,24,17
796,376,23,17
795,376,24,17
795,376,23,17
795,376,23,17
794,376,23,17
794,376,23,17
794,376,23,17
793,375,23,17
793,375,23,17
792,375,23,17
792,375,23,17
791,375,23,17
791,375,23,17
790,374,23,17
790,374,23,17
790,374,22,17
789,374,23,17
789,374,22,17
789,374,22,17
788,374,22,17
788,373,22,17
788,373,21,17
787,373,22,17
787,373,21,17
787,373,21,17
787,373,20,17
786,373,21,17
786,373,20,17
786,372,20,17
785,372,20,17
785,372,20,17
785,372,19,17
784,372,20,17
784,372,19,17
784,372,19,17
784,372,19,17
783,371,19,17
783,371,19,17
783,371,19,17
783,371,18,17
782,371,19,17
782,371,19,17
782,370,19,18
782,370,18,18
782,370,18,17
781,370,19,17
781,370,19,17
781,370,18,17
781,369,18,18
781,369,18,18
780,369,19,18
780,369,18,18
780,369,18,17
780,369,18,17
779,368,19,18
779,368,18,18
779,368,18,18
779,368,18,18
779,368,17,18
778,368,18,18
778,367,18,19
778,367,18,18
778,367,17,18
778,367,17,18
777,367,18,18
777,367,18,18
777,366,17,19
777,366,17,19
776,366,18,19
776,366,18,18
776,366,17,18
776,366,17,18
776,365,17,19
775,365,18,19
775,365,17,19
775,365,17,19
775,365,17,19
775,365,17,19
775,365,17,19
775,365,17,19
775,365,17,19
775,365,17,19
775,365,17,19
775,365,17,19
775,365,17,19
775,365,17,19
775,365,17,19
775,365,17,19
775,365,17,19
775,365,17,19
775,365,17,19
775,365,17,19
775,365,17,19
775,365,17,19
775,365,17,19
775,365,17,19
775,365,17,19
775,365,17,19
775,365,17,19
775,365,17,19
775,365,17,19
775,365,17,19
775,365,17,19
775,365,17,19
775,365,17,19
775,365,17,19
775,365,17,19
775,365,17,19
775,365,17,19
775,365,17,19
775,365,17,19
775,365,17,19
775,365,17,19
775,365,17,19
775,365,17,19
775,365,17,19
775,365,17,19
775,365,17,19
775,365,17,19
775,365,17,19
775,365,17,19
775,365,17,19
775,365,17,19
775,365,17,19
775,365,17,19
775,365,17,19
775,365,17,19
775,365,17,19
775,365,17,19
775,365,17,19
775,365,17,19
775,365,17,19
775,365,17,19
775,365,17,19
775,365,17,19
775,365,17,19
775,365,17,19
775,365,17,19
775,365,17,19
775,365,17,19
775,365,17,19
775,365,17,19
775,365,17,19
775,365,17,19
775,365,17,19
775,365,17,19
775,365,17,19
775,365,17,19
775,365,17,19
775,365,17,19
775,365,17,19
775,365,17,19
775,365,17,19
775,365,17,19
775,365,17,19
775,365,17,19
775,365,17,19
775,365,17,19
775,365,17,19
775,365,17,19
775,365,17,19
775,365,17,19
775,365,17,19
775,365,17,19
775,365,17,19
775,365,17,19
775,365,17,19
775,365,17,19
775,365,17,19
775,365,17,19
775,365,17,19
775,365,17,19
775,365,17,19
775,365,17,19
775,365,17,19
775,365,17,19
775,365,17,19
775,365,17,19
775,365,17,19
775,365,17,19
775,365,17,19
775,365,17,19
775,365,17,19
775,365,17,19
775,365,17,19
775,365,17,19
775,365,17,19
775,365,17,19
775,365,17,19
775,365,17,19
775,365,17,19
775,365,17,19
775,365,17,19
775,365,17,19
775,365,17,19
