110,848,67,147
112,844,67,147
115,841,67,147
117,838,67,147
120,835,67,147
122,832,67,147
125,829,67,147
127,826,67,147
130,823,67,147
131,820,69,146
133,817,70,145
135,814,71,144
136,812,74,142
138,809,75,141
140,806,76,140
142,804,78,138
144,800,78,138
147,797,78,138
149,794,78,138
152,791,78,138
154,788,78,138
157,785,78,138
159,782,78,138
162,779,78,138
164,776,78,138
167,773,78,138
169,770,78,138
171,768,78,138
173,766,78,138
175,764,78,138
177,762,78,138
180,760,78,138
182,758,78,138
184,756,78,138
187,754,78,138
189,752,78,138
191,750,78,138
194,748,78,138
197,743,78,138
200,738,78,138
203,733,78,138
206,729,78,138
209,727,78,138
213,725,78,138
217,723,78,138
220,721,78,138
224,719,78,138
228,717,78,138
231,715,78,138
235,713,78,138
239,711,78,138
241,709,78,138
244,707,78,138
247,705,78,138
250,703,78,138
252,701,78,138
255,699,78,138
258,697,78,138
261,695,78,138
263,693,78,138
266,691,78,138
269,689,78,138
272,688,78,138
274,686,78,138
277,684,78,138
280,682,78,138
283,680,78,138
285,678,78,138
288,677,78,138
291,675,78,138
294,673,78,138
296,671,78,138
299,669,78,138
302,667,78,138
305,666,78,138
307,664,78,138
310,662,78,138
313,660,78,138
316,658,78,138
319,657,78,138
321,656,78,138
323,655,78,138
325,654,78,138
327,653,78,138
329,653,78,138
331,651,78,138
333,650,78,138
335,649,78,138
337,648,78,138
339,647,78,138
341,645,78,138
343,644,78,138
345,643,78,138
347,642,78,138
349,641,78,138
351,640,77,138
354,640,75,138
356,639,74,138
359,639,72,138
362,639,71,137
364,638,70,138
367,638,68,137
369,637,67,138
372,637,65,137
375,637,64,137
376,635,64,137
377,634,64,137
378,633,64,137
379,632,64,137
380,631,64,137
381,630,64,137
382,629,64,137
383,628,64,137
381,628,64,137
380,628,64,137
379,628,64,137
377,628,64,137
376,628,64,137
375,629,64,137
373,629,64,137
372,629,64,137
371,629,64,137
369,629,64,137
368,629,64,137
367,630,64,137
363,629,64,136
360,629,64,135
356,628,64,134
353,628,64,133
350,628,64,132
348,627,64,132
347,627,64,131
346,627,64,130
345,627,64,129
344,627,64,128
343,626,63,128
342,626,63,127
341,626,63,126
340,626,63,125
339,626,63,124
338,626,63,123
338,625,63,123
339,624,63,123
340,623,63,123
341,622,63,123
342,621,63,123
343,621,63,123
344,620,63,123
345,619,63,123
346,618,63,123
347,617,63,123
348,616,63,123
349,616,63,123
350,615,63,123
351,614,63,123
352,613,63,123
353,612,63,123
354,611,63,123
355,611,63,123
356,610,63,123
358,609,63,123
360,608,63,123
361,607,63,123
363,606,63,123
365,605,63,123
366,604,63,123
368,603,63,123
370,602,63,123
372,602,63,123
373,601,63,123
375,600,63,123
377,599,63,123
378,598,63,123
380,597,63,123
382,596,63,123
383,595,63,123
385,594,63,123
387,593,63,123
389,593,63,123
389,591,63,123
390,590,63,123
391,589,63,123
392,588,63,123
393,587,63,123
393,586,63,123
394,585,63,123
395,583,63,123
396,582,63,123
397,581,63,123
397,580,63,123
398,579,63,123
399,578,63,123
400,577,63,123
401,576,63,123
401,575,63,123
402,574,63,123
402,573,63,123
403,572,63,123
404,571,63,123
404,570,63,123
405,569,63,123
406,568,63,123
406,568,63,123
407,567,63,123
408,566,63,123
408,565,63,123
409,564,63,123
410,563,63,123
410,562,63,123
411,561,63,123
412,561,63,123
412,560,62,123
412,560,62,122
413,560,61,121
413,560,61,120
414,560,60,119
414,560,60,118
415,560,59,117
415,560,59,116
416,559,58,116
416,559,58,115
417,559,57,114
417,559,57,113
417,559,57,112
418,559,56,111
418,559,56,110
419,559,55,109
419,558,55,109
420,558,54,108
420,558,54,107
421,558,53,106
421,558,53,105
422,558,52,104
422,558,52,103
423,558,51,103
425,558,50,102
427,558,49,101
429,558,49,100
431,558,48,99
433,558,48,98
435,558,47,97
437,558,47,97
438,557,47,97
439,556,47,97
441,556,47,97
442,555,47,97
444,554,47,97
445,554,47,97
446,553,47,97
448,552,47,97
449,552,47,97
451,551,47,97
452,550,47,97
453,550,47,97
455,549,47,97
456,548,47,97
458,548,47,97
459,547,47,97
461,547,47,97
460,546,47,97
460,545,47,97
460,544,47,97
460,544,47,97
460,543,47,97
459,542,47,97
459,541,47,97
459,541,47,97
459,540,47,97
459,539,47,97
458,538,47,97
458,538,47,97
458,537,47,97
458,536,47,97
458,535,47,97
458,535,47,97
457,534,47,97
457,533,47,97
457,532,47,97
457,531,47,97
457,531,47,97
456,530,47,97
456,529,47,97
456,528,47,97
456,527,47,97
456,527,47,97
455,526,47,97
455,525,47,97
455,524,47,97
455,523,47,97
455,523,47,97
454,522,47,97
454,521,47,97
454,520,47,97
454,519,47,97
454,519,47,97
453,518,47,97
452,517,47,97
451,516,47,97
450,515,47,97
449,514,47,97
449,514,47,97
448,513,46,97
447,512,46,98
446,511,46,98
445,510,46,99
444,509,46,99
443,508,46,100
442,507,46,100
441,506,46,101
441,506,45,100
440,505,45,101
439,504,45,101
438,503,45,102
437,502,45,102
436,501,45,103
435,500,45,103
434,499,45,104
434,499,44,104
433,498,45,104
432,498,46,104
431,498,47,104
430,498,48,104
429,498,49,103
428,498,50,103
427,498,51,103
427,498,51,103
425,497,50,103
423,497,50,103
421,497,49,103
419,497,49,103
417,497,48,103
415,497,48,102
413,497,47,102
411,497,47,102
409,497,46,102
407,497,46,102
405,497,46,102
403,497,46,102
401,497,46,102
399,497,46,102
397,497,46,102
395,497,46,102
393,497,46,102
392,498,46,102
391,498,46,102
390,498,46,102
389,498,46,102
389,498,46,102
388,498,46,102
387,498,46,102
387,498,46,102
386,498,46,102
385,498,46,102
384,498,46,102
384,498,46,102
383,498,46,102
382,498,46,102
382,498,46,102
381,498,46,102
380,498,46,102
379,498,46,102
379,498,46,102
378,498,46,102
377,498,46,102
377,499,46,102
377,499,46,102
378,500,46,102
379,500,46,102
380,501,46,102
381,502,46,102
382,502,46,102
383,503,46,102
384,504,46,102
385,504,46,102
386,505,46,102
387,506,46,102
390,505,46,102
393,504,46,102
396,504,46,102
396,504,46,102
396,505,46,102
396,505,46,102
397,506,46,102
398,506,46,102
400,506,46,102
402,506,46,102
404,506,46,102
406,507,46,102
408,507,46,102
410,507,46,102
412,507,46,102
414,507,46,102
416,508,46,102
417,507,46,102
418,507,46,102
419,507,46,102
421,507,46,102
422,507,46,102
423,507,46,102
425,507,46,102
426,507,46,102
427,507,46,102
429,507,46,102
430,507,46,102
431,507,46,102
433,507,46,102
434,507,46,102
435,507,46,102
437,507,46,102
438,507,46,102
440,507,46,102
441,507,46,102
443,507,46,102
445,507,46,102
446,507,46,102
448,507,46,102
450,507,46,102
450,507,46,102
450,507,46,102
450,507,46,102
450,507,46,102
450,507,46,102
450,507,46,102
450,507,46,102
450,507,46,102
450,507,46,102
450,507,46,102
450,507,46,102
451,505,46,102
452,504,46,102
454,503,46,102
453,503,46,102
452,503,46,102
452,504,46,102
451,504,46,102
450,505,46,102
450,505,46,102
449,506,46,102
448,506,46,102
448,507,46,102
447,507,46,102
447,508,46,102
444,508,46,102
442,508,46,102
440,508,46,102
437,509,46,102
435,509,46,102
433,509,46,102
430,510,46,102
428,510,46,102
426,510,46,102
424,511,46,102
424,511,46,102
424,511,46,102
424,511,46,102
424,511,46,102
424,511,46,102
424,511,46,102
424,511,46,102
424,511,46,102
424,511,46,102
424,511,46,102
424,511,46,102
424,510,46,102
424,510,46,102
425,510,46,102
425,509,46,102
426,509,46,102
426,509,46,102
427,509,46,102
427,508,46,102
428,508,46,102
428,508,46,102
429,508,46,102
430,508,46,102
430,508,46,102
431,508,46,102
432,508,46,102
432,508,46,102
432,508,46,102
432,508,46,102
