569,259,19,20
568,259,19,20
568,259,19,20
568,259,19,20
568,259,19,20
568,260,19,20
568,260,19,20
567,260,19,20
567,260,19,20
567,261,19,20
567,261,19,20
567,261,19,20
567,261,19,20
567,262,19,20
566,262,19,20
566,262,19,20
566,262,19,20
566,263,19,20
566,263,19,20
566,263,19,20
566,263,19,20
565,263,19,20
565,264,19,20
565,264,19,20
565,264,19,20
565,264,19,20
565,265,19,20
565,265,19,20
564,265,19,20
564,265,19,20
564,266,19,20
564,266,19,20
564,266,19,20
564,266,19,20
564,267,19,20
563,267,19,20
563,267,19,20
563,267,19,20
563,267,19,20
562,267,20,20
562,267,20,21
562,268,20,20
562,268,19,20
561,268,20,20
561,268,20,20
561,268,20,21
561,268,20,21
560,268,21,21
560,269,21,20
560,269,20,20
560,269,20,21
559,269,21,21
559,269,21,21
559,269,21,21
559,269,21,21
563,270,17,21
563,270,17,21
563,270,17,21
563,270,17,21
564,272,17,21
565,273,18,21
567,274,18,21
571,275,16,21
573,274,17,21
576,274,17,21
578,274,18,21
582,274,18,21
583,275,18,21
584,276,18,21
586,277,18,21
585,277,19,21
588,277,16,21
589,277,16,21
587,277,18,21
589,277,16,21
589,277,17,21
590,277,16,21
588,278,18,21
590,278,17,21
589,278,18,21
592,278,16,21
590,278,18,21
591,278,17,21
591,278,18,21
592,279,17,21
590,279,19,21
592,279,18,21
592,279,18,21
592,279,18,21
592,279,18,21
595,279,16,21
595,279,16,21
595,279,16,21
595,279,16,21
595,279,16,21
598,280,16,21
598,280,16,21
598,280,16,21
598,280,16,21
598,280,16,21
598,280,16,21
598,280,16,21
598,280,16,21
598,280,16,21
598,280,16,21
598,282,21,21
598,282,21,21
598,283,21,21
598,283,21,21
598,283,21,21
598,284,21,21
598,284,21,21
598,284,21,21
598,285,21,21
598,285,21,21
598,285,21,21
598,286,21,21
598,286,21,21
598,286,21,21
598,287,21,21
598,287,21,21
598,287,21,21
598,288,21,21
598,288,21,21
598,288,21,21
598,289,21,21
598,289,21,21
598,289,21,21
598,290,21,21
598,290,21,21
598,290,21,21
598,291,21,21
598,291,21,21
598,291,21,21
598,292,21,21
602,292,17,21
602,292,17,21
602,292,17,21
602,292,17,21
602,292,17,21
602,292,17,21
601,295,19,21
601,295,19,21
601,295,19,21
601,295,19,21
601,295,19,21
601,295,19,21
601,295,19,21
601,295,19,21
605,299,16,21
605,299,16,21
605,299,16,21
605,299,16,21
605,299,16,21
605,299,16,21
605,299,16,21
605,299,16,21
605,303,17,21
605,303,17,21
605,303,17,21
605,303,17,21
605,305,19,21
607,305,18,21
607,305,18,21
607,305,18,21
607,305,18,21
607,305,18,21
606,307,21,21
607,308,21,21
607,308,21,21
608,308,21,21
608,309,21,21
609,309,21,21
609,310,21,21
610,310,21,21
611,311,21,21
611,311,21,21
612,311,21,21
612,312,21,21
613,312,21,21
613,313,21,21
614,313,21,21
614,313,21,21
615,314,21,21
615,314,21,21
616,315,21,21
616,315,21,21
617,315,21,21
617,316,21,21
618,316,21,21
618,317,21,21
619,317,21,21
620,318,21,21
620,318,21,21
620,318,22,22
621,318,21,22
621,319,22,22
621,319,22,22
622,319,22,23
622,319,22,23
622,320,23,23
623,320,22,23
623,320,23,24
624,321,23,24
624,321,23,24
624,321,23,25
624,322,23,24
624,322,24,25
624,323,24,25
625,323,23,25
625,324,24,25
625,324,24,26
625,324,24,26
625,325,25,26
626,325,24,26
626,326,24,26
626,326,25,27
626,327,25,26
626,327,25,27
627,328,25,27
627,328,24,27
627,329,24,26
627,329,24,27
627,330,24,26
627,330,24,27
627,331,24,26
627,331,24,27
627,332,24,26
627,332,24,27
632,333,19,26
632,333,19,26
632,333,19,26
632,333,19,26
632,337,20,26
632,337,20,26
632,337,20,26
632,337,20,26
632,337,20,26
632,337,20,26
632,337,20,26
632,337,20,26
632,337,20,26
632,337,20,26
632,337,20,26
632,337,20,26
631,343,20,25
631,343,20,25
631,343,20,25
631,343,20,25
631,343,20,25
632,342,19,26
632,342,19,26
632,342,19,26
632,342,19,26
631,343,20,26
631,343,20,26
631,343,20,26
631,343,20,26
631,344,20,27
631,344,20,27
631,344,20,27
631,344,20,27
631,344,20,27
629,345,20,27
629,345,20,27
629,345,20,27
629,345,20,27
629,345,20,27
629,345,20,27
629,345,20,27
629,345,20,27
629,345,20,27
629,345,20,27
629,345,20,27
629,345,20,27
630,352,21,28
630,352,21,28
630,352,21,28
630,352,21,28
630,352,21,28
630,352,21,28
630,352,21,28
630,352,21,28
630,352,21,28
628,351,21,29
628,351,21,29
628,351,21,29
628,351,21,29
628,351,21,29
628,351,21,29
628,351,21,29
628,351,21,29
628,351,21,29
628,351,21,29
628,351,21,29
624,354,25,29
624,354,25,29
624,355,25,29
624,355,25,29
624,355,25,29
624,356,25,29
623,356,25,29
623,356,25,29
623,356,25,29
623,356,25,29
623,356,25,29
623,357,25,29
623,357,25,29
623,357,25,29
622,357,25,29
622,357,25,29
622,357,25,29
622,358,25,29
622,358,25,29
622,358,25,29
622,358,25,29
622,358,25,29
622,359,25,29
623,359,25,29
624,359,25,29
625,359,25,29
626,359,25,29
628,360,25,29
629,360,25,29
630,360,25,29
631,360,25,29
632,360,25,29
634,361,25,29
635,361,25,29
636,361,25,29
637,361,25,29
638,361,25,29
640,362,25,29
641,362,25,29
642,362,25,29
643,362,25,29
644,362,25,29
646,363,25,29
647,363,25,29
648,363,25,29
649,363,25,29
650,363,25,29
652,364,25,29
652,364,25,29
652,364,25,29
653,364,25,29
653,364,25,29
653,364,25,29
654,364,25,29
654,364,25,29
654,364,25,29
655,364,25,29
655,364,25,29
655,364,25,29
656,364,25,29
656,364,25,29
656,364,25,29
657,364,25,29
657,364,25,29
657,364,25,29
658,364,25,29
658,364,25,29
658,364,25,29
659,364,25,29
659,364,25,29
659,364,25,29
660,364,25,29
660,364,25,29
660,364,25,29
661,364,25,29
661,364,25,29
661,364,25,29
662,364,25,29
662,364,25,29
662,364,25,29
663,364,25,29
663,364,25,29
663,364,25,29
664,364,25,29
664,364,25,29
664,364,25,29
665,364,25,29
665,364,25,29
665,364,25,29
666,364,25,29
666,364,25,29
666,364,25,29
667,364,25,29
667,364,25,29
667,364,25,29
668,364,25,29
668,364,25,29
668,364,25,29
669,364,25,29
669,364,25,29
670,364,25,29
670,364,25,29
670,364,25,29
670,364,25,29
670,364,25,29
670,364,25,29
670,364,25,29
670,364,25,29
670,364,25,29
670,364,25,29
670,364,25,29
670,364,25,29
670,364,25,29
670,364,25,29
670,364,25,29
670,364,25,29
670,364,25,29
670,365,25,29
670,365,25,29
670,365,25,29
670,365,25,29
670,365,25,29
670,365,25,29
670,365,25,29
670,365,25,29
670,365,25,29
670,365,25,29
670,365,25,29
670,365,25,29
670,365,25,29
670,365,25,29
670,365,25,29
670,365,25,29
671,366,25,29
670,365,25,29
670,365,25,29
670,364,25,29
670,364,25,29
670,364,25,29
670,364,25,29
670,364,25,29
670,364,25,30
670,364,25,30
670,364,25,30
670,365,25,29
670,365,25,30
671,365,25,30
671,365,25,30
671,365,25,31
671,365,25,31
671,365,25,31
671,366,25,30
671,366,25,31
671,366,25,31
672,366,25,31
672,366,25,31
672,366,25,32
672,367,25,31
672,367,25,31
672,367,25,32
672,367,25,32
672,367,25,32
673,367,25,32
673,367,25,33
673,368,25,32
673,368,25,32
673,368,25,32
673,368,25,33
673,368,25,33
673,368,25,33
674,369,25,33
673,369,25,33
673,369,25,33
673,370,25,33
673,370,25,33
673,371,25,33
673,371,25,33
673,372,25,33
673,372,25,33
673,373,25,33
673,373,25,33
673,374,25,33
673,374,25,33
673,374,25,33
673,375,25,33
673,375,25,33
673,376,25,33
673,376,25,33
673,377,25,33
673,377,25,33
673,378,25,33
673,378,25,33
673,379,25,33
673,379,25,33
673,380,25,33
671,380,25,33
669,380,25,33
668,380,25,33
666,380,25,33
664,381,25,33
663,381,25,33
661,381,25,33
659,381,25,33
658,382,25,33
657,382,25,33
656,382,25,33
655,382,25,33
655,383,25,33
654,383,25,33
653,383,25,33
652,383,25,33
652,384,25,33
651,384,25,33
651,384,25,33
651,384,25,34
650,384,26,34
650,385,26,33
650,385,26,34
650,385,26,34
649,385,27,34
649,386,27,34
649,386,26,34
649,386,26,35
648,386,27,35
648,386,27,35
648,387,27,35
648,387,27,35
647,387,28,35
647,387,28,36
647,388,28,35
647,388,27,36
646,388,28,36
646,388,28,36
646,388,28,37
646,389,28,36
645,389,29,36
645,389,29,37
645,389,29,37
645,390,29,37
644,390,29,37
644,390,29,37
644,390,29,37
644,390,29,37
643,390,29,37
643,390,29,37
643,390,29,37
643,390,29,37
643,390,29,37
642,390,29,37
642,390,29,37
642,390,29,37
642,390,29,37
641,390,29,37
641,390,29,37
641,390,29,37
641,390,29,37
641,390,29,37
640,390,29,37
640,390,29,37
640,390,29,37
640,390,29,37
640,390,29,37
639,390,29,37
639,390,29,37
639,390,29,37
639,390,29,37
638,390,29,37
638,390,29,37
638,390,29,37
638,390,29,37
638,390,29,37
637,390,29,37
637,390,29,37
637,390,29,37
637,390,29,37
636,390,29,37
636,390,29,37
636,390,29,37
636,390,29,37
636,390,29,37
635,390,29,37
635,390,29,37
635,390,29,37
635,390,29,37
635,391,29,37
635,391,29,37
635,391,29,37
635,391,29,37
635,391,29,37
636,391,29,37
637,391,29,37
638,391,29,37
640,391,29,37
641,391,29,37
643,391,29,37
643,391,29,37
644,391,29,38
644,391,29,38
645,391,29,39
644,391,29,39
644,391,29,39
644,391,29,40
643,392,30,39
643,392,30,40
643,392,30,40
643,393,30,40
642,393,30,40
642,393,30,41
642,394,30,40
642,394,30,41
641,394,31,41
641,395,31,41
641,395,31,42
641,395,31,42
641,396,31,42
640,396,32,42
640,396,32,43
640,397,32,43
640,397,31,43
640,397,31,44
639,398,32,43
639,398,32,44
639,398,32,44
639,399,32,44
639,399,32,45
638,399,33,45
638,400,33,45
638,400,33,45
638,400,33,46
638,401,33,46
639,401,33,46
640,401,33,46
642,402,33,46
643,402,33,46
644,402,33,46
646,403,33,46
647,403,33,46
649,404,33,46
649,404,33,46
649,404,33,46
649,405,33,46
649,405,33,46
649,405,33,46
649,406,33,46
649,406,33,46
649,406,33,46
649,407,33,46
649,407,33,46
649,407,33,46
649,408,33,46
649,408,33,46
649,408,33,46
649,409,33,46
649,409,33,46
649,409,33,46
649,410,33,46
649,410,33,46
649,410,33,46
650,411,33,46
650,411,33,46
650,411,33,46
650,412,33,46
650,412,33,46
650,412,33,46
650,413,33,46
650,413,33,46
650,414,33,46
650,414,33,46
650,414,33,46
650,415,33,46
650,415,33,46
650,415,33,46
650,416,33,46
650,416,33,46
654,417,27,44
654,417,27,44
654,417,27,44
654,417,27,44
654,417,27,44
654,417,27,44
654,417,27,44
654,417,27,44
654,425,28,42
654,425,28,42
654,425,28,42
654,425,28,42
654,425,28,42
654,425,28,42
654,425,28,42
654,425,28,42
654,425,28,42
654,425,28,42
654,425,28,42
654,425,28,42
654,425,28,42
654,425,28,42
654,425,28,42
654,425,28,42
654,425,28,42
654,425,28,42
656,432,29,43
656,432,29,43
656,432,29,43
656,432,29,43
656,432,29,43
656,432,29,43
656,432,29,43
656,432,29,43
656,432,29,43
656,432,29,43
656,432,29,43
656,432,29,43
656,432,29,43
656,432,29,43
656,432,29,43
656,432,29,43
657,435,29,45
657,435,29,45
657,435,29,45
657,435,29,45
657,435,29,45
657,435,29,45
657,435,29,45
657,435,29,45
657,435,29,45
657,435,29,45
657,435,29,45
657,435,29,45
657,435,29,45
657,435,29,45
657,435,29,45
657,435,29,45
657,435,29,45
657,435,29,45
657,435,29,45
657,435,29,45
658,442,28,43
658,442,28,43
658,442,28,43
658,442,28,43
658,442,28,43
658,442,28,43
658,442,28,43
658,442,28,43
658,442,28,43
658,442,28,43
658,442,28,43
658,442,28,43
658,442,28,43
658,442,28,43
658,442,28,43
658,442,28,43
658,442,28,43
658,442,28,43
658,442,28,43
658,442,28,43
658,442,28,43
658,445,29,47
658,445,29,47
658,445,29,47
658,445,29,47
658,445,29,47
658,445,29,47
658,445,29,47
658,445,29,47
658,445,29,47
658,445,29,47
658,445,29,47
658,445,29,47
658,445,29,47
658,445,29,47
656,450,31,48
656,450,31,48
656,450,31,48
656,450,31,48
656,450,31,48
656,450,31,48
656,450,31,48
656,450,31,48
656,450,31,48
656,450,31,48
656,450,31,48
656,450,31,48
656,450,31,48
656,450,31,48
656,450,31,48
656,450,31,48
656,450,31,48
656,450,31,48
658,456,31,48
658,456,31,48
658,456,31,48
658,456,31,48
658,456,31,48
658,456,31,48
658,456,31,48
658,456,31,48
658,456,31,48
658,456,31,48
658,456,31,48
658,456,31,48
658,456,31,48
657,462,31,49
657,462,31,49
657,462,31,49
657,462,31,49
657,462,31,49
657,462,31,49
657,462,31,49
657,462,31,49
657,462,31,49
657,462,31,49
657,462,31,49
657,462,31,49
657,462,31,49
657,462,31,49
657,462,31,49
657,462,31,49
657,462,31,49
659,466,30,51
659,466,30,51
659,466,30,51
659,466,30,51
659,466,30,51
659,466,30,51
659,466,30,51
659,466,30,51
659,466,30,51
659,466,30,51
659,466,30,51
659,466,30,51
657,475,34,47
657,475,34,47
657,475,34,47
657,475,34,47
657,475,34,47
657,475,34,47
657,475,34,47
657,475,34,47
657,475,34,47
657,475,34,47
657,475,34,47
657,475,34,47
657,475,34,47
660,477,29,51
660,477,29,51
660,477,29,51
660,477,29,51
660,477,29,51
660,477,29,51
660,477,29,51
660,477,29,51
660,477,29,51
660,477,29,51
660,477,29,51
660,477,29,51
660,477,29,51
660,477,29,51
661,481,31,53
661,481,31,53
661,481,31,53
661,481,31,53
661,481,31,53
661,481,31,53
661,481,31,53
661,481,31,53
661,481,31,53
661,481,31,53
661,481,31,53
661,481,31,53
661,481,31,53
654,483,39,55
654,483,39,56
654,483,39,56
654,484,39,55
654,484,39,56
654,484,39,56
655,485,39,56
655,485,39,56
655,485,39,56
655,485,39,56
655,485,39,56
655,485,39,56
655,485,39,56
655,486,39,55
655,486,39,55
655,486,39,55
655,486,40,56
655,486,40,56
655,486,40,56
655,486,40,56
656,487,39,55
656,487,39,55
656,487,39,55
656,487,39,55
656,487,39,55
656,487,40,56
656,487,40,56
656,488,40,55
656,488,40,55
656,488,40,55
656,488,40,55
656,488,40,55
656,488,40,55
656,488,40,55
657,489,40,55
657,489,40,55
657,489,40,55
657,489,40,55
657,489,40,55
657,489,40,55
657,489,40,55
657,489,40,55
657,489,41,55
657,489,41,56
657,489,41,56
657,489,41,56
657,489,41,56
657,489,41,56
657,489,41,56
657,489,41,56
657,489,42,56
657,489,42,56
657,489,42,57
657,489,42,57
657,489,42,57
664,493,37,57
664,493,37,57
664,493,37,57
664,493,37,57
664,493,37,57
664,493,37,57
664,493,37,57
664,493,37,57
664,493,37,57
664,493,37,57
664,493,37,57
664,493,37,57
664,493,37,57
664,493,37,57
664,493,37,57
664,493,37,57
664,493,37,57
664,493,37,57
664,493,37,57
664,493,37,57
664,493,37,57
664,493,37,57
664,493,37,57
664,493,37,57
664,493,37,57
667,496,38,60
667,496,38,60
667,496,38,60
667,496,38,60
667,496,38,60
667,496,38,60
667,496,38,60
667,496,38,60
667,496,38,60
667,496,38,60
667,496,38,60
667,496,38,60
667,496,38,60
665,490,37,55
665,490,37,55
665,490,37,55
665,490,37,55
665,490,37,55
665,490,37,55
665,490,37,55
665,490,37,55
665,490,37,55
665,490,37,55
665,490,37,55
665,490,37,55
665,490,37,55
665,490,37,55
665,490,37,55
665,490,37,55
665,490,37,55
665,490,37,55
665,490,37,55
665,490,37,55
665,490,37,55
668,488,36,56
668,488,36,56
668,488,36,56
668,488,36,56
668,488,36,56
668,488,36,56
668,488,36,56
668,488,36,56
668,488,36,56
668,488,36,56
668,488,36,56
668,488,36,56
668,488,36,56
668,488,36,56
668,488,36,56
668,488,36,56
669,483,36,60
669,483,36,60
669,483,36,60
669,483,36,60
669,483,36,60
669,483,36,60
669,483,36,60
669,483,36,60
669,483,36,60
669,483,36,60
669,483,36,60
669,483,36,60
669,483,36,60
669,477,32,59
669,477,32,59
669,477,32,59
669,477,32,59
669,477,32,59
669,477,32,59
669,477,32,59
669,477,32,59
669,477,32,59
669,477,32,59
669,477,32,59
669,477,32,59
667,473,36,58
667,473,36,58
667,473,36,58
667,473,36,58
667,473,36,58
667,473,36,58
667,473,36,58
667,473,36,58
667,473,36,58
669,470,36,57
669,470,36,57
669,470,36,57
669,470,36,57
669,470,36,57
669,470,36,57
669,470,36,57
669,470,36,57
669,470,36,57
669,470,36,57
669,470,36,57
669,470,36,57
668,468,35,51
668,468,35,51
668,468,35,51
668,468,35,51
668,468,35,51
668,468,35,51
668,468,35,51
668,468,35,51
668,468,35,51
668,465,33,50
668,465,33,50
668,465,33,50
668,465,33,50
668,465,33,50
668,465,33,50
668,465,33,50
668,465,33,50
668,465,33,50
668,465,33,50
668,465,33,50
668,465,33,50
668,465,33,50
668,465,33,50
668,465,33,50
668,465,33,50
668,465,33,50
668,465,33,50
668,465,33,50
668,465,33,50
668,465,33,50
668,465,33,50
668,465,33,50
668,465,33,50
668,465,33,50
668,465,33,50
668,465,33,50
668,465,33,50
668,465,33,50
668,465,33,50
668,465,33,50
668,465,33,50
668,465,33,50
662,463,42,53
662,463,42,53
662,463,42,53
662,463,42,53
662,463,42,53
662,463,42,53
662,463,42,53
662,463,42,53
662,463,42,54
662,464,42,53
662,464,42,54
662,465,42,53
662,465,42,54
662,466,42,53
662,466,42,54
662,467,42,53
663,467,41,54
663,468,41,53
663,468,41,54
663,469,41,53
663,469,41,54
663,470,41,53
663,470,41,54
663,471,41,53
663,471,41,54
664,472,41,54
664,472,41,54
664,473,41,54
664,474,41,54
664,475,41,54
664,476,41,54
664,477,41,54
664,478,41,54
664,479,41,54
664,480,41,54
664,481,41,54
665,481,41,55
665,482,41,55
665,483,41,55
665,484,41,55
665,485,41,55
665,486,41,55
665,487,41,55
665,488,41,55
665,489,41,55
665,490,41,55
666,491,41,55
665,490,41,55
665,489,41,55
665,488,41,56
665,488,41,55
665,487,41,55
664,486,41,56
664,486,41,55
664,485,41,56
664,484,41,56
664,484,41,55
663,483,41,56
663,482,41,56
663,482,41,55
663,481,41,56
663,480,41,56
663,480,41,56
662,479,41,56
662,478,41,57
662,478,41,56
662,477,41,57
662,477,41,56
662,476,41,57
662,476,41,56
662,475,41,57
662,475,41,56
662,474,41,57
662,474,41,56
662,473,41,57
662,473,41,56
661,472,41,57
661,471,41,57
661,471,41,57
661,470,41,57
661,470,41,57
661,469,41,57
661,469,41,57
661,468,41,57
661,468,41,57
661,467,41,57
661,467,41,57
661,466,41,57
661,466,41,57
660,465,41,57
660,465,41,57
660,465,41,56
660,464,41,57
660,464,41,57
660,464,41,56
660,464,41,56
660,463,41,56
660,463,41,56
660,463,40,56
660,462,40,56
660,462,40,56
660,462,40,55
660,462,40,55
659,461,41,56
659,461,41,55
659,461,41,55
659,460,41,55
659,460,40,55
659,460,40,55
659,460,40,54
659,459,40,55
659,459,40,54
659,459,40,54
659,458,40,55
659,458,40,54
659,458,40,54
659,458,40,54
659,458,40,54
659,458,40,54
659,458,40,55
659,459,40,54
659,459,40,54
659,459,40,55
659,460,40,54
659,460,40,54
659,460,40,55
659,460,40,55
659,461,40,54
659,461,40,55
659,461,40,55
659,462,41,54
659,462,41,55
659,462,41,55
659,462,41,55
659,463,41,55
659,463,41,55
659,463,41,55
659,464,41,55
659,464,41,55
659,464,41,55
659,464,41,56
659,465,41,55
659,465,41,55
659,465,41,56
659,466,42,55
659,466,42,55
659,466,42,56
659,466,42,56
659,467,42,55
659,467,42,56
659,467,42,56
659,468,42,55
659,468,42,56
659,468,42,56
659,468,42,56
659,469,42,56
659,469,42,56
659,469,42,56
660,470,42,56
660,470,42,57
660,471,42,57
660,472,42,57
660,473,42,57
660,474,42,57
660,475,42,57
660,476,42,57
660,477,42,57
660,478,42,57
660,479,42,57
660,480,42,57
660,481,42,57
660,481,42,58
660,482,42,58
660,483,42,58
660,484,42,58
660,485,42,58
660,486,42,58
660,487,42,58
660,488,42,58
660,489,42,58
660,490,42,58
660,491,42,58
661,492,41,58
661,492,41,57
661,492,41,57
661,492,41,57
661,492,41,57
661,492,41,57
661,492,41,57
661,492,41,57
661,492,41,56
661,492,41,56
661,492,41,56
661,492,41,56
661,492,41,56
661,492,41,56
661,492,41,56
661,492,41,56
661,490,41,56
661,489,41,56
661,488,41,56
661,487,41,56
661,486,41,56
661,485,41,56
661,484,41,55
661,483,41,55
661,482,41,55
661,481,41,55
661,480,41,55
661,479,41,55
661,478,40,55
661,477,40,55
661,476,40,55
661,475,40,55
661,474,40,55
661,473,40,55
661,473,40,54
661,472,40,54
661,471,40,54
661,470,40,54
661,469,40,54
661,468,40,54
661,468,40,53
661,467,40,53
661,466,40,53
661,465,40,53
661,464,40,53
661,463,40,53
661,463,40,53
661,462,40,53
661,462,40,53
661,461,40,53
661,461,40,53
661,460,40,53
661,460,40,53
661,459,40,53
661,459,40,53
661,458,40,53
661,458,40,53
661,457,40,53
661,457,40,53
661,456,40,53
661,456,40,53
661,455,40,53
662,455,40,53
661,454,40,53
661,454,40,53
661,454,40,53
661,454,40,53
661,454,40,53
661,454,40,53
661,454,40,53
661,454,40,53
661,454,40,53
661,454,40,53
661,454,40,53
661,454,40,53
661,454,40,53
661,454,40,53
660,453,40,53
660,453,40,53
660,453,40,53
660,453,40,53
660,453,40,53
660,453,40,53
660,453,40,53
660,453,40,53
660,453,40,53
660,453,40,53
660,453,40,53
660,453,40,53
660,453,40,53
660,453,40,53
660,453,40,53
659,452,40,53
659,452,40,53
659,452,40,53
659,452,40,53
659,452,40,53
659,452,40,53
659,452,40,53
659,452,40,53
659,452,40,53
659,452,40,53
659,452,40,53
659,452,40,53
659,452,40,53
659,452,40,53
659,452,40,53
658,452,40,53
658,452,40,53
658,453,40,53
657,453,40,53
657,454,40,53
657,454,40,53
656,454,40,53
656,455,40,53
656,455,40,53
656,456,40,53
655,456,40,53
655,456,40,53
655,456,40,53
654,456,40,53
654,456,40,53
654,456,40,53
653,456,40,53
653,456,40,53
653,456,40,53
653,456,40,53
652,455,40,53
652,454,40,53
652,453,40,53
652,453,40,53
651,452,40,53
651,451,40,53
651,450,40,53
651,449,40,53
651,448,40,53
651,447,40,53
656,446,35,53
656,446,35,53
656,446,35,53
656,446,35,53
656,446,35,53
656,446,35,53
655,440,35,53
655,440,35,53
655,440,35,53
655,440,35,53
649,438,40,52
649,438,40,51
649,437,40,51
649,436,39,51
648,435,40,51
648,435,40,50
648,434,40,50
648,433,39,50
648,433,39,49
647,432,40,49
647,431,40,49
647,430,39,49
647,430,39,48
646,429,40,48
646,428,40,48
646,428,39,47
646,427,39,47
646,426,39,47
645,425,40,47
645,425,39,46
645,424,39,46
645,423,39,46
645,423,39,45
645,422,39,45
645,421,39,45
645,420,39,45
645,420,39,45
645,419,39,45
645,418,39,45
645,418,39,45
645,417,39,45
645,416,39,45
645,416,39,45
645,415,39,45
645,414,39,45
645,413,39,45
645,413,39,45
645,412,39,45
645,411,39,45
645,411,39,45
645,410,39,45
645,409,39,45
645,409,39,45
645,408,39,45
645,407,39,45
645,406,39,45
645,406,39,45
645,405,39,45
645,404,39,45
645,404,39,45
645,403,39,45
645,402,39,45
645,402,39,45
645,401,39,45
645,400,39,45
645,400,39,45
645,399,38,45
645,399,38,45
645,398,38,45
645,398,38,45
645,398,38,45
645,397,38,45
645,397,38,45
645,397,38,45
645,396,38,45
645,396,38,45
646,396,37,45
646,395,37,45
646,395,37,45
646,395,37,45
646,394,37,45
646,394,37,45
646,394,36,45
646,393,36,45
646,393,36,45
646,393,36,45
646,392,36,45
647,392,35,45
647,392,35,45
647,391,35,45
647,391,35,45
647,391,35,45
647,390,35,45
647,390,35,45
647,390,35,45
647,389,35,45
647,389,35,45
648,389,34,45
648,388,33,45
648,388,33,45
648,388,33,45
648,388,33,44
648,388,33,44
648,387,33,45
648,387,33,45
648,387,33,44
648,387,33,44
648,387,33,44
648,387,33,44
648,386,33,44
648,386,33,44
648,386,33,44
648,386,33,44
648,386,33,43
648,386,33,43
648,385,33,44
648,385,33,44
648,385,33,43
648,385,33,43
648,385,33,43
648,385,33,43
648,384,33,43
648,384,33,43
648,384,33,43
648,384,33,43
648,384,33,42
648,384,33,42
648,383,33,43
648,383,33,43
648,383,33,42
648,383,33,42
648,383,33,42
648,383,33,42
648,382,33,42
648,382,33,42
648,382,33,42
648,382,33,42
648,382,33,41
648,382,33,41
648,381,33,42
648,381,33,42
648,381,33,41
648,381,33,41
648,381,33,41
648,381,33,41
647,380,33,41
647,380,33,41
647,380,33,41
647,380,33,40
647,380,33,40
647,380,32,40
647,380,32,40
646,379,33,40
646,379,33,40
646,379,33,40
646,379,33,40
646,379,32,39
646,379,32,39
646,379,32,39
645,378,33,39
645,378,33,39
645,378,32,39
645,378,32,39
645,378,32,38
645,378,32,38
645,378,32,38
645,378,32,38
645,378,32,38
645,378,32,38
646,378,32,38
645,378,32,38
644,378,32,38
643,378,32,38
642,378,32,38
641,378,32,38
640,378,32,38
639,378,32,38
638,378,32,38
637,378,32,38
637,379,32,37
637,379,32,37
637,379,32,37
637,379,32,37
637,379,32,37
637,379,32,37
637,379,32,37
637,378,32,37
637,378,32,37
637,378,32,37
637,378,32,37
637,378,32,37
637,378,32,37
637,378,32,37
637,378,32,37
637,378,32,37
637,378,32,37
637,378,32,37
637,378,32,37
637,378,32,37
637,378,32,37
637,378,32,37
637,378,32,37
637,378,32,37
637,378,32,37
637,378,32,37
637,378,32,37
637,378,32,37
637,378,32,37
642,379,27,36
642,379,27,36
642,379,27,36
642,379,27,36
642,379,27,36
642,379,27,36
642,379,27,36
642,379,27,36
642,379,27,36
642,379,27,36
642,379,27,36
642,379,27,36
641,380,28,35
641,380,28,35
641,380,28,35
641,380,28,35
641,380,28,35
641,380,28,35
641,380,28,35
641,380,28,35
641,380,28,35
641,380,28,35
641,380,28,35
641,380,28,35
641,380,28,35
641,380,28,35
641,380,28,35
641,380,28,35
641,380,28,35
641,380,28,35
641,380,28,35
641,380,28,35
641,380,28,35
641,380,28,35
641,380,28,35
641,380,28,35
641,380,28,35
641,380,28,35
641,380,28,35
641,380,28,35
641,380,28,35
641,380,28,35
641,380,28,35
641,380,28,35
641,380,28,35
641,380,28,35
641,380,28,35
641,380,28,35
641,380,28,35
641,380,28,35
641,380,28,35
641,380,28,35
641,380,28,35
641,380,28,35
641,380,28,35
641,380,28,35
641,380,28,35
641,380,28,35
641,380,28,35
641,380,28,35
641,380,28,35
641,380,28,35
641,380,28,35
641,380,28,35
641,380,28,35
641,380,28,35
642,375,27,37
642,375,27,37
642,375,27,37
642,375,27,37
642,375,27,37
642,375,27,37
642,375,27,37
642,375,27,37
642,375,27,37
642,375,27,37
642,375,27,37
642,375,27,37
642,375,27,37
642,375,27,37
642,375,27,37
642,375,27,37
642,375,27,37
642,375,27,37
642,375,27,37
642,375,27,37
642,375,27,37
642,375,27,37
642,375,27,37
642,375,27,37
642,375,27,37
642,375,27,37
642,375,27,37
642,375,27,37
642,375,27,37
642,375,27,37
642,375,27,37
642,375,27,37
642,375,27,37
642,375,27,37
642,375,27,37
642,375,27,37
642,375,27,37
642,375,27,37
642,375,27,37
642,375,27,37
642,375,27,37
642,375,27,37
642,375,27,37
642,375,27,37
642,375,27,37
642,375,27,37
642,375,27,37
642,375,27,37
642,375,27,37
642,375,27,37
642,375,27,37
641,366,25,38
641,366,25,38
641,366,25,38
641,366,25,38
641,366,25,38
641,366,25,38
641,366,25,38
641,366,25,38
641,366,25,38
641,366,25,38
641,366,25,38
641,366,25,38
641,366,25,38
641,366,25,38
641,366,25,38
641,366,25,38
641,366,25,38
641,366,25,38
641,366,25,38
641,366,25,38
641,366,25,38
641,366,25,38
636,365,32,37
635,365,32,37
635,365,32,37
635,365,32,37
635,365,32,37
635,365,32,37
635,365,32,37
635,365,32,37
635,365,32,37
635,365,32,37
635,365,32,37
634,364,32,37
634,364,32,37
634,364,32,37
634,364,32,37
634,364,32,37
634,364,32,37
634,364,32,37
634,364,32,37
634,364,32,37
634,364,32,37
633,364,32,37
633,364,32,37
633,364,32,37
633,364,32,37
633,364,32,37
633,364,32,37
633,364,32,37
633,364,32,37
633,364,32,37
633,364,32,37
632,363,32,37
632,363,32,37
632,363,32,37
632,363,32,37
632,363,32,37
632,363,32,37
632,363,32,37
632,363,32,37
632,363,32,37
632,363,32,37
631,363,32,37
631,363,32,37
631,363,32,37
631,363,32,37
631,363,32,37
631,363,32,37
631,363,32,37
631,363,32,37
631,363,32,37
631,363,32,37
631,362,32,38
631,362,32,38
631,362,32,38
631,362,32,38
631,362,32,38
631,362,32,38
631,362,32,38
631,362,32,38
631,362,32,38
631,362,32,38
631,362,32,38
631,362,32,38
631,362,32,38
631,362,32,38
631,361,32,39
631,361,32,39
631,361,32,39
631,361,32,39
631,361,32,39
631,361,32,39
631,361,32,39
631,361,32,39
631,361,32,39
631,361,32,39
631,361,32,39
631,361,32,39
631,361,32,39
631,361,32,39
630,360,32,39
630,360,32,39
630,360,32,39
630,360,32,39
630,360,32,39
630,360,32,39
630,360,32,39
630,360,32,39
630,360,32,39
630,360,32,39
630,360,32,39
630,360,32,39
630,360,32,39
630,360,32,39
630,360,32,39
629,360,32,39
629,360,32,39
629,360,32,39
629,360,32,39
629,360,32,39
629,360,32,39
629,360,32,39
629,360,32,39
629,360,32,39
629,360,32,39
629,360,32,39
629,360,32,39
629,360,32,39
629,360,32,39
629,360,32,39
628,360,32,39
628,360,32,39
628,360,32,39
628,360,32,39
628,360,32,39
628,360,32,39
628,360,32,39
628,360,32,39
628,360,32,39
628,360,32,39
628,360,32,39
628,360,32,39
628,360,32,39
628,360,32,39
628,360,32,39
628,360,32,39
628,359,32,39
628,359,32,39
628,359,32,39
628,359,32,39
628,359,32,39
628,359,32,39
629,359,32,39
629,359,32,39
629,359,32,39
629,359,32,39
629,359,32,39
629,359,32,39
629,359,32,39
630,359,32,39
630,359,32,39
630,359,32,39
630,359,32,39
630,359,32,39
630,359,32,39
630,359,32,39
631,358,32,39
631,358,32,39
631,358,32,39
631,358,32,39
631,358,32,39
631,358,32,39
631,358,32,39
632,358,32,39
632,358,32,39
632,358,32,39
632,358,32,39
632,358,32,39
632,358,32,39
632,358,32,39
633,358,32,39
633,358,32,39
633,358,32,39
633,358,32,39
633,358,32,39
633,358,32,39
634,358,32,39
634,357,32,39
634,357,32,39
634,357,32,39
634,357,32,39
634,357,32,39
634,357,32,39
634,357,32,39
635,357,31,39
635,357,32,39
635,357,32,39
635,357,32,39
635,357,32,39
635,357,32,39
635,357,32,39
635,357,32,39
636,357,31,38
636,357,31,38
636,357,32,38
636,357,32,38
636,357,32,38
636,357,32,38
636,357,32,38
636,357,32,38
637,357,31,38
637,357,31,38
637,357,31,38
637,357,32,38
637,357,32,38
637,357,32,38
637,357,32,38
638,357,31,38
638,356,31,38
638,356,31,38
638,356,31,38
638,356,31,38
638,356,32,38
638,356,32,38
638,356,32,38
639,356,31,38
639,356,31,38
639,356,31,38
639,356,31,38
639,356,31,38
639,356,31,38
639,356,32,38
639,356,32,38
640,356,31,37
640,356,31,37
640,356,31,37
640,356,31,37
640,356,31,37
640,356,31,37
640,356,31,37
640,356,32,37
641,356,31,37
641,356,31,37
641,356,31,37
641,356,31,37
641,356,31,37
641,356,31,37
641,356,31,37
642,356,31,37
642,355,31,37
642,355,31,37
642,355,31,37
642,355,31,37
642,355,31,37
642,355,31,37
642,355,31,37
642,355,31,37
642,355,31,37
642,354,31,37
642,354,31,37
642,354,31,37
642,354,31,37
642,354,31,37
642,354,31,37
642,354,31,37
642,354,31,37
642,354,31,37
642,353,31,37
642,353,31,37
642,353,31,37
642,353,31,37
642,353,31,37
642,353,31,37
642,353,31,37
642,353,31,37
642,353,31,37
642,352,31,37
642,352,31,37
642,352,31,37
642,352,31,37
642,352,31,37
642,352,31,37
642,352,31,37
642,352,31,37
642,352,31,37
642,352,31,37
642,352,31,37
643,352,31,37
643,352,31,37
643,352,31,37
643,352,31,37
643,352,31,37
643,352,31,37
643,352,31,37
643,352,31,37
643,352,31,37
643,352,31,37
643,352,31,37
643,352,31,37
644,352,31,37
644,352,31,37
644,352,31,37
644,352,31,37
644,352,31,37
644,352,31,37
644,352,31,37
644,352,31,37
644,352,31,37
644,352,31,37
644,352,31,37
645,352,31,37
644,352,31,37
644,352,31,37
644,352,31,37
644,352,31,37
644,352,31,37
644,352,31,37
644,352,31,37
644,352,31,37
644,352,31,37
644,352,31,37
644,352,31,37
644,352,31,37
644,352,31,37
644,352,31,37
644,352,31,37
644,352,31,37
644,352,31,37
644,352,31,37
644,352,31,37
644,352,31,37
644,352,31,37
643,352,31,37
643,352,31,37
643,352,31,37
643,352,31,37
643,352,31,37
643,352,31,37
643,352,31,37
643,352,31,37
643,352,31,37
643,352,31,37
643,352,31,37
643,352,31,37
643,352,31,37
643,352,31,37
643,352,31,37
643,352,31,37
643,352,31,37
643,352,31,37
643,352,31,37
643,352,31,37
643,352,31,37
643,352,31,37
642,352,31,37
642,352,31,37
642,352,31,37
642,352,31,37
641,352,31,37
641,352,31,37
641,352,31,37
641,352,31,37
641,352,31,37
640,352,31,37
640,352,31,37
640,352,31,37
639,352,31,37
639,352,31,37
639,352,31,37
638,352,31,37
638,352,31,37
638,352,31,37
637,352,31,37
637,352,31,37
637,352,31,37
636,352,31,37
636,352,31,37
636,352,31,37
636,352,30,37
635,352,31,37
635,352,31,37
635,352,30,37
635,352,30,37
634,352,31,37
634,352,30,37
634,352,30,37
634,352,30,37
633,352,30,37
633,352,30,37
633,352,30,37
633,352,29,37
632,352,30,37
632,352,30,37
632,352,29,37
632,352,29,37
631,352,30,37
631,352,29,37
631,352,29,37
631,352,29,37
630,352,29,37
630,352,29,37
630,352,29,37
630,352,29,37
629,352,29,37
629,352,29,37
629,352,29,37
629,352,29,37
629,352,29,37
629,352,29,37
629,352,29,37
629,352,29,37
628,352,29,37
628,352,29,37
628,352,29,37
628,352,29,37
628,352,29,37
628,352,29,37
628,352,29,37
628,352,29,37
628,352,29,37
627,352,29,37
627,352,29,37
627,352,29,37
627,352,29,37
627,352,29,37
627,352,29,37
627,352,29,37
627,352,29,37
627,352,29,37
626,352,29,37
626,352,29,37
626,352,29,37
626,352,29,37
626,352,29,37
626,352,29,37
626,352,29,37
626,352,29,37
626,352,29,37
625,352,29,37
625,352,29,37
625,352,29,37
625,352,29,37
625,352,29,37
625,352,29,37
625,352,29,37
625,352,29,37
625,352,29,37
