797,476,85,78
793,474,85,77
790,472,84,77
787,470,84,77
784,468,83,76
781,466,83,76
778,464,82,76
775,462,82,76
772,460,81,75
769,458,80,75
766,456,80,75
763,454,79,74
760,452,79,74
757,450,78,74
754,449,78,73
753,447,77,73
752,446,77,72
751,445,77,71
750,444,77,71
749,443,77,70
748,441,77,70
747,440,77,70
746,439,77,69
746,438,75,68
745,437,75,67
744,436,75,67
743,434,75,67
742,433,75,66
741,432,75,66
740,431,75,65
739,430,75,64
739,429,74,64
738,427,74,64
738,426,73,64
737,425,73,64
737,424,72,64
736,423,72,64
736,422,71,64
735,421,71,64
735,420,70,64
734,419,70,64
734,418,69,64
733,417,69,64
732,416,69,64
732,416,68,63
731,415,69,64
731,415,68,63
730,414,68,63
729,414,69,63
729,413,68,63
728,413,68,62
728,412,68,62
727,412,68,62
727,411,67,62
726,411,68,61
725,410,68,62
725,410,67,61
724,409,68,61
724,409,67,60
723,408,67,61
723,408,67,60
722,407,67,60
721,406,67,61
721,406,66,60
720,405,67,60
720,405,66,59
719,404,66,60
718,404,67,59
718,403,66,59
717,403,66,59
717,402,66,59
716,402,66,58
716,401,65,58
715,401,66,58
714,400,66,58
714,400,65,57
713,399,66,58
713,399,65,57
712,398,65,57
712,398,65,57
711,397,65,57
711,397,64,57
711,397,64,57
710,396,64,58
710,396,64,58
710,396,63,58
710,396,63,57
709,395,63,58
709,395,62,58
709,395,62,58
708,394,62,59
708,394,62,59
708,394,61,58
708,394,61,58
707,393,61,59
707,393,61,59
707,393,60,59
706,392,60,60
706,392,60,59
706,392,59,59
706,392,59,59
705,391,59,60
705,391,59,60
705,391,58,60
705,391,58,60
704,391,58,60
704,391,58,60
704,391,58,60
703,391,58,60
703,392,58,59
703,392,58,59
702,392,59,59
702,392,58,59
702,392,58,59
701,393,59,58
701,393,59,58
701,393,58,58
700,393,59,58
700,393,59,58
700,394,58,57
700,394,58,57
699,394,59,57
699,394,59,57
699,394,58,57
698,395,59,56
698,395,59,56
698,395,59,56
697,395,59,56
697,395,59,56
697,396,59,55
696,396,59,55
696,396,59,55
696,396,59,55
696,396,59,55
695,397,59,54
695,397,59,54
695,397,59,54
694,397,60,54
694,397,59,54
694,398,59,53
693,398,60,53
693,398,59,53
693,398,59,53
692,398,60,53
692,399,60,52
692,399,59,52
692,399,59,52
691,399,60,52
691,399,60,52
691,400,59,51
690,400,60,51
690,400,60,51
690,400,59,51
689,400,60,51
689,401,60,50
689,401,60,50
688,401,60,50
688,401,60,50
688,401,60,50
688,402,60,50
687,402,60,50
687,403,60,50
686,403,61,51
686,404,61,50
686,404,61,51
685,405,61,51
685,405,61,51
684,406,62,51
684,406,62,52
684,407,62,52
683,408,62,51
683,408,62,52
682,409,63,52
682,409,63,52
682,410,63,52
681,410,63,53
681,411,63,52
680,411,64,53
680,412,64,53
680,413,64,53
679,413,64,54
679,414,64,54
679,415,64,54
679,416,64,54
678,417,64,55
678,418,64,55
678,419,64,55
678,420,64,55
677,420,64,56
677,421,64,57
677,422,64,57
677,423,64,57
676,424,64,57
676,425,64,57
676,426,64,58
676,427,64,58
676,428,63,58
675,428,64,59
675,429,64,59
675,430,64,60
675,431,63,60
674,432,64,60
674,433,64,60
674,434,64,60
674,435,63,61
673,435,64,62
673,436,64,62
673,437,64,62
673,438,63,62
673,439,63,63
672,440,64,63
672,441,64,63
672,442,63,63
672,443,63,63
671,443,64,65
671,444,64,65
671,445,63,65
671,446,63,65
670,447,64,65
670,448,64,66
670,449,63,66
670,450,63,66
669,450,64,67
669,451,64,67
669,452,63,68
669,453,63,68
669,454,63,68
668,455,64,68
668,456,63,68
668,457,63,69
668,458,63,69
667,458,64,70
667,459,63,70
667,460,63,70
667,461,63,71
666,462,64,71
666,463,63,71
666,464,63,71
666,465,63,71
666,466,63,72
665,466,63,72
665,466,63,73
664,467,63,72
664,467,63,73
663,468,63,72
663,468,63,73
662,468,63,73
662,469,63,73
661,469,63,73
661,470,63,73
661,470,62,73
660,470,63,74
660,471,62,73
659,471,63,74
659,472,62,73
658,472,63,74
658,472,62,74
657,473,63,74
657,473,62,74
657,474,62,74
657,475,61,72
657,477,61,70
657,479,61,68
657,478,61,68
657,478,61,68
657,478,62,68
658,478,61,68
658,478,61,68
658,478,62,68
659,477,61,69
659,477,61,68
659,477,62,68
660,477,61,68
660,477,61,68
660,477,62,68
661,476,61,69
661,476,61,69
661,476,62,69
662,476,61,68
662,476,62,68
662,476,62,68
663,475,61,69
663,475,62,69
663,475,62,69
664,475,61,69
664,475,62,69
664,475,62,68
665,474,61,69
665,474,62,69
665,474,62,69
666,474,61,69
666,474,62,69
666,474,62,69
667,474,62,69
667,473,62,69
667,473,62,69
667,473,62,69
667,473,62,68
667,473,62,68
667,473,62,68
667,473,62,68
668,475,65,62
667,474,65,62
667,473,65,62
667,473,65,61
667,472,64,62
667,472,64,61
667,471,64,61
667,471,63,61
667,470,63,61
667,469,63,61
667,469,62,61
667,468,62,61
666,468,63,60
666,467,63,60
666,467,62,60
666,466,62,60
666,465,62,60
666,465,61,60
666,464,61,60
666,464,61,59
666,463,60,60
666,463,60,59
666,462,60,59
666,462,60,59
665,461,60,59
665,460,60,59
665,459,60,59
665,459,59,59
665,458,59,59
665,457,59,59
665,457,58,58
665,456,58,59
665,455,58,59
665,454,58,59
665,454,57,58
665,453,57,59
665,452,57,59
665,452,56,58
665,451,56,58
665,450,56,59
665,449,56,59
665,449,55,58
665,448,55,58
665,447,55,59
665,447,54,58
665,446,54,58
665,445,54,58
665,444,54,59
665,444,53,58
665,443,53,58
665,442,53,58
665,442,52,58
665,441,52,58
665,440,52,58
665,440,52,58
664,439,52,58
664,438,52,58
664,438,52,57
664,437,51,58
663,436,52,58
663,436,52,57
663,435,52,57
663,435,51,57
662,434,52,57
662,433,52,57
662,433,51,57
662,432,51,57
662,431,51,57
661,431,52,56
661,430,51,57
661,430,51,56
661,429,51,56
660,428,52,56
660,428,51,56
660,427,51,56
660,426,51,56
660,426,50,56
659,425,51,56
659,425,51,55
659,424,51,55
659,423,50,56
658,423,51,55
658,422,51,55
658,421,51,55
658,421,50,55
658,420,50,55
657,420,51,54
657,419,50,55
657,418,50,55
657,418,50,54
656,417,51,54
656,416,50,55
656,416,50,54
656,415,50,54
656,415,50,54
656,414,50,54
656,414,50,54
656,414,50,54
656,414,50,53
656,414,50,53
656,414,50,53
656,414,50,53
656,413,50,53
656,413,50,53
656,413,50,53
656,413,50,52
657,413,49,52
657,413,49,52
657,413,49,52
657,412,49,52
657,412,49,52
657,412,49,52
657,412,49,51
657,412,49,51
657,412,49,51
657,412,49,51
657,411,49,51
657,411,49,51
658,411,48,51
658,411,48,50
658,411,48,50
658,411,48,50
658,411,48,50
658,410,48,50
658,410,48,50
658,410,48,50
658,410,48,49
658,410,48,49
658,410,48,49
659,410,48,49
659,410,48,49
659,410,48,49
659,410,48,49
659,410,48,49
660,410,48,50
660,411,48,49
660,411,48,49
660,411,48,49
661,411,48,50
661,411,48,50
661,412,48,49
661,412,48,49
662,412,48,50
662,412,48,50
662,412,48,50
662,413,48,49
663,413,48,50
663,413,48,50
663,413,48,50
663,413,48,50
664,414,48,50
663,414,48,50
663,414,48,50
663,415,48,50
663,415,48,50
663,415,48,50
663,416,48,50
663,416,48,50
663,416,48,50
663,417,48,50
663,417,48,50
663,417,48,50
662,418,48,50
662,418,48,50
662,418,48,50
662,419,48,50
662,419,48,50
662,420,48,50
662,420,48,50
662,420,48,50
662,421,48,50
662,421,48,50
662,421,48,50
661,422,48,50
661,422,48,50
661,422,48,50
661,423,48,50
661,423,48,50
661,423,48,50
661,424,48,50
661,424,48,50
661,425,48,50
661,425,48,50
661,425,48,50
660,426,48,50
660,426,48,50
660,426,48,50
660,427,48,50
660,427,48,50
660,427,48,50
660,428,48,50
660,428,48,50
660,428,48,50
660,429,48,50
660,429,48,50
660,430,48,50
659,430,48,50
659,431,48,50
659,431,48,50
659,432,48,50
659,432,48,50
659,433,48,50
658,434,48,49
658,434,48,50
658,435,48,49
658,435,48,50
658,436,48,49
658,436,48,50
658,437,48,49
657,438,48,49
657,438,48,49
657,439,48,49
657,439,48,49
657,440,48,49
657,440,48,49
657,441,48,49
656,442,48,49
656,442,48,49
656,443,48,49
656,443,48,49
656,444,48,49
656,444,48,49
655,445,48,49
655,446,48,48
655,446,48,49
655,447,48,48
655,447,48,49
655,448,48,48
655,448,48,49
654,449,48,48
654,450,48,48
654,450,48,48
654,451,48,48
654,451,48,48
654,452,48,48
654,453,48,48
653,453,48,49
653,454,48,50
653,455,48,51
652,456,49,50
652,457,49,50
652,458,49,50
651,459,50,50
651,460,50,50
651,461,50,50
650,462,51,50
650,463,51,50
650,464,52,50
649,464,51,52
649,465,50,53
649,465,49,55
649,466,48,56
648,466,48,56
648,467,48,56
648,467,48,56
648,468,48,56
647,469,49,56
647,469,49,56
647,470,49,56
647,470,49,56
646,471,50,56
646,472,50,56
646,472,50,56
646,473,50,56
645,473,51,57
645,474,51,56
645,475,51,56
645,475,51,56
644,476,52,56
644,476,52,57
644,477,52,56
644,478,52,56
643,478,53,57
643,479,53,56
643,479,53,57
643,480,53,56
642,481,54,56
642,481,54,57
642,482,54,56
642,482,54,57
641,483,55,57
641,484,55,56
641,484,55,57
641,485,55,56
640,485,56,57
640,486,56,57
640,487,56,56
640,487,56,57
639,488,57,57
639,488,57,57
639,489,57,57
639,490,57,56
638,490,58,57
638,491,58,57
638,491,58,57
638,492,58,57
638,493,58,57
638,493,58,57
638,493,58,57
638,493,58,57
637,493,58,57
637,493,58,57
637,493,58,57
637,493,58,58
637,493,58,58
637,494,58,57
637,494,58,57
636,494,59,58
636,494,59,58
636,494,59,58
636,494,59,58
636,495,59,58
636,495,59,58
636,495,59,58
635,495,59,58
635,495,59,59
635,495,59,59
635,496,59,58
635,496,59,58
635,496,59,59
635,496,59,59
634,496,60,59
634,496,60,60
634,497,60,59
634,497,60,59
634,497,60,59
634,497,60,60
634,497,60,60
633,497,60,60
633,498,60,59
633,498,60,60
633,498,60,60
633,498,60,60
633,498,60,60
633,498,60,61
632,499,61,60
632,499,61,60
632,499,61,60
632,499,61,61
632,499,61,61
632,499,61,61
632,500,61,61
631,500,61,61
631,500,61,62
631,500,61,62
631,501,61,62
631,501,61,62
631,501,61,63
631,501,61,63
631,502,61,63
631,502,61,63
631,502,61,64
631,502,61,65
631,503,61,64
631,503,61,65
631,503,61,65
630,503,61,66
630,504,61,65
630,504,61,66
630,504,61,66
630,504,61,67
630,505,61,66
630,505,61,67
630,505,61,68
630,506,61,67
630,506,61,68
630,506,61,68
630,506,61,69
630,507,61,68
630,507,61,69
629,507,61,69
629,507,61,70
629,508,61,69
629,508,61,70
629,508,61,71
629,508,61,71
629,509,61,71
629,509,61,71
629,509,61,72
629,509,61,72
629,510,61,72
629,510,61,72
629,510,61,73
629,511,61,73
628,511,61,73
628,511,61,74
628,512,61,73
628,512,61,74
628,513,61,74
628,513,61,74
628,514,61,74
627,514,61,74
627,515,61,74
627,515,61,75
627,516,61,74
627,516,61,75
627,517,61,74
627,517,61,75
627,518,61,75
627,519,61,74
627,520,61,73
627,521,61,73
627,522,61,72
627,523,61,72
627,525,62,70
627,526,62,69
627,527,62,69
627,528,62,68
627,529,62,68
627,530,62,67
627,532,63,66
627,533,63,67
627,534,63,68
627,535,63,69
627,536,63,70
627,537,63,71
627,538,63,72
627,539,63,73
627,541,63,73
627,542,63,74
627,543,63,75
627,544,63,76
627,545,63,77
627,546,63,78
627,547,63,79
627,548,63,80
628,550,62,81
627,551,63,81
627,552,63,82
627,553,63,82
627,554,63,83
627,555,63,83
627,556,64,84
627,557,64,84
627,558,64,85
627,559,64,85
627,560,64,86
626,561,66,86
626,562,66,87
626,563,66,87
626,564,66,88
626,565,66,88
626,566,67,89
626,567,67,89
626,568,67,90
626,569,67,90
626,570,67,91
626,572,68,91
625,573,68,91
625,574,68,91
625,575,68,92
624,577,69,91
624,578,69,91
624,579,69,92
624,580,69,92
623,582,70,92
623,583,70,92
623,584,70,92
623,585,70,93
622,587,71,92
622,588,71,93
622,589,71,93
622,590,71,93
621,592,72,93
621,593,72,93
621,594,72,94
621,595,72,94
620,597,73,93
620,598,73,94
620,599,73,94
620,601,73,94
619,600,73,94
619,599,73,95
618,599,74,95
618,598,74,96
618,598,74,95
617,597,75,96
617,596,74,97
617,596,74,97
616,595,75,98
616,595,75,97
615,594,76,98
615,594,76,98
615,593,75,99
614,592,76,100
614,592,76,99
614,591,76,100
613,591,77,100
613,590,77,101
613,590,77,101
614,587,77,99
616,584,77,97
618,582,77,95
618,578,76,95
618,575,76,95
618,572,76,95
618,569,76,95
618,566,76,94
618,563,76,94
618,560,76,94
618,556,76,95
618,553,76,95
618,550,76,94
618,547,76,94
618,544,76,94
618,541,76,94
618,538,76,93
618,535,76,93
618,531,76,94
618,528,76,94
618,525,76,94
618,522,75,93
618,519,75,93
618,516,75,93
618,513,75,93
618,510,75,92
618,506,75,93
618,503,75,93
618,500,75,93
618,497,75,93
618,494,75,92
618,491,75,92
618,488,75,92
618,484,75,93
618,481,75,92
618,478,75,92
618,475,75,92
618,472,75,92
618,469,75,92
618,466,74,91
618,463,74,91
618,459,74,92
618,456,74,92
618,453,74,91
618,450,74,91
618,447,74,91
618,444,74,91
618,441,74,91
618,438,74,90
618,434,74,91
618,431,74,91
618,428,74,91
618,425,74,90
618,422,74,90
618,419,74,90
618,416,74,90
618,413,74,90
618,410,74,89
618,407,74,89
618,405,74,88
618,402,74,88
618,399,74,87
618,397,74,86
618,394,74,86
618,391,74,86
618,389,75,84
618,386,75,84
618,383,75,84
618,381,75,83
618,378,75,82
618,375,75,82
618,373,75,81
618,370,75,81
619,368,75,80
619,365,75,80
619,362,75,81
619,360,75,80
620,357,75,81
620,355,75,80
620,352,75,81
620,349,75,81
621,347,75,81
621,344,75,81
621,342,75,81
621,339,75,81
622,337,75,81
622,334,75,82
622,331,75,82
622,329,75,82
623,326,75,82
623,324,75,82
623,321,75,82
623,318,75,83
624,316,75,82
624,313,75,83
624,311,75,82
624,308,75,83
625,306,75,83
625,303,74,83
625,301,74,83
625,299,74,83
625,297,74,83
625,294,74,84
625,292,74,84
625,290,74,84
626,288,73,84
626,285,73,84
626,283,73,84
626,281,73,84
627,279,73,84
627,277,73,84
627,275,73,85
627,273,74,86
627,272,74,85
628,270,73,86
628,268,74,87
628,266,74,87
628,265,74,87
629,263,74,88
629,261,74,88
629,260,75,88
629,258,75,89
629,256,75,89
630,254,75,90
630,253,75,90
630,251,75,90
630,249,76,91
631,247,75,92
631,246,75,91
631,244,76,92
631,242,76,93
632,241,76,93
632,241,76,93
632,241,77,93
633,242,76,93
633,242,77,93
633,242,77,93
634,243,77,93
634,243,77,93
635,244,77,93
635,244,77,93
635,244,77,93
635,244,77,93
636,244,76,94
636,244,76,94
636,244,76,94
636,245,76,94
637,245,76,94
637,245,76,94
637,245,76,95
637,245,76,95
638,245,75,95
638,246,75,95
638,246,75,95
638,246,75,95
639,246,75,96
639,246,75,96
639,246,75,96
639,247,75,96
640,247,74,96
640,247,74,96
640,247,74,97
640,247,74,97
641,247,74,97
641,248,74,97
641,248,74,97
641,248,74,97
642,248,73,98
642,248,73,98
642,248,73,98
643,249,73,98
642,249,73,98
642,249,73,98
641,249,74,98
641,250,74,97
640,250,75,97
640,250,75,97
640,251,75,96
639,251,75,96
639,251,75,96
638,251,76,96
638,252,76,95
637,252,77,95
637,252,77,95
637,253,77,94
636,253,77,94
636,253,77,94
635,253,78,94
635,254,78,93
634,254,79,93
634,254,79,93
634,255,79,93
633,254,79,95
633,254,78,96
632,253,78,98
632,253,78,99
632,252,77,101
631,252,77,102
631,251,76,104
631,251,76,106
631,250,76,104
631,250,76,102
631,250,76,100
631,249,76,99
631,249,76,97
631,249,76,95
631,249,76,93
630,248,76,94
630,248,75,94
630,248,75,94
630,248,74,94
629,247,75,96
629,247,74,96
629,247,74,96
629,247,73,96
628,246,74,98
628,246,73,98
628,246,73,98
628,246,72,98
628,246,72,99
627,245,72,98
627,244,72,98
627,243,72,98
627,243,72,96
627,242,72,96
627,241,72,96
627,241,72,95
625,238,74,94
624,235,75,94
622,232,77,93
621,229,78,93
620,225,78,93
620,221,78,93
620,218,78,93
619,210,78,94
619,203,77,94
618,196,78,94
618,189,77,94
617,181,78,96
617,174,77,96
616,167,78,96
616,160,77,96
615,152,78,98
615,145,77,98
614,138,78,98
614,131,77,98
614,124,77,99
613,116,78,98
613,109,78,96
613,102,78,94
613,95,78,92
613,88,78,91
613,84,78,91
613,80,78,91
614,77,77,91
613,75,77,92
613,74,77,92
613,73,76,92
612,72,77,93
612,71,76,93
612,70,76,93
611,69,76,94
611,68,76,94
611,66,75,95
611,65,75,95
610,64,75,96
610,63,75,96
610,62,74,96
609,61,75,97
609,60,74,97
609,59,74,97
609,58,74,98
608,58,74,97
608,58,74,96
608,58,73,96
608,59,73,94
607,59,73,94
607,59,73,93
607,59,72,93
607,60,72,91
607,60,71,91
606,60,72,90
606,61,71,88
606,61,71,88
606,61,70,87
605,61,71,87
605,62,70,85
605,62,70,85
605,62,69,84
605,63,69,83
604,63,69,83
604,63,68,83
604,64,68,82
603,64,68,82
603,64,68,82
603,65,67,81
603,65,67,81
602,65,67,82
602,66,67,81
602,66,66,81
602,66,66,81
601,67,66,80
601,67,66,80
601,67,65,80
601,68,65,79
600,68,65,80
600,68,65,80
600,69,64,79
600,69,64,79
599,69,64,79
599,70,64,78
599,70,63,78
599,71,63,78
599,72,63,77
599,73,63,76
599,74,63,75
599,75,63,74
599,76,63,73
599,77,63,72
599,78,63,72
599,79,63,71
599,80,63,70
599,81,63,69
599,82,63,68
599,83,63,67
600,85,62,66
599,86,62,66
599,87,62,66
598,88,62,66
598,89,62,66
598,90,61,66
597,91,62,66
597,92,62,66
596,94,62,65
596,95,62,65
596,96,61,66
595,97,62,66
595,98,61,66
594,99,62,66
594,100,62,66
594,101,61,66
593,103,62,65
593,104,61,65
592,105,62,65
592,106,61,65
592,107,61,66
591,108,62,66
591,109,61,66
590,110,62,66
590,112,61,65
590,113,61,65
589,114,61,65
589,115,61,65
588,116,62,65
588,117,61,65
588,118,61,66
587,119,61,66
587,121,61,65
586,122,61,65
586,123,61,65
586,124,61,65
585,125,61,65
585,126,61,65
584,127,61,65
584,128,61,65
584,130,61,65
584,131,61,64
584,132,61,64
584,133,61,64
584,134,61,64
584,135,61,64
584,137,61,63
585,138,61,63
585,139,61,63
585,140,61,63
585,141,61,63
585,142,61,63
585,144,61,62
585,145,61,62
586,146,61,62
586,147,61,62
586,148,61,62
586,150,61,61
586,151,61,61
586,152,61,61
586,153,61,61
587,154,61,61
587,155,61,61
587,157,61,60
587,158,61,60
587,159,61,60
587,160,61,60
587,161,61,60
588,163,61,59
589,164,60,59
590,166,60,59
591,167,60,60
592,169,60,60
593,171,60,60
594,172,60,61
595,174,60,61
596,176,60,60
597,177,60,61
598,179,60,61
599,181,60,61
600,182,60,62
601,184,60,62
603,186,59,62
603,187,59,62
604,188,58,62
604,189,58,62
604,191,58,61
605,192,58,61
605,194,58,61
606,196,58,60
606,197,58,60
606,199,59,60
607,200,58,60
607,202,58,59
608,204,58,59
608,205,58,59
608,207,59,58
609,208,58,59
609,210,59,58
610,212,58,57
610,213,58,58
610,215,59,57
611,217,58,56
611,218,59,57
612,220,58,56
612,221,59,56
613,223,58,56
613,225,58,55
613,226,59,55
614,228,58,54
614,229,59,55
615,231,58,54
615,233,59,53
615,234,59,54
616,236,58,53
616,238,59,52
617,239,58,53
617,241,59,52
617,242,59,52
618,244,59,52
618,246,59,51
619,247,58,51
619,249,59,51
619,250,59,51
620,252,59,50
620,254,59,50
621,255,59,50
621,257,59,49
622,259,59,49
622,260,58,49
622,261,58,49
622,262,58,49
622,264,58,48
622,265,58,49
622,266,58,49
622,267,58,49
622,269,58,48
622,270,58,48
622,271,58,49
622,272,58,49
622,274,58,48
622,275,58,48
622,276,58,48
622,277,58,49
622,279,58,48
622,280,57,48
622,281,57,48
622,282,57,48
622,284,57,48
622,285,57,48
622,286,57,48
622,287,57,48
622,289,57,48
622,290,57,48
622,291,57,48
622,292,57,48
622,294,57,47
622,295,57,48
622,296,57,48
622,297,57,48
622,299,57,47
622,300,56,47
622,301,56,48
622,302,56,48
622,304,56,47
622,305,56,47
622,306,56,47
622,307,56,48
622,309,56,47
622,310,56,47
622,311,56,47
622,312,56,47
622,314,56,47
622,315,56,47
622,316,56,47
622,317,56,47
622,319,56,47
622,318,56,47
622,318,56,47
622,318,56,47
622,318,56,47
623,317,55,47
623,317,55,47
623,317,56,47
623,317,56,47
624,317,55,46
624,316,55,47
624,316,55,47
624,316,55,47
625,316,55,46
625,316,55,46
625,315,55,47
625,315,55,47
625,315,55,47
626,315,54,46
626,315,55,46
626,314,55,47
626,314,55,47
627,314,54,46
627,314,54,46
627,313,54,47
627,313,55,47
628,313,54,46
628,313,54,46
628,313,54,46
628,312,54,47
628,312,54,47
629,312,54,46
629,312,54,46
629,312,54,46
629,311,54,47
630,311,53,46
630,311,53,46
630,311,54,46
630,311,54,46
631,310,53,46
631,310,53,46
631,310,53,46
631,310,53,46
632,310,53,46
631,309,53,46
631,309,53,46
631,309,53,45
631,308,53,46
631,308,52,46
630,308,53,45
630,307,53,46
630,307,53,45
630,307,52,45
630,306,52,46
629,306,53,45
629,306,53,45
629,305,52,46
629,305,52,45
629,305,52,45
628,304,53,45
628,304,52,45
628,304,52,45
628,303,52,45
628,303,52,45
628,303,52,45
628,302,52,45
628,302,53,45
629,302,53,45
629,302,53,45
629,302,54,44
630,301,54,45
630,301,54,45
630,301,55,45
631,301,55,44
631,301,55,44
631,300,56,45
632,300,56,45
632,300,56,44
632,300,57,44
633,300,57,44
633,299,57,45
633,299,58,44
634,299,58,44
634,299,58,44
634,299,59,44
635,299,59,44
635,299,59,44
636,299,59,44
636,299,59,44
637,299,59,44
638,299,58,44
638,299,59,44
639,299,58,44
639,299,59,44
640,299,58,44
641,299,58,44
641,299,59,44
642,299,58,44
642,299,59,44
643,299,58,44
644,299,58,44
644,299,58,44
645,299,58,44
645,299,58,44
646,299,58,44
647,299,57,44
647,299,58,44
648,299,58,44
648,299,58,44
649,299,58,44
650,299,57,44
650,299,58,44
651,299,57,44
651,299,58,44
652,299,57,44
653,299,57,44
653,299,57,44
654,299,57,44
655,299,57,44
655,298,57,44
655,298,57,44
655,298,57,44
655,298,57,44
655,298,57,44
655,298,57,44
655,298,57,44
655,298,57,44
655,298,57,44
655,298,57,44
656,298,56,44
656,298,56,44
656,298,56,44
656,298,56,44
656,298,56,44
656,298,56,44
656,298,56,44
656,298,56,44
656,297,56,45
656,297,56,45
656,297,56,45
657,297,55,45
657,297,55,45
657,297,55,45
657,297,55,45
657,297,55,45
657,297,55,45
657,297,55,44
657,297,55,44
657,297,55,44
657,297,55,44
657,297,55,44
658,297,54,44
658,297,54,44
658,297,54,44
658,297,54,44
658,296,54,45
658,296,54,45
658,296,54,45
658,296,54,45
658,296,54,45
658,296,54,45
658,296,54,45
659,296,53,45
659,296,53,45
659,296,53,45
659,296,53,45
659,296,53,45
659,296,53,45
659,296,53,45
659,296,53,45
659,296,53,45
659,296,53,45
659,296,53,45
660,296,52,45
660,295,52,45
660,295,52,45
660,295,52,45
660,295,52,45
660,295,52,45
660,295,52,45
660,295,52,45
660,295,52,45
660,295,52,45
660,295,52,45
660,295,52,45
660,294,52,45
660,294,52,45
660,294,52,45
660,294,52,45
660,294,52,45
660,294,52,45
660,294,52,45
660,294,52,45
660,294,52,45
660,294,52,45
660,294,52,45
660,293,52,45
660,293,52,45
660,293,52,45
660,293,52,45
660,293,52,45
660,293,52,45
660,293,52,45
660,293,52,45
660,293,52,45
660,293,52,45
660,293,52,45
660,293,52,45
660,293,52,45
660,293,52,45
660,293,52,45
660,293,52,45
660,293,52,45
660,293,52,45
660,293,52,45
660,293,52,45
660,293,52,45
660,293,52,45
660,293,52,45
660,293,52,45
660,293,52,46
660,293,52,46
660,293,52,46
660,293,52,46
660,293,52,46
660,293,52,46
660,293,52,46
660,293,52,46
659,292,52,46
659,292,52,46
659,292,52,46
659,292,52,46
659,292,52,46
658,292,52,46
658,292,52,46
658,292,52,46
658,292,52,46
658,292,52,46
657,292,52,46
657,292,52,46
657,292,52,46
657,292,52,46
657,292,52,46
656,292,52,46
656,292,52,46
656,292,52,46
656,292,52,46
656,292,52,46
655,292,52,46
655,292,52,46
655,292,52,46
655,292,52,46
655,292,52,46
654,292,52,46
654,292,52,46
654,292,52,46
654,292,52,46
654,292,52,46
653,292,52,46
653,292,52,46
653,292,52,46
653,292,52,46
653,292,52,46
653,292,52,46
652,291,52,46
652,291,52,46
652,291,52,46
652,291,51,46
651,291,52,46
651,291,52,46
651,291,52,46
651,291,51,46
650,290,52,46
650,290,52,46
650,290,51,46
650,290,51,46
649,290,52,46
649,290,52,46
649,290,51,46
649,290,51,46
648,290,52,45
648,289,51,46
648,289,51,46
648,289,51,46
647,289,52,46
647,289,51,46
647,289,51,46
647,289,51,46
646,289,51,45
646,289,51,45
646,288,51,46
646,288,51,46
645,288,51,46
645,288,51,46
645,288,51,46
645,288,50,46
644,288,51,45
644,288,51,45
644,288,51,45
644,287,50,46
643,287,51,46
643,287,51,46
643,287,50,46
643,287,50,46
642,287,51,45
642,287,51,45
642,287,50,45
642,287,50,45
641,286,51,46
641,286,50,46
641,286,50,46
641,286,50,46
641,286,50,46
640,286,50,45
640,286,50,45
640,286,50,45
640,286,49,45
639,285,50,46
639,285,50,46
639,285,50,46
639,285,49,46
638,285,50,45
638,285,50,45
638,285,49,45
638,285,49,45
637,285,50,45
637,284,50,46
637,284,49,46
637,284,49,46
636,284,50,45
636,284,49,45
636,284,49,45
636,284,49,45
635,284,50,45
635,284,49,45
635,283,49,46
635,283,49,46
634,283,49,45
634,283,49,45
634,283,49,45
634,283,49,45
633,283,49,45
633,283,49,45
633,283,49,45
633,282,48,46
632,282,49,45
632,282,49,45
632,282,49,45
632,282,48,45
631,282,49,45
631,282,49,45
631,282,48,45
631,282,48,45
630,281,49,45
630,281,49,45
630,281,48,45
630,281,48,45
629,281,49,45
629,281,48,45
629,281,48,45
629,281,48,45
629,281,48,45
628,281,48,45
628,281,48,45
628,281,48,45
628,281,47,45
627,281,48,45
627,281,48,45
627,281,48,45
627,281,47,45
626,281,48,45
626,281,48,45
626,281,48,45
626,281,47,45
625,281,48,45
625,281,48,45
625,281,48,45
625,281,47,45
624,281,48,45
624,282,48,44
624,282,47,44
624,282,47,44
623,282,48,44
623,282,48,44
623,282,47,44
623,282,47,44
622,282,48,44
622,282,48,44
622,282,47,45
622,282,47,45
621,282,48,45
621,282,48,45
621,282,47,45
621,282,47,45
620,282,48,45
620,282,48,45
620,282,47,45
620,283,47,44
619,283,48,44
619,283,47,44
619,283,47,44
619,283,47,44
618,283,48,44
618,283,47,44
618,283,47,44
618,283,47,44
617,283,48,44
617,283,47,44
617,283,47,44
617,283,47,44
616,283,48,44
616,283,47,44
616,283,47,44
616,283,47,44
616,284,47,44
615,284,47,44
614,284,48,44
614,284,47,44
613,284,48,44
613,284,47,44
612,284,48,44
612,285,47,44
611,285,48,44
611,285,47,44
610,285,48,44
610,285,47,44
609,285,48,44
609,286,47,44
608,286,48,44
607,286,48,44
607,286,48,44
606,286,48,44
606,286,48,44
605,287,48,44
605,287,48,44
604,287,48,44
604,287,48,44
603,287,48,44
603,287,48,44
602,287,48,44
602,288,48,44
601,288,48,44
600,288,49,44
600,288,48,44
599,288,49,44
599,288,48,44
598,289,49,44
598,289,48,44
597,289,49,44
597,289,48,44
596,289,49,44
596,289,48,44
595,290,49,44
595,290,48,44
594,290,49,44
594,290,48,44
593,290,49,44
592,290,49,44
592,291,49,44
591,291,49,44
591,291,49,44
590,291,49,44
590,291,49,44
589,291,49,44
589,291,49,44
588,292,49,44
588,292,49,44
587,292,49,44
587,292,49,44
586,292,49,44
585,292,50,44
585,293,49,44
584,293,50,44
584,293,49,44
583,293,50,44
583,293,49,44
582,293,50,44
582,294,49,44
581,294,50,44
581,294,49,44
580,294,50,44
580,294,49,44
579,294,50,44
579,295,50,44
578,294,50,45
578,294,50,45
578,294,50,45
578,294,49,45
577,294,50,45
577,294,50,45
577,294,49,45
577,294,49,45
576,294,50,45
576,294,49,45
576,294,49,45
576,294,49,45
575,294,49,45
575,294,49,45
575,294,49,45
575,294,48,45
574,294,49,45
574,294,49,45
574,294,48,45
574,294,48,45
573,294,49,45
573,294,48,45
573,294,48,45
573,294,48,45
573,294,48,46
572,294,48,46
572,294,48,46
572,294,48,46
572,294,47,46
572,294,47,46
571,294,48,46
571,294,48,46
571,295,47,45
571,295,47,45
571,295,47,45
570,295,48,45
570,295,47,45
570,295,47,45
570,295,47,45
570,296,47,45
570,295,47,46
570,295,47,46
570,295,47,46
570,295,47,46
570,295,47,46
570,295,47,46
570,295,47,46
570,295,47,46
570,295,47,46
570,295,47,46
570,295,47,46
570,295,47,46
570,295,48,46
570,294,48,47
570,294,48,47
570,294,48,47
570,294,48,47
570,294,48,47
570,294,48,47
570,294,48,47
570,294,48,47
570,294,48,47
570,294,48,47
570,294,48,47
570,294,48,47
570,294,49,47
570,293,49,47
571,293,49,47
572,293,48,46
572,292,49,47
573,292,48,46
574,292,48,46
575,291,47,46
575,291,48,46
576,291,47,45
577,290,47,46
578,290,46,45
578,290,47,45
579,290,47,44
580,289,46,45
580,289,47,44
581,289,46,44
582,288,46,44
583,288,45,44
583,288,46,43
584,287,45,44
585,287,45,43
586,287,44,43
586,286,45,43
587,286,44,43
588,286,44,42
589,286,44,42
589,285,44,42
589,284,45,43
590,284,45,43
590,283,45,43
591,283,45,43
591,282,46,44
592,282,46,44
592,281,46,44
593,281,46,44
593,280,47,45
594,280,47,45
594,279,47,45
594,278,47,45
594,278,47,44
594,277,47,44
594,276,47,44
595,276,46,43
590,275,46,43
586,275,46,43
582,275,45,42
578,275,45,42
574,275,44,41
570,275,44,41
566,275,43,40
562,275,43,40
558,275,43,40
557,274,43,40
556,274,43,39
555,274,43,39
555,274,42,38
554,273,42,39
553,273,42,38
552,273,42,37
552,273,41,37
551,272,41,37
550,272,41,37
549,272,41,36
549,272,41,36
550,271,41,38
551,270,41,40
552,270,42,42
552,269,42,42
552,269,42,42
552,268,42,42
552,268,42,42
552,267,42,42
553,267,42,42
553,267,42,41
553,266,42,42
553,266,42,41
553,265,42,42
553,265,42,42
554,264,42,42
554,264,42,42
554,264,42,41
554,263,42,42
554,263,42,41
554,262,42,42
555,262,42,41
555,261,42,42
555,261,42,41
555,261,42,41
555,260,42,42
555,260,42,41
556,259,42,42
556,259,42,41
556,258,42,42
556,258,42,41
556,258,42,41
556,257,42,41
557,257,42,41
557,256,42,41
557,256,42,41
557,255,42,42
557,255,42,41
557,255,42,41
558,254,42,41
558,254,42,41
558,253,42,41
558,253,42,41
558,252,42,41
558,252,42,41
559,252,42,41
