882,569,29,78
882,569,29,78
882,569,29,78
883,570,29,78
883,570,29,78
884,571,29,78
884,571,29,78
885,572,29,78
885,572,29,78
886,573,29,78
885,573,29,78
885,574,29,78
885,574,29,78
884,575,29,78
884,576,29,78
884,576,29,78
884,577,29,78
883,578,29,78
883,578,29,78
883,579,29,78
883,580,29,78
881,580,29,78
879,580,29,78
877,580,29,78
875,580,29,78
873,580,29,78
871,580,29,78
870,581,29,78
869,581,29,78
868,582,29,78
868,583,29,78
867,584,29,78
866,584,29,78
866,585,29,78
865,586,29,78
865,587,29,78
865,587,29,78
866,588,29,78
866,589,29,78
867,589,29,78
867,590,29,78
868,591,29,78
868,591,29,78
869,592,29,78
869,593,29,78
870,593,29,78
870,594,29,78
871,595,29,78
871,596,29,78
872,597,29,78
873,598,29,78
873,599,29,78
874,600,29,78
875,601,29,78
875,602,31,79
875,603,33,80
875,604,35,81
876,606,36,81
879,606,34,80
882,606,32,79
885,606,30,78
888,607,29,76
888,607,29,76
888,608,29,76
888,609,29,76
888,610,29,76
889,610,29,76
889,611,29,76
889,612,29,76
889,613,29,76
890,614,29,76
891,614,29,76
893,615,29,76
894,616,29,76
896,617,29,76
897,618,29,76
899,619,29,76
899,620,29,76
899,622,29,76
900,623,29,76
900,625,29,76
901,627,29,76
901,629,30,76
901,632,32,75
902,634,33,76
902,637,35,75
902,639,37,75
903,642,38,75
902,643,38,75
902,645,38,75
902,647,38,75
902,648,38,75
902,650,38,75
902,652,38,75
901,653,38,75
900,655,38,75
900,656,38,75
899,658,38,75
898,660,38,75
898,661,38,75
897,663,38,75
897,665,38,75
897,665,38,75
897,665,38,75
897,665,38,75
897,665,38,75
897,665,38,75
897,665,38,75
897,665,38,75
897,665,38,75
897,665,38,75
897,665,38,75
897,665,38,75
896,665,38,77
895,666,38,78
894,666,38,80
894,667,37,81
896,663,37,79
898,659,37,78
890,664,37,77
890,664,37,77
