1308,664,127,196
1308,664,127,196
1308,664,127,196
1308,664,127,196
1308,664,127,196
1308,664,127,196
1308,664,127,196
1308,664,127,196
1308,664,127,196
1308,664,127,196
1308,664,127,196
1308,664,127,196
1308,664,127,196
1308,664,127,196
1308,664,127,196
1308,658,117,196
1308,658,117,196
1306,657,111,186
1306,657,111,186
1306,657,111,186
1306,657,111,186
1308,649,115,200
1308,649,115,200
1308,649,115,200
1308,649,115,200
1308,649,115,200
1308,649,115,200
1308,649,115,200
1308,649,115,200
1308,649,115,200
1308,649,115,200
1308,649,115,200
1304,641,119,208
1304,641,119,208
1304,641,119,208
1304,641,119,208
1304,641,119,208
1304,641,119,208
1304,641,119,208
1304,647,117,202
1304,647,117,202
1304,647,117,202
1304,647,117,202
1304,647,117,202
1304,647,117,202
1304,647,117,202
1304,647,117,202
1304,647,117,202
1304,647,117,202
1296,637,119,195
1296,637,119,195
1296,637,119,195
1296,637,119,195
1296,637,119,195
1296,637,119,195
1296,637,119,195
1296,637,119,195
1296,637,119,195
1296,637,119,195
1296,632,117,192
1296,632,117,192
1296,632,117,192
1296,632,117,192
1296,632,117,192
1296,632,117,192
1296,632,117,192
1296,632,117,192
1296,632,117,192
1296,632,117,192
1296,632,117,192
1296,632,117,192
1296,632,117,192
1296,632,117,192
1296,632,117,192
1296,632,117,192
1296,632,117,192
1296,632,117,192
1296,632,117,192
1296,632,117,192
1286,632,115,184
1286,632,115,184
1286,632,115,184
1286,632,115,184
1286,632,115,184
1286,632,115,184
1286,632,115,184
1286,632,115,184
1286,632,115,184
1286,632,115,184
1286,632,115,184
1286,632,115,184
1286,632,115,184
1286,632,115,184
1286,632,115,184
1286,632,115,184
1286,632,115,184
1276,629,117,174
1276,629,117,174
1276,629,117,174
1276,629,117,174
1276,629,117,174
1276,629,117,174
1276,629,117,174
1276,629,117,174
1276,629,117,174
1276,629,117,174
1276,629,117,174
1276,629,117,174
1276,629,117,174
1276,629,117,174
1276,629,117,174
1276,629,117,174
1269,623,113,171
1269,623,113,171
1269,623,113,171
1269,623,113,171
1269,623,113,171
1269,623,113,171
1269,623,113,171
1269,623,113,171
1269,623,113,171
1269,623,113,171
1269,623,113,171
1269,623,113,171
1269,623,113,171
1269,623,113,171
1269,623,113,171
1269,623,113,171
1269,623,113,171
1269,623,113,171
1259,622,110,162
1259,622,110,162
1259,622,110,162
1259,622,110,162
1259,622,110,162
1259,622,110,162
1259,622,110,162
1259,622,110,162
1259,622,110,162
1259,622,110,162
1262,610,101,166
1262,610,101,166
1262,610,101,166
1262,610,101,166
1262,610,101,166
1262,610,101,166
1262,610,101,166
1262,610,101,166
1262,610,101,166
1262,610,101,166
1262,610,101,166
1262,610,101,166
1262,610,101,166
1262,610,101,166
1262,610,101,166
1262,610,101,166
1262,610,101,166
1262,610,101,166
1262,610,101,166
1262,610,101,166
1262,610,101,166
1262,610,101,166
1256,608,101,166
1256,608,101,166
1256,608,101,166
1256,608,101,166
1256,608,101,166
1256,608,101,166
1254,610,101,166
1254,610,101,166
1254,610,101,166
1254,610,101,166
1254,610,101,166
1254,610,101,166
1254,610,101,166
1254,610,101,166
1254,610,101,166
1244,605,99,154
1244,605,99,154
1244,605,99,154
1244,605,99,154
1244,605,99,154
1244,605,99,154
1244,605,99,154
1244,605,99,154
1244,605,99,154
1244,605,99,154
1244,605,99,154
1244,605,99,154
1244,605,99,154
1244,605,99,154
1244,605,99,154
1244,605,99,154
1244,605,99,154
1244,605,99,154
1244,605,99,154
1244,605,99,154
1244,605,99,154
1244,605,99,154
1239,600,90,156
1239,600,90,156
1239,600,90,156
1239,600,90,156
1239,600,90,156
1239,600,90,156
1239,600,90,156
1239,600,90,156
1239,600,90,156
1239,600,90,156
1239,600,90,156
1239,600,90,156
1239,600,90,156
1239,600,90,156
1239,600,90,156
1239,600,90,156
1239,600,90,156
1239,600,90,156
1239,600,90,156
1239,600,90,156
1239,600,90,156
1239,600,90,156
1239,600,90,156
1246,600,96,148
1267,594,88,150
1274,592,88,152
1289,596,92,150
1297,590,92,158
1297,590,92,158
1297,590,92,158
1303,594,92,154
1303,594,92,154
1303,594,92,154
1303,594,92,154
1303,594,92,154
1303,594,92,154
1303,594,92,154
1303,594,92,154
1303,594,92,154
1303,594,92,154
1303,594,92,154
1303,594,92,154
1303,594,92,154
1303,594,92,154
1303,594,92,154
1303,594,92,154
1303,594,92,154
1303,594,92,154
1303,594,92,154
1303,594,92,154
1303,594,92,154
1303,594,92,154
1303,594,92,154
1303,594,92,154
1303,594,92,154
1303,594,92,154
1303,594,92,154
1303,594,92,154
1295,591,86,146
1295,591,86,146
1295,591,86,146
1295,591,86,146
1295,591,86,146
1295,591,86,146
1295,591,86,146
1295,591,86,146
1295,591,86,146
1295,591,86,146
1295,591,86,146
1295,591,86,146
1295,591,86,146
1295,591,86,146
1295,591,86,146
1295,591,86,146
1295,591,86,146
1295,591,86,146
1295,591,86,146
1295,591,86,146
1295,591,86,146
1295,591,86,146
1295,591,86,146
1295,591,86,146
1295,591,86,146
1295,591,86,146
1295,591,86,146
1295,591,86,146
1295,591,86,146
1295,591,86,146
1295,591,86,146
1295,591,86,146
1295,591,86,146
1295,591,86,146
1295,591,86,146
1295,591,86,146
1295,591,86,146
1295,591,86,146
1295,591,86,146
1295,591,86,146
1295,591,86,146
1285,579,86,140
1285,579,86,140
1285,579,86,140
1285,579,86,140
1285,579,86,140
1285,579,86,140
1285,579,86,140
1285,579,86,140
1285,579,86,140
1285,579,86,140
1285,579,86,140
1285,579,86,140
1285,579,86,140
1285,579,86,140
1285,579,86,140
1285,579,86,140
1285,579,86,140
1285,579,86,140
1285,579,86,140
1285,579,86,140
1285,579,86,140
1285,579,86,140
1283,571,86,125
1283,571,86,125
1283,571,86,125
1283,571,86,125
1283,571,86,125
1283,571,86,125
1283,571,86,125
1283,571,86,125
1283,571,86,125
1283,571,86,125
1283,571,86,125
1283,571,86,125
1283,571,86,125
1283,571,86,125
1283,571,86,125
1283,571,86,125
1283,571,86,125
1283,571,86,125
1283,571,86,125
1283,571,86,125
1283,571,86,125
1283,571,86,125
1283,571,86,125
1283,571,86,125
1283,571,86,125
1283,571,86,125
1284,567,86,125
1284,567,86,125
1284,567,86,125
1284,567,86,125
1284,567,86,125
1284,567,86,125
1284,567,86,125
1284,567,86,125
1284,567,86,125
1284,567,86,125
1284,567,86,125
1284,567,86,125
1284,567,86,125
1284,567,86,125
1284,567,86,125
1284,567,86,125
1284,567,86,125
1284,567,86,125
1284,567,86,125
1293,558,68,125
1293,558,68,125
1293,558,68,125
1293,558,68,125
1293,558,68,125
1293,558,68,125
1293,558,68,125
1293,558,68,125
1293,558,68,125
1293,558,68,125
1293,558,68,125
1293,558,68,125
1293,558,68,125
1293,558,68,125
1293,558,68,125
1293,558,68,125
1287,567,78,113
1287,567,78,113
1287,567,78,113
1287,567,78,113
1287,567,78,113
1287,567,78,113
1287,567,78,113
1287,567,78,113
1289,552,86,126
1289,552,86,126
1301,552,78,124
1309,554,74,122
1323,554,74,120
1323,554,74,120
1323,554,74,120
1323,554,74,120
1323,554,74,120
1323,554,74,120
1323,554,74,120
1323,554,74,120
1323,554,74,120
1323,554,74,120
1323,554,74,120
1323,554,74,120
1323,554,74,120
1323,554,74,120
1323,554,74,120
1323,554,74,120
1323,554,74,120
1323,554,74,120
1323,554,74,120
1323,554,74,120
1323,554,74,120
1323,554,74,120
1323,554,74,120
1323,554,74,120
1323,554,74,120
1323,554,74,120
1323,554,74,120
1323,554,74,120
1323,545,72,115
1323,545,72,115
1323,545,72,115
1323,545,72,115
1323,545,72,115
1323,545,72,115
1323,545,72,115
1323,545,72,115
1323,545,72,115
1323,545,72,115
1323,545,72,115
1323,545,72,115
1323,545,72,115
1323,545,72,115
1323,545,72,115
1323,545,72,115
1323,545,72,115
1323,545,72,115
1322,539,68,108
1322,539,68,108
1322,539,68,108
1322,539,68,108
1322,539,68,108
1322,539,68,108
1322,539,68,108
1322,539,68,108
1322,539,68,108
1322,539,68,108
1322,539,68,108
1322,539,68,108
