721,808,131,98
714,809,131,98
705,810,126,98
705,810,126,98
689,817,125,92
689,817,125,92
685,815,120,94
685,815,120,94
661,818,129,88
661,818,129,88
647,825,137,82
647,825,137,82
631,823,136,90
631,823,136,90
612,832,136,88
612,832,136,88
602,833,137,92
602,833,137,92
592,841,134,84
592,841,134,84
576,836,138,90
576,836,138,90
552,841,145,88
552,841,145,88
550,841,140,96
537,841,143,92
534,850,147,90
527,845,152,96
531,845,142,98
531,845,142,98
526,852,139,94
522,848,139,100
500,853,146,96
500,853,146,96
501,855,149,98
505,856,142,98
499,860,144,96
487,860,152,98
491,862,145,98
487,863,145,98
477,867,151,96
475,867,150,98
479,869,140,98
463,871,151,98
465,872,144,100
435,876,169,98
435,876,169,98
421,881,173,98
416,883,174,98
412,886,174,98
407,888,175,98
403,891,175,98
408,891,176,98
414,891,176,98
420,892,176,98
425,892,178,98
431,893,152,98
431,891,178,98
443,894,171,98
469,893,171,98
495,892,163,98
522,891,153,98
548,890,155,98
575,889,163,98
601,888,153,98
627,887,165,98
654,886,159,98
680,885,165,98
707,884,169,98
733,883,175,98
733,883,175,98
733,883,175,98
804,882,179,98
826,882,179,98
848,882,179,98
870,882,179,98
892,882,179,98
914,882,179,98
936,883,179,98
923,884,179,98
911,886,179,98
898,887,179,98
886,889,179,98
874,891,179,98
861,892,179,98
848,894,179,98
835,895,179,99
822,897,179,99
809,898,179,100
796,900,179,100
793,901,171,101
782,903,167,101
769,904,167,102
762,906,161,102
747,907,163,103
746,909,151,103
727,910,157,104
724,912,147,104
701,914,157,104
689,912,167,106
689,912,167,106
689,912,167,106
689,912,167,106
689,912,167,106
689,912,167,106
689,912,167,106
689,912,167,106
689,912,167,106
689,912,167,106
689,912,167,106
689,912,167,106
744,915,179,104
761,914,179,104
778,914,179,104
796,912,179,104
815,911,179,104
834,910,179,104
852,908,179,104
871,907,179,104
890,906,179,104
907,905,179,104
925,905,179,104
943,904,179,104
960,904,179,104
978,903,179,104
996,903,179,104
1013,903,179,104
1031,903,179,104
1049,903,179,104
1067,904,179,104
1085,904,179,104
1103,904,179,104
1121,905,179,104
1130,904,179,104
1140,903,179,104
1164,902,165,104
1159,901,179,104
1191,900,157,104
1201,896,135,104
1201,896,135,104
1211,898,125,104
1211,898,125,104
1211,898,125,104
1211,898,125,104
1211,898,125,104
1211,898,125,104
1211,898,125,104
1211,898,125,104
1197,895,124,91
1197,895,124,91
1197,895,124,91
1197,895,124,91
1197,895,124,91
1197,895,124,91
1197,895,124,91
1197,895,124,91
1204,887,118,102
1206,890,112,88
1221,890,128,92
1237,888,119,96
1249,884,126,100
1270,884,112,100
1292,884,123,100
1314,886,118,98
1336,882,109,102
1357,888,109,96
1379,882,108,102
1401,882,127,102
1423,886,126,98
1444,886,128,98
1466,880,113,104
1488,880,134,104
1510,880,130,104
1524,880,128,104
1559,886,115,96
1570,882,122,102
1570,882,122,102
1570,882,122,102
1593,887,97,93
1593,887,97,93
1584,875,115,101
1584,875,115,101
1584,875,115,101
1558,869,108,99
1558,869,108,99
1558,869,108,99
1544,869,103,89
1544,869,103,89
1529,853,111,92
1529,853,111,92
1529,853,111,92
1517,847,93,98
1517,847,93,98
1517,847,93,98
1502,847,87,90
1502,847,87,90
1502,847,87,90
1479,837,93,94
1479,837,93,94
1479,837,93,94
1460,837,94,88
1460,837,94,88
1460,837,94,88
1445,826,87,88
1445,826,87,88
1435,817,94,96
1435,817,94,96
1424,811,98,104
1424,811,98,104
1424,811,98,104
1413,798,85,102
1413,798,85,102
1413,798,85,102
1397,799,99,104
1397,799,99,104
1392,795,97,104
1392,795,97,104
1392,795,97,104
1392,795,97,104
1392,795,97,104
1392,795,97,104
1392,795,97,104
1392,795,97,104
1380,771,86,108
1380,771,86,108
1364,773,94,104
1364,773,94,104
1364,773,94,104
1364,773,94,104
1364,773,94,104
1364,773,94,104
1364,773,94,104
1364,773,94,104
1344,755,86,104
1344,755,86,104
1344,755,86,104
1344,755,86,104
1344,755,86,104
1344,755,86,104
1344,755,86,104
1344,755,86,104
1344,755,86,104
1344,755,86,104
1344,755,86,104
1344,755,86,104
1344,755,86,104
1319,745,99,104
1319,745,99,104
1319,745,99,104
1319,745,99,104
1319,745,99,104
1319,745,99,104
1308,744,86,103
1308,744,86,103
1308,744,86,103
1308,744,86,103
1308,744,86,103
1308,744,86,103
1296,743,97,102
1296,743,97,102
1296,743,97,102
1296,743,97,102
1296,743,97,102
1296,743,97,102
1296,743,97,102
1296,743,97,102
1296,743,97,102
1296,743,97,102
1277,739,90,104
1277,739,90,104
1277,739,90,104
1277,739,90,104
1277,739,90,104
1277,739,90,104
1277,739,90,104
1277,739,90,104
1277,739,90,104
1277,739,90,104
1277,739,90,104
1277,739,90,104
1277,739,90,104
1277,739,90,104
1277,739,90,104
1277,739,90,104
1256,750,78,102
1256,750,78,102
1256,750,78,102
1258,739,74,104
1258,739,74,104
1258,739,74,104
1251,733,81,68
1251,733,81,68
1251,733,81,68
1251,733,81,68
1256,727,70,64
1256,727,70,64
1256,727,70,64
1256,727,70,64
1256,727,70,64
1256,727,70,64
1256,727,70,64
1256,727,70,64
1249,710,59,75
1249,710,59,75
1249,710,59,75
1249,710,59,75
1249,710,59,75
1249,710,59,75
1236,702,68,71
1236,700,68,71
1235,698,68,71
1235,697,68,71
1234,693,68,71
1233,689,68,72
1232,685,68,72
1232,682,68,72
1231,681,68,72
1230,680,68,72
1229,679,68,72
1229,679,68,72
1227,676,68,72
1226,674,68,72
1224,672,68,71
1223,670,68,71
1222,668,68,71
1221,665,68,71
1220,662,68,71
1219,659,68,71
1218,656,68,71
1218,653,68,71
1217,651,68,71
1217,650,68,71
1217,648,68,71
1217,647,68,71
1216,645,68,71
1215,643,68,71
1214,641,68,71
1213,639,68,71
1213,637,68,71
1212,634,68,71
1211,631,68,71
1210,628,68,71
1210,626,68,71
1209,625,67,70
1208,624,66,69
1207,623,65,68
1206,622,64,67
1206,622,62,65
1205,619,62,65
1204,617,62,65
1203,615,62,65
1203,613,62,65
1205,611,62,65
1207,610,62,65
1210,608,62,65
1212,607,62,65
1214,605,62,65
1217,604,62,65
1217,600,62,65
1217,597,62,65
1217,594,62,65
1216,591,62,65
1215,589,62,65
1214,587,62,65
1214,585,62,65
1213,583,62,65
1212,581,62,65
1212,579,62,65
1211,578,62,65
1211,576,62,65
1210,574,62,65
1210,573,62,65
1210,571,62,65
1210,569,62,65
1210,568,62,65
1210,566,62,65
1210,565,62,65
1231,564,62,65
1252,563,62,65
1274,563,62,65
1295,562,62,65
1316,562,62,65
1338,561,62,65
1347,560,62,66
1370,558,62,65
1370,558,62,65
1423,559,62,65
1444,558,62,66
1466,557,62,66
1499,555,62,66
1518,560,62,66
1518,560,62,66
1538,554,62,66
1546,552,62,66
1555,551,62,65
1555,549,62,65
1555,547,62,65
1556,546,62,65
1558,550,64,57
1558,550,64,57
1558,550,64,57
1558,550,64,57
1558,550,64,57
1558,550,64,57
1558,550,64,57
1558,550,64,57
1558,550,64,57
1553,537,58,59
1553,537,58,59
1553,537,58,59
1553,537,58,59
1553,529,55,58
1553,529,53,55
1554,529,50,53
1552,527,50,53
1551,526,50,53
1550,525,50,53
1549,524,50,53
1560,520,50,53
1560,520,50,53
1560,520,50,53
1560,520,50,53
1563,517,50,53
1563,517,50,53
1563,517,50,53
1563,517,50,53
1563,517,50,53
1563,517,50,53
1563,517,50,53
1563,517,50,53
1563,517,50,53
1563,517,50,53
1563,517,50,53
1563,517,50,53
1501,502,50,53
1472,500,50,53
1443,498,50,53
1414,496,50,53
1385,494,50,53
1357,492,50,53
1355,491,50,53
1354,490,50,53
1353,489,50,53
1352,488,50,53
1351,487,50,53
1350,486,50,53
1349,485,50,53
1348,484,50,53
1347,483,50,53
1346,482,50,53
1345,481,50,53
1344,480,50,53
1343,479,50,53
1342,478,50,53
1341,477,50,53
1340,476,50,53
1339,476,50,53
1338,475,50,53
1337,474,50,53
1336,473,50,53
1335,473,50,53
1333,472,50,53
1332,472,50,53
1331,471,50,53
1330,471,50,53
1329,471,50,53
1328,470,50,53
1327,470,50,53
1326,470,50,53
1325,470,50,53
1325,470,50,53
1324,470,50,53
1324,470,50,53
1324,470,50,53
1323,470,50,53
1323,470,50,53
1323,470,50,53
1322,469,50,52
1321,469,50,51
1320,469,50,50
1319,469,50,49
1318,469,50,48
1317,469,50,47
1316,469,50,46
1316,469,49,45
1315,468,49,45
1315,468,48,45
1315,467,47,45
1315,467,46,45
1314,467,46,44
1314,466,45,45
1314,466,44,44
1314,466,44,44
1313,466,44,44
1313,466,44,44
1313,466,44,44
1313,466,44,44
1312,466,44,44
1312,466,44,44
1312,466,44,44
1312,466,44,44
1311,466,44,44
1311,466,44,44
1310,466,44,44
1310,466,44,44
1309,466,44,44
1309,466,44,44
1308,466,44,44
1308,466,44,45
1307,465,44,45
1307,465,44,45
1306,464,44,45
1306,464,44,45
1306,464,44,45
1305,463,44,45
1305,463,44,45
1305,463,44,45
1304,463,44,45
1304,463,44,45
1304,463,44,45
1304,463,44,45
1304,463,44,45
1304,463,44,45
1304,463,44,45
1304,463,44,45
1304,463,44,45
1304,463,44,45
1304,463,44,45
1304,463,44,45
1304,463,44,45
1304,463,44,45
1304,463,44,45
1303,463,44,45
1303,463,44,45
1303,463,44,45
1303,463,44,45
1303,463,44,45
1303,463,44,45
1303,463,44,45
1303,463,44,45
1303,463,44,45
1303,463,44,45
1303,463,44,45
1303,463,44,45
1303,463,44,45
1303,463,44,45
1303,463,44,45
1303,463,44,45
1302,463,44,45
1302,463,44,45
1302,463,44,45
1302,463,44,45
1302,463,44,45
1302,463,44,45
1302,463,44,45
1301,463,44,45
1301,463,44,45
1301,463,44,45
1301,463,44,45
1301,463,44,45
1301,463,44,45
1301,463,44,45
1301,463,44,45
1300,463,44,45
1300,463,44,45
1300,463,44,45
1300,463,44,45
1300,463,44,45
1300,463,44,45
1300,463,44,45
1299,463,44,45
1299,463,44,45
1299,463,44,45
1299,463,44,45
1299,463,44,45
1299,463,44,45
1299,463,44,45
1299,463,44,45
1298,463,44,45
1298,463,44,45
1298,463,44,45
1298,463,44,45
1298,463,44,45
1298,463,44,45
1298,463,44,45
1298,464,44,44
1297,464,44,44
1297,464,44,44
1297,464,44,44
1297,464,43,44
1297,465,43,43
1297,465,43,43
1297,465,43,43
1297,465,42,43
1297,465,42,43
1297,466,42,42
1297,466,42,42
1297,466,41,42
1297,466,41,42
1297,466,41,42
1297,467,41,41
1297,467,40,40
1297,467,40,40
1297,467,40,40
1297,467,40,40
1297,467,40,40
1297,467,40,40
1297,467,40,40
1297,467,40,40
1297,467,40,40
1297,467,39,40
1297,467,39,40
1297,467,39,40
1297,467,39,40
1297,467,39,40
1297,467,39,40
1297,467,39,40
1297,467,39,40
1297,467,39,40
1297,467,39,40
1297,467,38,39
1297,467,38,39
1297,467,38,39
1297,467,38,39
1297,467,38,39
1297,467,38,39
1297,467,38,39
1297,467,38,39
1297,467,38,39
1297,467,37,39
1297,467,37,39
1297,467,37,39
1297,467,37,39
1297,467,37,39
1297,467,37,39
1297,467,37,39
1297,467,37,39
1297,467,37,39
1297,467,37,39
1297,467,36,38
1297,467,36,38
1297,467,36,38
1297,467,36,38
1297,467,36,38
1297,467,36,38
1297,467,36,38
1297,467,36,38
1297,467,36,38
1297,467,35,38
1297,467,35,38
1297,467,35,38
1297,467,35,38
1297,467,35,38
1297,467,35,38
1297,467,35,38
1297,467,35,38
1297,467,35,38
1297,467,35,38
1296,466,35,38
1296,466,35,38
1296,465,35,38
1296,465,35,38
1296,465,35,38
1296,464,35,38
1296,464,35,38
1296,463,35,38
1296,463,35,38
1296,463,35,38
1296,462,35,38
1295,462,35,38
1295,461,35,38
1295,461,35,38
1295,461,35,38
1295,460,35,38
1295,460,35,38
1295,459,35,38
1295,459,35,38
1295,459,35,38
1295,458,35,38
1295,458,35,38
1295,458,35,38
1294,457,35,38
1294,456,35,38
1294,456,35,38
1294,455,35,38
1294,454,35,38
1294,454,35,38
1294,453,35,38
1293,452,35,38
1293,452,35,38
1293,451,35,38
1293,450,35,38
1293,450,35,38
1293,449,35,38
1293,448,35,38
1293,448,35,38
1293,447,35,38
1293,447,35,38
1293,447,35,38
1293,446,35,38
1293,446,35,38
1293,446,35,38
1293,445,35,38
1293,445,35,38
1293,445,35,38
1293,444,35,38
1293,443,35,38
1293,442,35,38
1293,441,35,38
1293,441,35,38
1290,440,35,38
1287,440,35,38
1285,440,35,38
1282,440,35,38
1279,440,35,38
1277,440,35,38
1274,440,35,38
1272,440,35,38
1272,439,35,38
1272,438,35,38
1272,438,35,38
1272,437,35,38
1272,437,35,38
1272,436,35,38
1272,436,35,38
1272,435,35,38
1272,435,35,38
1272,434,35,38
1272,434,35,38
1272,433,35,38
1272,433,35,38
1271,432,35,38
1271,432,35,38
1271,431,35,38
1271,431,35,38
1271,431,35,38
1270,430,35,38
1270,430,35,38
1270,430,35,38
1270,429,35,38
1270,429,35,38
1269,428,35,38
1269,428,35,38
1269,428,35,38
1269,427,35,38
1269,427,35,38
1269,427,35,38
1268,427,35,38
1268,428,35,38
1268,428,35,38
1268,429,35,38
1268,429,35,38
1268,430,35,38
1268,430,35,38
1267,431,35,38
1267,431,35,38
1267,432,35,38
1267,432,35,38
1267,433,35,38
1267,433,35,38
1267,434,35,38
1267,434,35,38
1266,435,35,38
1266,435,35,38
1266,436,35,38
1266,436,35,38
1266,437,35,38
1266,437,35,38
1266,438,35,38
1266,439,35,38
1265,439,35,38
1265,439,35,38
1265,440,35,38
1265,440,35,38
1265,440,35,38
1265,441,35,38
1264,441,35,38
1264,441,35,38
1264,442,35,38
1264,442,35,38
1264,442,35,38
1264,443,35,38
1264,443,35,38
1263,443,35,38
1263,444,35,38
1263,444,35,38
1263,444,35,38
1263,445,35,38
1263,445,35,38
1263,446,35,38
1262,446,35,38
1262,446,35,38
1262,447,35,38
1261,447,35,38
1261,448,35,38
1261,448,35,38
1260,448,35,38
1260,449,35,38
1260,449,35,38
1259,450,35,38
1259,450,35,38
1259,451,35,38
1258,451,35,38
1258,451,35,38
1258,452,35,38
1257,452,35,38
1257,453,35,38
1257,453,35,38
1257,454,35,38
1256,454,35,38
1256,454,35,38
1256,454,35,38
1255,454,35,38
1255,454,35,38
1255,454,35,38
1255,454,35,38
1254,454,35,38
1254,454,35,38
1254,454,35,38
1253,454,35,38
1253,454,35,38
1253,454,35,38
1253,454,35,38
1252,454,35,38
1252,454,35,38
1252,454,35,38
1251,454,35,38
1251,454,35,38
1251,454,35,38
1251,455,35,38
1250,455,35,38
1250,455,35,38
1249,455,35,38
1249,455,35,38
1249,455,35,38
1248,455,35,38
1248,456,35,38
1247,456,35,38
1247,456,35,38
1247,456,35,38
1246,456,35,38
1246,456,35,38
1246,456,35,38
1245,457,35,38
1245,457,35,38
1244,457,35,38
1244,457,35,38
1244,457,35,38
1243,457,35,38
1243,457,35,38
1243,458,35,38
1243,458,35,38
1244,459,35,38
1244,459,35,38
1245,460,35,38
1245,460,35,38
1245,460,35,38
1245,460,35,38
1245,461,35,38
1246,461,35,38
1248,461,35,38
1249,462,35,38
1251,462,35,38
1253,463,35,38
1258,463,35,38
1264,463,35,38
1272,463,35,38
1280,463,35,38
1288,463,35,38
1297,464,35,38
1305,464,35,38
1313,464,35,38
1322,465,35,38
1332,466,35,38
1342,467,35,38
1352,468,35,38
1361,468,35,38
1370,470,35,38
1372,471,35,38
1375,472,35,38
1378,473,35,38
1377,473,35,38
1377,473,35,38
1377,473,35,38
1376,473,35,38
1376,473,35,38
1376,473,35,38
1375,473,35,38
1375,473,35,38
1375,474,35,38
1372,474,35,38
1370,475,35,38
1368,476,35,38
1366,477,35,38
1364,478,35,38
1360,477,35,38
1356,477,35,38
1353,476,35,38
1349,476,35,38
1346,476,35,38
1345,476,35,38
1344,476,35,38
1344,476,35,38
1344,476,35,39
1344,477,35,38
1344,477,35,39
1343,477,36,39
1343,478,36,38
1343,478,36,39
1343,478,36,39
1343,479,36,39
1342,479,37,39
1342,479,37,40
1342,480,37,39
1342,480,36,39
1342,480,36,40
1341,480,37,40
1341,481,37,40
1341,481,37,40
1341,481,37,41
1341,482,37,40
1340,482,38,40
1340,482,38,41
1340,483,38,40
1340,483,38,41
1340,483,38,41
1340,484,38,41
1339,484,38,41
1339,484,38,41
1338,484,38,41
1338,484,38,41
1338,485,38,41
1337,485,38,41
1337,485,38,41
1337,485,38,41
1336,486,38,41
1336,486,38,41
1336,486,38,41
1335,486,38,41
1335,487,38,41
1335,487,38,41
1334,487,38,41
1334,487,38,41
1334,487,38,41
1333,488,38,41
1333,488,38,41
1333,488,38,41
1332,488,38,41
1332,489,38,41
1332,489,38,41
1331,489,38,41
1331,489,38,41
1331,490,38,41
1331,490,38,41
1331,490,38,41
1331,490,38,41
1331,491,38,41
1331,491,38,41
1331,491,38,41
1331,491,38,42
1331,492,38,41
1331,492,38,41
1331,492,38,42
1331,492,38,42
1331,493,38,41
1331,493,38,41
1331,493,38,42
1331,493,38,42
1331,494,38,41
1331,494,38,42
1331,494,38,42
1331,494,38,42
1331,495,38,42
1331,495,38,42
1331,495,38,42
1332,496,38,42
1332,496,38,42
1332,496,38,42
1332,496,38,42
1332,496,38,42
1332,496,38,42
1333,496,38,42
1333,496,38,42
1333,497,38,42
1333,497,38,42
1333,497,38,42
1333,497,38,42
1334,497,38,42
1334,497,38,42
1334,497,38,42
1334,497,38,42
1334,498,38,42
1334,498,38,42
1335,498,38,42
1335,498,38,42
1335,498,38,42
1335,498,38,42
1335,498,38,42
1336,499,38,42
1336,499,38,42
1336,499,38,42
1336,500,38,41
1337,500,38,42
1337,500,38,42
1337,501,38,41
1337,501,38,42
1338,501,38,42
1338,502,38,41
1338,502,38,42
1339,503,38,41
1339,503,38,41
1339,503,38,42
1339,504,38,41
1340,504,38,41
1340,504,38,42
1340,505,38,41
1340,505,38,41
1341,505,38,42
1341,506,38,41
1341,506,38,41
1342,507,38,41
1342,507,38,41
1342,507,38,41
1342,507,38,41
1343,507,38,41
1343,507,38,41
1343,507,38,41
1343,507,38,41
1344,507,38,41
1344,507,38,41
1344,507,38,41
1345,507,38,41
1345,507,38,41
1345,507,38,41
1345,507,38,41
1346,507,38,41
1346,507,38,41
1346,507,38,41
1346,507,38,41
1347,507,38,41
1347,507,38,41
1347,507,38,41
1348,507,38,41
1348,507,38,41
1348,507,38,41
1349,507,38,41
1349,507,38,41
1349,508,38,41
1350,508,38,41
1350,508,38,41
1350,508,38,41
1351,509,38,41
1351,509,38,41
1351,509,38,41
1352,509,38,41
1352,509,38,41
1352,510,38,41
1353,510,38,41
1353,510,38,41
1353,510,38,41
1354,511,38,41
1354,511,38,41
1354,511,38,41
1354,512,38,41
1354,512,38,41
1354,512,38,41
1354,513,38,41
1355,513,38,41
1355,513,38,41
1355,514,38,41
1355,514,38,41
1355,514,38,41
1355,515,38,41
1355,515,38,41
1356,515,38,41
1356,516,38,41
1356,516,38,41
1356,516,38,41
1356,517,38,41
1356,517,38,41
1356,517,38,41
1357,518,38,41
1357,518,38,41
1357,518,38,41
1357,519,38,41
1357,519,38,41
1358,519,38,41
1358,520,38,41
1358,520,38,41
1358,520,38,41
1359,521,38,41
1359,521,38,41
1359,522,38,41
1359,522,38,41
1359,522,38,41
1360,523,38,41
1360,523,38,41
1360,523,38,41
1360,524,38,41
1361,524,38,41
1361,524,38,41
1361,525,38,41
1361,525,38,41
1362,526,38,41
1362,526,38,41
1362,526,38,41
1363,526,38,41
1363,527,38,41
1363,527,38,41
1364,527,38,41
1364,527,38,41
1364,528,38,41
1365,528,38,41
1365,528,38,41
1365,528,38,41
1366,529,38,41
1366,529,38,41
1366,529,38,41
1367,530,38,41
1367,530,38,41
1367,530,38,41
1368,530,38,41
1368,531,38,41
1368,531,38,41
1369,531,38,41
1369,531,38,41
1369,532,38,41
1370,532,38,41
1370,532,38,41
1371,533,38,41
1371,533,38,41
1371,533,38,42
1371,534,39,41
1371,534,39,42
1372,535,38,42
1372,535,39,42
1372,536,39,42
1372,536,40,42
1372,537,40,42
1373,537,39,43
1373,537,40,43
1373,538,40,43
1373,538,40,44
1373,539,41,43
1374,539,40,44
1374,540,41,43
1374,540,41,44
1374,541,41,44
1374,541,42,44
1375,541,41,45
1375,542,41,45
1375,542,42,45
1375,543,42,45
1375,543,43,45
1376,544,42,45
1376,544,42,46
1376,545,43,45
1376,545,43,46
1377,546,43,46
1377,546,43,46
1377,547,43,46
1378,547,43,46
1378,548,43,46
1378,548,43,46
1379,549,43,46
1379,549,43,46
1380,550,43,46
1380,551,43,46
1380,551,43,46
1381,552,43,46
1381,552,43,46
1381,553,43,46
1382,553,43,46
1382,554,43,46
1383,555,43,46
1383,555,43,46
1383,556,43,46
1383,556,44,47
1384,557,43,46
1384,558,43,46
1384,558,44,47
1385,559,43,46
1385,560,44,46
1385,560,44,47
1386,561,43,46
1386,561,44,47
1386,562,44,47
1387,563,43,46
1387,563,44,47
1387,564,44,47
1388,565,44,47
1388,565,44,47
1388,566,44,47
1388,567,44,47
1389,567,44,47
1389,568,44,47
1389,569,44,47
1390,569,44,47
1390,570,44,47
1390,571,44,47
1391,572,44,47
1391,572,44,48
1391,573,45,48
1391,574,46,48
1391,575,47,48
1392,575,47,49
1392,576,48,49
1392,577,49,49
1392,578,49,49
1392,579,50,49
1393,579,50,50
1393,580,51,50
1393,581,52,50
1393,582,53,50
1394,583,53,51
1394,583,53,51
1394,583,53,51
1394,584,53,51
1394,584,53,51
1394,585,53,51
1394,585,53,51
1395,586,53,51
1395,586,53,51
1395,587,53,51
1395,588,53,51
1395,589,53,51
1395,590,53,50
1395,591,53,50
1395,592,53,50
1395,593,53,50
1395,594,53,50
1395,595,53,50
1395,596,53,50
1395,597,53,50
1395,598,53,50
1395,599,53,50
1395,599,53,50
1395,600,53,50
1396,601,53,50
1396,602,53,50
1397,603,53,50
1397,604,53,50
1398,605,53,50
1398,605,53,50
1398,606,53,50
1398,607,53,50
1399,608,53,50
1399,609,53,50
1399,609,53,50
1399,610,53,50
1400,611,53,50
1400,612,53,50
1400,613,53,50
1401,614,53,50
1401,614,53,50
1401,615,53,50
1402,616,53,50
1402,617,53,50
1403,617,53,50
1403,618,53,50
1404,619,53,50
1404,620,53,50
1404,621,53,50
1405,621,53,50
1405,622,53,50
1406,623,53,50
1406,624,53,50
1407,625,53,50
1406,625,54,51
1406,626,55,52
1405,626,57,53
1405,627,58,54
1405,628,59,54
1404,628,60,56
1404,629,61,56
1403,629,63,58
1403,630,64,58
1403,631,65,59
1403,631,65,59
1403,632,65,59
1404,633,65,59
1404,633,65,59
1405,634,65,59
1405,635,65,59
1405,636,65,59
1406,636,65,59
1406,637,65,59
1407,638,65,59
1407,639,65,59
1407,639,65,59
1408,640,65,59
1408,641,65,59
1409,642,65,59
1409,642,65,59
1409,643,65,59
1409,644,65,59
1409,645,65,59
1409,645,65,59
1410,646,65,59
1410,647,65,59
1410,648,65,59
1410,648,65,59
1410,649,65,59
1411,650,65,59
1411,651,65,59
1411,651,65,59
1411,652,65,59
1411,653,65,59
1412,654,65,59
1409,653,65,59
1406,653,65,59
1403,652,65,60
1400,652,65,60
1390,653,65,59
1386,654,65,59
1382,655,65,59
1378,656,65,59
1379,656,65,59
1380,656,65,59
1382,656,65,59
1381,657,65,59
1381,658,65,59
1381,659,65,59
1381,660,65,59
1381,661,65,59
1382,662,65,59
1383,663,65,59
1385,664,65,59
1385,664,65,59
1385,664,65,59
1385,664,65,59
1385,664,65,59
1385,664,65,59
1385,664,65,59
1385,664,65,59
1384,664,65,59
1384,665,65,59
1384,666,65,59
1383,667,65,59
1383,668,65,59
1383,669,65,59
1383,670,65,59
1382,671,65,59
1382,672,65,59
1382,673,65,59
1382,674,65,59
1382,674,65,59
1382,674,65,59
1382,674,65,59
1382,675,65,59
1382,676,65,59
1383,677,65,59
1383,678,65,59
1383,679,65,59
1384,680,65,59
1384,680,65,59
1385,680,65,59
1386,680,65,59
1387,681,65,59
1388,681,65,59
1388,681,65,59
1389,681,65,59
1390,682,65,59
1391,682,65,59
1392,682,65,59
1393,683,65,59
1393,684,65,59
1393,685,65,59
1393,685,65,59
1393,685,65,59
1393,686,65,59
1394,686,65,59
1394,687,65,59
1394,687,65,59
1395,688,65,59
1395,688,65,59
1395,689,65,59
1395,689,65,59
1395,690,65,59
1395,691,65,59
1395,691,65,59
1395,692,65,59
1395,692,65,59
1395,693,65,59
1395,694,65,59
1395,694,65,59
1396,694,65,59
1397,695,65,59
1397,695,65,59
1398,696,65,59
1399,696,65,59
1399,696,65,59
1400,697,65,59
1401,697,65,59
1401,698,65,59
1402,698,65,59
1403,699,65,59
1403,698,65,59
1403,698,65,59
1404,698,65,59
1404,698,65,59
1405,697,65,59
1405,697,65,59
1405,697,65,59
1406,697,65,59
1406,697,65,59
1407,696,65,59
1407,696,65,59
1408,696,65,59
1408,696,65,59
1408,696,65,59
1409,695,65,59
1409,695,65,59
1410,695,65,59
1410,695,65,59
1411,695,65,59
1411,694,65,59
1411,693,65,59
1412,692,65,59
1412,692,65,59
1413,691,65,59
1413,690,65,59
1414,690,65,59
1414,689,65,59
1415,688,65,59
1415,688,65,59
1416,687,65,59
1416,686,65,59
1417,686,65,59
1416,685,65,59
1415,684,65,59
1415,683,65,59
1414,682,65,59
1414,681,65,59
1413,680,65,59
1413,679,65,59
1412,678,65,59
1412,677,65,59
1411,676,65,59
1410,675,65,59
1410,674,65,59
1409,673,65,59
1409,672,65,59
1408,671,65,59
1408,670,65,59
1407,669,65,59
1407,669,65,59
1407,667,65,59
1407,666,65,59
1408,665,65,59
1408,664,65,59
1408,663,65,59
1409,661,65,59
1409,660,65,59
1409,659,65,59
1410,658,65,59
1410,657,65,59
1410,656,65,59
1411,654,65,59
1411,653,65,59
1411,652,65,59
1412,651,65,59
1412,650,65,59
1413,649,65,59
1413,647,65,59
1413,646,65,59
1413,645,65,59
1413,643,65,59
1414,642,65,59
1414,641,65,59
1414,640,65,59
1414,638,65,59
1414,637,65,59
1415,636,65,59
1415,634,65,59
1415,633,65,59
1415,632,65,59
1416,631,65,59
1416,629,65,59
1416,628,65,59
1416,626,65,59
1416,625,65,59
1416,623,65,59
1416,622,65,59
1416,620,65,59
1416,619,65,59
1416,617,65,59
1416,616,65,59
1416,614,65,59
1416,613,65,59
1416,611,65,59
1416,610,65,59
1415,608,65,59
1415,607,65,59
1414,605,65,59
1414,604,65,59
1413,602,65,59
1413,601,65,59
1412,599,65,59
1412,598,65,59
1412,597,65,59
1411,595,64,59
1410,593,64,60
1409,592,64,59
1409,590,63,60
1408,588,63,60
1407,587,63,60
1407,585,61,60
1406,584,61,60
1405,582,61,60
1405,580,60,61
1404,579,60,60
1403,577,60,61
1403,576,59,61
1401,574,59,61
1400,572,59,61
1399,570,59,62
1397,569,59,61
1396,567,59,62
1395,565,59,62
1393,564,59,61
1392,562,59,62
1391,560,59,62
1390,559,59,62
1388,558,59,62
1386,557,59,62
1384,556,59,62
1382,555,59,62
1380,554,59,62
1378,554,59,62
1376,553,59,62
1374,552,59,62
1372,551,59,62
1370,550,59,62
1368,549,59,62
1366,549,59,62
1364,548,59,62
1362,547,59,62
1360,546,59,62
1358,545,59,62
1356,544,59,62
1355,544,59,62
1352,543,59,62
1350,542,59,62
1348,541,59,62
1346,540,59,62
1344,539,59,62
1341,538,59,62
1339,537,59,62
1337,536,59,62
1335,535,59,62
1333,534,59,62
1330,533,59,62
1328,532,59,62
1326,531,59,62
1324,530,59,62
1322,529,59,62
1319,528,59,62
1316,528,59,62
1313,528,59,62
1310,528,59,62
1307,528,59,62
1304,528,59,62
1302,528,59,62
1299,528,59,62
1296,528,59,62
1293,528,59,62
1290,528,59,62
1287,528,59,62
1284,528,59,62
1282,528,59,62
1279,527,59,62
1277,526,59,62
1274,526,59,62
1272,525,59,62
1269,525,59,62
1267,524,59,62
1264,524,59,62
1262,523,59,62
1260,522,59,62
1257,522,59,62
1255,521,59,62
1252,521,59,62
1250,520,59,62
1247,520,59,62
1245,519,59,62
1243,519,59,62
1241,519,58,61
1239,519,58,61
1237,520,57,60
1235,520,57,60
1233,520,57,60
1231,521,56,58
1229,521,56,58
1227,521,55,58
1225,522,55,57
1223,522,55,57
1221,522,54,56
1219,523,54,55
1217,523,54,55
1215,523,53,55
1213,524,53,54
1211,524,52,53
1209,524,52,53
1207,525,52,52
1205,525,51,52
1203,525,51,52
1202,526,50,51
1200,526,50,51
1198,526,50,51
1197,526,50,51
1195,526,50,51
1193,526,50,51
1192,526,50,51
1190,526,50,51
1189,526,50,51
1187,526,50,51
1185,526,50,51
1184,526,50,51
1182,526,50,51
1181,527,50,50
1179,527,50,50
1178,527,50,50
1177,527,50,50
1176,527,50,50
1174,527,50,50
1173,528,50,50
1172,528,50,50
1171,528,50,50
1169,528,50,50
1168,528,50,50
1167,528,50,50
1166,529,50,50
1164,529,50,50
1163,529,50,50
1162,529,50,50
1161,529,50,50
1160,530,50,50
1159,530,50,50
1158,530,50,50
1157,530,50,50
1157,530,50,50
1156,530,50,50
1155,530,50,50
1155,530,50,50
1154,530,50,50
1153,530,50,50
1153,530,50,50
1152,530,50,50
1151,530,50,50
1151,530,50,50
1150,530,50,50
1149,530,50,50
1149,530,50,50
1148,530,50,50
1147,530,50,50
1147,530,50,50
1146,529,50,50
1146,529,50,50
1146,529,50,50
1146,529,50,50
1146,529,50,50
1145,528,50,50
1145,528,50,50
1145,528,50,50
1145,528,50,50
1145,528,50,50
1145,528,50,50
1144,527,50,50
1144,527,50,50
1144,527,50,50
1144,527,50,50
1144,527,50,50
1144,527,50,50
1144,526,50,50
1145,525,50,50
1146,525,50,50
1147,524,50,50
1147,524,50,50
1148,523,50,50
1149,523,50,50
1150,522,50,50
1151,522,50,50
1152,521,50,50
1153,520,50,50
1154,520,50,50
1156,519,50,50
1157,519,50,50
1158,518,50,50
1159,518,50,50
1161,517,50,50
1162,516,50,50
1163,516,50,50
1164,515,50,50
1166,515,50,50
1167,514,50,50
1168,514,50,50
1169,513,50,50
1171,513,50,50
1172,512,50,50
1173,511,50,50
1174,511,50,50
1175,510,50,50
1176,509,50,50
1177,509,50,50
1178,508,50,50
1179,507,50,50
1180,507,50,50
1181,506,50,50
1182,506,50,50
1183,505,50,50
1184,504,50,50
1185,504,50,50
1186,503,50,50
1187,502,50,50
1188,502,50,50
1189,501,50,50
1190,501,50,50
1191,501,50,50
1192,501,50,50
1193,501,50,50
1195,501,50,50
1196,501,50,50
1197,501,50,50
1198,501,50,50
1200,501,50,50
1201,501,50,50
1202,501,50,50
1203,501,50,50
1205,501,50,50
1206,501,50,50
1207,501,50,50
1208,501,50,50
1210,501,50,50
1211,501,50,50
1212,501,50,50
1213,501,50,50
1215,501,50,50
1216,501,50,50
1217,501,50,50
1218,501,50,50
1220,501,50,50
1220,501,50,50
1221,501,50,50
1222,501,50,50
1222,501,51,50
1223,501,51,50
1224,501,51,50
1225,501,51,50
1222,500,51,50
1219,500,51,50
1216,500,51,50
1213,500,51,50
1210,500,51,50
1208,500,50,50
1195,500,50,50
1182,500,50,50
1169,500,50,50
1157,500,50,50
1149,500,50,50
1141,500,50,50
1133,500,50,50
1135,500,50,50
1137,500,50,50
1139,500,50,50
1141,500,50,50
1141,500,50,50
1142,500,50,50
1143,500,50,50
1143,500,50,50
1144,501,50,50
1145,501,50,50
1145,501,50,50
1146,501,50,50
1147,502,50,50
1148,502,50,50
1148,502,50,50
1149,502,50,50
1150,503,50,50
1150,503,50,50
1151,503,50,50
1152,503,50,50
1153,504,50,50
1153,504,50,50
1154,504,50,50
1155,505,50,50
1156,505,50,50
1157,505,50,50
1158,506,50,50
1159,506,50,50
1160,507,50,50
1161,507,50,50
1162,507,50,50
1163,508,50,50
1164,508,50,50
1165,508,50,50
1166,509,50,50
1167,509,50,50
1168,510,50,50
1168,510,50,50
1169,510,50,50
1169,511,50,49
1170,512,49,48
1170,513,49,47
1171,514,48,46
1171,515,48,45
1172,516,47,44
1173,517,46,44
1173,517,47,44
1174,517,47,44
1175,518,47,44
1176,518,47,44
1177,519,47,44
1178,519,47,44
1179,519,47,44
1180,520,47,44
1181,520,47,44
1182,521,47,44
1183,521,47,44
1184,521,47,44
1185,522,47,44
1186,522,47,44
1187,523,47,44
1187,523,47,44
1188,523,47,44
1188,524,47,44
1189,524,47,44
1190,524,47,44
1190,525,47,44
1191,525,47,44
1192,526,47,44
1192,526,47,44
1193,526,47,44
1193,527,47,44
1194,527,47,44
1195,527,47,44
1195,528,47,44
1196,528,47,44
1197,529,47,44
1197,529,47,44
1198,529,47,44
1198,530,47,44
1199,530,47,44
1199,531,47,44
1200,531,47,44
1201,532,47,44
1201,532,47,44
1202,533,47,44
1202,533,47,44
1203,534,47,44
1203,534,47,44
1204,535,47,44
1205,535,47,44
1205,536,47,44
1206,536,47,44
1206,537,47,44
1207,537,47,44
1208,538,47,44
1208,538,47,44
1209,539,47,44
1210,539,47,44
1210,540,47,44
1211,540,47,44
1212,541,47,44
1213,541,47,44
1213,542,47,44
1214,542,47,44
1215,543,47,44
1215,543,47,44
1216,544,47,44
1217,544,47,44
1218,545,47,44
1218,545,47,44
1219,546,47,44
1220,546,47,44
1220,547,47,44
1221,547,47,44
1222,548,47,44
1223,549,47,44
1223,549,47,44
1224,549,47,45
1224,550,47,44
1225,550,47,45
1225,551,47,44
1226,551,47,45
1227,552,47,44
1227,552,47,45
1228,553,47,44
1228,553,47,45
1229,554,47,44
1230,554,47,45
1230,554,47,45
1231,555,47,45
1231,555,47,45
1232,556,47,45
1233,556,47,45
1233,557,47,45
1234,557,47,45
1234,558,47,45
1235,558,47,45
1236,559,47,45
1236,559,47,45
1236,559,47,45
1236,559,47,45
1236,559,47,45
1236,559,47,45
1237,560,47,44
1237,561,47,44
1238,562,47,44
1239,563,47,44
1240,564,47,44
1241,565,47,44
1242,566,47,44
1242,566,47,44
1243,567,47,44
1244,567,47,44
1245,568,47,44
1246,568,47,44
1246,569,47,44
1247,569,47,44
1248,570,47,44
1249,570,47,44
1250,571,47,44
1251,572,47,44
1251,572,47,44
1252,573,47,44
1252,573,47,44
1253,574,47,44
1253,574,47,44
1254,575,47,44
1254,575,47,44
1255,576,47,44
1256,576,47,44
1256,577,47,44
1257,577,47,44
1257,578,47,44
1258,578,47,44
1258,579,47,44
1259,579,47,44
1259,580,47,44
1260,580,47,44
1261,581,47,44
1261,581,47,44
1261,581,47,45
1261,582,48,45
1261,582,48,46
1261,583,49,46
1261,583,49,46
1261,584,50,46
1261,584,50,47
1262,585,50,47
1262,585,50,48
1262,586,51,48
1262,586,51,48
1262,587,52,48
1262,587,52,49
1262,588,53,49
1262,588,53,50
1263,589,53,50
1263,589,53,50
1264,589,53,50
1264,590,53,50
1265,590,53,50
1266,590,53,50
1266,591,53,50
1267,591,53,50
1267,592,53,50
1268,592,53,50
1269,592,53,50
1269,593,53,50
1270,593,53,50
1271,594,53,50
1271,594,53,50
1271,594,53,50
1271,594,53,50
1271,594,53,50
1272,594,53,50
1272,594,53,50
1272,594,53,50
1272,594,53,50
1272,594,53,50
1273,594,53,50
1273,594,53,50
1273,594,53,50
1273,594,53,50
1274,594,53,50
1274,594,53,50
1274,594,53,50
1274,594,53,50
1274,594,53,50
1275,594,53,50
1275,594,53,50
1275,594,53,50
1275,594,53,50
1276,594,53,50
1275,594,53,50
1275,594,53,50
1275,594,53,50
1275,594,53,50
1275,594,53,50
1274,594,53,50
1274,594,53,50
1274,594,53,50
1274,594,53,50
1274,594,53,50
1273,594,53,50
1273,594,53,50
1273,594,53,50
1273,594,53,50
1273,594,53,50
1272,594,53,50
1272,594,53,50
1272,594,53,50
1272,594,53,50
1272,594,53,50
1271,593,53,50
1270,593,53,50
1269,593,53,50
1268,593,53,50
1267,593,53,50
1267,593,53,50
1266,593,53,50
1265,593,53,50
1264,592,53,51
1263,592,53,51
1263,592,53,51
1262,592,53,51
1261,592,53,51
1260,592,53,51
1259,592,53,51
1259,592,53,51
1258,592,53,51
1257,592,53,51
1256,592,53,51
1255,592,53,51
1254,592,53,51
1253,592,53,51
1253,593,53,51
1252,593,53,51
1251,593,53,51
1250,593,53,51
1249,593,53,51
1248,593,53,51
1247,593,53,51
1247,594,53,51
1246,594,53,51
1245,594,53,51
1244,594,53,51
1243,594,53,51
1242,594,53,51
1242,595,53,51
1240,595,54,51
1239,595,54,52
1238,596,54,52
1237,596,54,53
1236,597,54,52
1235,597,54,53
1234,598,54,53
1233,598,54,54
1231,599,55,53
1230,599,55,54
1229,600,55,54
1228,600,55,55
1227,601,55,54
1226,601,55,55
1225,602,55,55
1224,602,55,56
1223,603,56,56
1222,603,56,56
1221,604,56,56
1220,604,56,56
1219,605,56,56
1218,606,56,56
1217,606,56,56
1216,607,56,56
1215,607,56,56
1214,608,56,56
1213,609,56,56
1212,609,56,56
1211,610,56,56
1210,610,56,56
1209,611,56,56
1209,612,56,56
1208,612,56,56
1208,613,56,56
1207,613,56,56
1207,614,56,56
1206,614,56,56
1206,615,56,56
1205,615,56,56
1205,616,56,56
1204,616,56,56
1204,617,56,56
1203,617,56,56
1203,618,56,56
1202,618,56,56
1202,619,56,56
1201,619,56,56
1201,620,56,56
1200,620,56,56
1200,621,56,56
1199,621,56,56
1198,622,57,56
1197,622,57,56
1197,623,57,56
1196,623,57,56
1195,624,58,56
1194,624,58,56
1194,625,58,56
1193,626,59,56
1192,626,59,56
1191,627,60,56
1191,627,59,56
1190,628,60,56
1189,628,60,56
1188,629,61,56
1188,630,61,56
1187,630,61,56
1187,631,61,56
1186,632,61,56
1186,633,61,56
1186,634,61,56
1185,635,61,56
1185,636,61,56
1185,637,61,56
1184,637,61,56
1184,638,61,56
1183,639,61,56
1183,640,61,56
1183,641,61,56
1182,642,61,56
1182,643,61,56
1182,644,61,56
1184,644,61,56
1187,644,61,56
1189,645,61,56
1192,645,61,56
1194,646,61,56
1197,646,61,56
1200,647,61,56
1202,647,61,56
1205,647,61,56
1207,648,61,56
1210,648,61,56
1212,649,61,56
1215,649,61,56
1218,650,61,56
1218,650,61,56
1218,650,61,56
1218,651,61,56
1218,651,62,56
1218,652,62,56
1219,652,61,56
1219,652,61,56
1219,653,62,56
1219,653,62,56
1219,654,62,56
1219,654,62,56
1220,655,62,56
1221,655,62,56
1223,655,62,56
1225,656,62,56
1230,656,61,56
1235,657,61,56
1240,658,61,56
1245,659,61,56
1245,658,61,57
1245,658,62,58
1246,658,62,58
1246,658,63,59
1247,658,62,59
1247,658,63,60
1247,658,64,60
1248,658,64,61
1248,658,64,61
1249,658,64,62
1249,658,65,62
1250,658,65,63
1250,658,65,63
1251,659,65,62
1251,659,65,63
1252,660,65,62
1252,660,65,63
1253,661,65,62
1253,661,65,63
1254,662,65,62
1254,662,65,63
1255,663,65,62
1255,663,65,63
1256,664,65,62
1256,664,65,63
1257,665,65,62
1258,666,65,62
1258,666,65,62
1259,666,65,63
1259,667,65,63
1260,667,65,63
1260,667,65,64
1261,668,65,64
1262,668,65,64
1262,668,65,65
1263,669,65,65
1263,669,65,66
1264,669,65,66
1265,670,65,66
1265,670,65,67
1266,670,65,67
1266,671,65,67
1267,671,65,68
1268,672,65,68
1268,672,65,68
1269,673,65,68
1270,673,65,68
1271,674,65,68
1272,674,65,68
1273,675,65,68
1273,675,65,68
1274,675,65,68
1275,676,65,68
1276,676,65,68
1277,677,65,68
1278,677,65,68
1279,678,65,68
1280,678,65,68
1281,678,65,68
1282,679,65,68
1283,679,65,68
1284,680,65,68
1285,680,65,68
1286,681,65,68
1285,681,67,68
1285,681,68,68
1285,681,69,68
1285,682,71,68
1286,683,71,68
1287,684,71,68
1289,685,71,68
1288,685,70,68
1288,686,69,68
1287,686,69,68
1287,687,68,68
1287,688,67,68
1286,688,67,68
1286,689,66,68
1286,690,65,68
1287,690,65,68
1288,690,65,68
1289,691,66,68
1290,691,66,68
1291,692,67,67
1292,692,67,68
1293,692,68,68
1294,693,68,67
1295,693,69,68
1296,694,69,67
1297,694,70,67
1298,694,70,68
1299,695,71,67
1300,695,71,67
1302,696,71,67
1303,696,71,67
1304,697,71,67
1305,697,71,67
1306,698,71,67
1307,698,71,68
1308,699,71,67
1309,699,71,68
1310,700,71,67
1311,700,71,68
1312,701,71,68
1313,701,71,68
1314,702,71,68
1316,703,71,68
1316,703,71,68
1316,704,71,67
1317,704,71,68
1317,705,71,67
1318,705,71,68
1318,706,71,67
1319,706,71,68
1319,707,71,67
1320,707,71,68
1320,708,71,67
1321,708,71,68
1321,709,71,67
1322,710,71,67
1323,711,71,67
1324,712,71,68
1325,714,71,67
1327,715,71,68
1328,717,71,67
1329,718,71,68
1331,720,71,68
1331,720,71,68
1332,721,71,68
1333,722,71,68
1333,722,71,68
1334,723,71,68
1335,724,71,68
1335,724,71,68
1336,725,71,68
1337,726,71,68
1338,727,71,68
1338,728,71,68
1338,729,71,68
1338,730,71,68
1339,731,71,68
1339,732,71,68
1339,733,71,68
1340,734,71,68
1340,735,71,68
1340,736,71,68
1341,737,71,68
1340,737,71,68
1340,738,71,68
1340,739,71,68
1340,740,71,68
1340,741,71,68
1340,742,71,68
1340,743,71,68
1338,744,71,68
1337,745,71,68
1336,746,71,68
1335,747,71,68
1334,748,71,68
1333,749,71,68
1331,750,71,68
1329,751,71,68
1327,752,71,68
1325,753,71,68
1323,754,71,68
1321,755,71,68
1320,755,71,69
1319,756,72,69
1319,757,72,70
1318,758,73,70
1317,758,74,72
1317,759,74,72
1316,760,75,73
1316,761,75,73
1315,762,76,74
1314,762,76,75
1314,763,76,75
1313,764,77,76
1313,765,77,76
1312,765,78,78
1311,766,79,78
1311,767,79,79
1310,768,80,79
1310,769,80,80
1309,770,80,80
1309,771,80,80
1309,772,80,80
1309,774,80,80
1309,775,80,80
1309,776,80,80
1309,777,80,80
1309,779,80,80
1309,780,80,80
1309,781,80,80
1309,782,80,80
1309,784,80,80
1309,785,80,80
1309,786,80,80
1309,787,80,80
1309,789,80,80
1309,790,80,80
1309,792,80,80
1309,793,80,80
1310,795,80,80
1310,796,80,80
1310,798,80,80
1311,799,80,80
1311,801,80,80
1311,802,80,80
1311,804,80,80
1312,805,80,80
1312,807,80,80
1312,808,80,80
1313,810,80,80
1312,811,80,80
1311,812,81,80
1310,813,82,81
1309,814,83,81
1309,816,83,80
1308,817,84,81
1307,818,85,81
1306,819,86,82
1306,821,86,81
1305,822,86,81
1304,823,87,82
1303,824,88,82
1302,825,89,83
1302,827,89,82
1301,828,90,82
1300,829,91,83
1299,830,92,83
1299,832,92,83
1298,833,92,83
1298,835,92,83
1298,837,92,83
1297,838,93,84
1297,839,93,85
1297,841,93,85
1297,842,93,86
1296,844,94,87
1296,845,94,88
1296,847,94,88
1296,848,94,89
1296,850,94,90
1296,851,94,90
1296,853,94,90
1296,855,94,90
1296,857,94,90
1296,859,94,90
1296,861,94,90
1296,863,94,90
1296,865,94,90
1296,867,94,90
1296,869,94,90
1296,871,94,90
1296,873,94,90
1296,875,94,90
1296,877,94,90
1296,878,94,90
1296,880,94,90
1296,882,94,90
1296,884,94,89
1296,885,95,90
1296,887,95,90
1297,889,94,89
1297,891,94,89
1297,892,95,90
1297,894,95,89
1297,896,95,89
1297,898,95,89
1298,900,95,89
1297,901,96,89
1297,902,97,90
1297,903,97,91
1297,904,98,91
1297,905,98,92
1297,906,99,93
1296,907,100,93
1296,908,101,94
1296,909,101,95
1296,910,102,95
1296,911,102,96
1296,912,103,97
1296,913,104,98
1296,913,104,99
1296,914,104,99
1296,914,104,100
1297,915,104,101
1297,916,104,101
1297,916,104,102
1298,917,104,103
1298,917,104,104
1298,918,104,104
1299,919,104,105
1299,919,104,106
1299,920,104,106
1300,921,104,107
1300,921,104,107
1300,922,104,107
1300,923,104,107
1300,924,104,107
1300,925,104,107
1300,925,104,107
1300,926,104,107
1300,927,104,107
1300,928,104,107
1300,929,104,107
1300,930,104,107
1299,929,104,107
1299,929,104,107
1299,929,104,107
1299,929,104,107
1299,929,104,107
1299,929,104,107
1299,928,104,107
1299,928,104,107
1299,928,104,107
1299,928,104,107
1299,928,104,107
1299,928,104,107
1299,927,104,107
1299,927,104,107
1299,927,104,107
1299,927,104,107
1299,927,104,107
1299,927,104,107
1299,925,104,107
1299,923,104,107
1300,922,104,107
1300,920,104,107
1301,919,104,107
1301,917,104,107
1302,916,104,107
1301,914,104,107
1300,912,104,107
1300,910,104,107
1299,908,104,107
1299,906,104,107
1298,904,104,107
1298,903,104,107
1297,901,104,107
1297,899,104,107
1296,897,104,107
1296,895,104,107
1295,893,104,107
1295,892,104,107
1294,889,104,107
1294,887,104,107
1294,885,104,107
1294,883,104,107
1294,881,104,107
1294,879,104,107
1293,877,104,107
1293,875,104,107
1293,873,104,107
1293,871,104,107
1293,869,104,107
1293,867,104,107
1293,865,104,107
1292,862,104,107
1292,860,104,107
1291,858,104,107
1291,856,104,107
1291,854,104,107
1290,851,104,107
1290,849,104,107
1290,847,104,107
1289,845,104,107
1289,843,104,107
1289,841,104,107
1288,840,104,107
1288,840,104,107
1288,840,104,107
1287,840,104,107
1287,839,104,107
1287,839,104,107
1286,839,104,107
1286,839,104,107
1286,839,104,107
1285,838,104,107
1285,838,104,107
1285,838,104,107
1285,838,104,107
1284,837,104,107
1284,837,104,107
1284,837,104,107
1283,837,104,107
1283,837,104,107
1283,836,104,107
1282,836,104,107
1282,836,104,107
1282,836,104,107
1282,836,104,107
1281,836,104,107
1280,836,104,107
1279,836,104,107
1279,836,104,107
1278,837,104,107
1277,837,104,107
1277,837,104,107
1276,837,104,107
1275,838,104,107
1274,838,104,107
1274,838,104,107
1273,838,104,107
1272,839,104,107
1272,839,104,107
1271,839,104,107
1270,839,104,107
1269,840,104,107
1269,840,104,107
1268,840,104,107
1267,840,104,107
1267,841,104,107
1266,841,104,107
1266,841,104,107
1265,842,104,107
1265,842,104,107
1264,843,104,107
1264,843,104,107
1263,843,104,107
1263,844,104,107
1262,844,104,107
1262,845,104,107
1262,845,104,107
1261,845,104,107
1261,846,104,107
1260,846,104,107
1260,847,104,107
1259,847,104,107
1259,847,104,107
1258,848,104,107
1258,848,104,107
1257,849,104,107
1257,849,104,107
1257,850,104,107
1256,851,104,106
1256,852,104,105
1255,853,104,104
1255,854,104,103
1255,855,103,102
1254,856,104,101
1254,857,103,100
1254,859,103,98
1253,858,103,98
1253,858,103,98
1253,858,103,98
1253,858,103,98
1252,858,104,98
1252,858,104,98
1252,858,104,98
1252,858,104,98
1251,857,104,98
1251,856,104,98
1251,855,104,98
1250,855,104,98
1250,854,104,98
1250,853,104,98
1249,853,104,98
1249,852,104,98
1249,851,104,98
1249,850,104,98
1248,850,104,98
1248,849,104,98
1248,848,104,98
1247,848,104,98
1247,847,104,98
1247,846,104,98
1247,846,104,98
1246,845,104,98
1246,844,104,98
1245,843,104,98
1245,842,104,98
1245,842,104,98
1244,841,104,98
1244,840,104,98
1243,839,104,98
1243,838,104,98
1243,838,104,98
1242,837,104,98
1242,836,104,98
1241,835,104,98
1241,835,104,98
1241,834,104,98
1240,833,104,98
1240,832,104,98
1239,831,104,98
1239,831,104,98
1239,830,104,98
1238,829,104,98
1238,828,104,98
1238,828,104,98
1237,827,104,98
1237,826,104,98
1236,825,104,98
1236,825,104,98
1236,824,104,98
1235,823,104,98
1235,823,104,98
1234,822,104,98
1234,821,104,98
1234,820,104,98
1233,820,104,98
1233,819,104,98
1233,818,104,98
1232,818,104,98
1232,817,104,98
1231,816,104,98
1231,815,104,98
1231,815,104,98
1230,814,104,98
1230,813,104,98
1230,813,104,98
1230,814,101,95
1231,815,98,92
1232,817,95,89
1231,815,96,90
1231,814,96,90
1231,813,96,91
1230,812,97,91
1230,811,98,92
1230,810,98,92
1229,809,99,92
1229,808,99,93
1229,806,100,94
1229,805,100,95
1228,804,101,95
1228,803,101,95
1228,802,102,96
1227,801,103,96
1227,800,103,97
1227,799,103,97
1227,798,104,98
1226,805,95,92
1226,804,94,92
1225,803,94,92
1225,802,94,92
1225,801,94,93
1225,801,94,92
1224,800,94,93
1224,799,94,93
1224,799,94,93
1224,798,94,93
1223,797,94,94
1223,797,94,93
1223,796,94,93
1223,795,94,94
1222,794,94,94
1222,794,94,94
1222,793,94,94
1222,792,94,95
1221,792,94,94
1221,791,94,95
1221,790,94,95
1221,790,94,95
1220,790,94,95
1220,790,94,95
1219,790,94,95
1219,790,94,95
1218,790,95,95
1218,790,94,95
1217,790,95,95
1217,790,95,95
1217,790,94,95
1216,790,95,95
1216,790,94,95
1215,790,95,95
1215,790,95,95
1214,790,95,95
1214,790,95,95
1214,790,95,95
1213,790,95,95
1213,790,95,95
1213,790,95,95
1213,790,95,95
1212,790,95,95
1212,790,95,95
1212,790,95,95
1212,790,95,95
1211,790,95,95
1211,790,95,95
1211,790,95,95
1211,790,95,95
1211,790,95,95
1210,790,95,95
1210,790,95,95
1210,790,95,95
1210,790,95,95
1209,790,95,95
1209,790,95,95
1209,790,95,95
1209,790,95,95
1209,790,95,95
1208,790,95,95
1208,790,95,95
1208,790,95,95
1208,790,95,95
1207,790,95,95
1207,790,95,95
1207,790,95,95
1207,790,95,95
1207,790,95,95
1206,790,95,95
1206,790,95,95
1206,790,95,95
1206,790,95,95
1205,790,95,95
1205,790,95,95
1205,790,95,95
1205,790,95,95
1205,790,95,95
1204,789,95,95
1204,789,95,95
1203,789,95,95
1203,788,95,95
1203,788,95,95
1202,788,95,95
1202,788,95,95
1202,787,95,95
1201,787,95,95
1201,787,95,95
1201,787,95,95
1200,786,95,95
1200,786,95,95
1200,786,95,95
1199,785,95,95
1199,785,95,95
1199,785,95,95
1198,785,95,95
1198,784,95,95
1198,784,95,95
1197,784,95,95
1197,784,95,95
1197,783,95,95
1196,783,95,95
1196,783,95,95
1196,783,95,95
1195,782,95,95
1195,781,95,95
1194,781,95,95
1194,780,95,95
1193,780,95,95
1193,779,95,95
1192,778,95,95
1192,778,95,95
1191,777,95,95
1191,777,95,95
1190,776,95,95
1190,776,95,95
1189,775,95,95
1189,774,95,95
1188,774,95,95
1188,773,95,95
1187,773,95,95
1187,772,95,95
1187,772,95,95
1186,771,95,95
1186,770,95,95
1186,770,95,95
1186,769,95,95
1186,769,95,95
1186,768,95,95
1186,768,95,95
1185,767,95,95
1185,767,95,95
1185,766,95,95
1185,766,95,95
1185,765,95,95
1185,764,95,95
1185,764,95,95
1184,763,95,95
1184,763,95,95
1184,762,95,95
1184,762,95,95
1184,761,95,95
1184,761,95,95
1184,760,95,95
1184,760,95,95
1183,759,94,94
1183,759,93,93
1183,759,92,92
1183,758,91,92
1183,758,90,91
1183,758,89,90
1183,757,87,90
1183,757,86,89
1183,757,85,88
1183,756,84,87
1183,756,83,86
1183,756,82,85
1183,755,80,85
1183,755,79,84
1183,755,78,83
1183,754,77,83
1183,754,76,82
1183,754,75,81
1183,754,74,80
1182,753,74,80
1182,752,74,80
1181,751,74,80
1181,750,74,80
1181,749,74,80
1180,748,74,80
1180,747,74,80
1180,746,74,81
1179,745,74,81
1179,744,74,81
1178,743,74,81
1178,742,74,81
1178,741,74,81
1177,740,74,81
1177,739,74,81
1177,739,74,81
1177,738,74,80
1177,737,74,80
1177,736,74,80
1177,735,74,80
1177,734,74,80
1177,733,74,80
1177,732,74,80
1177,731,74,80
1177,730,74,80
1177,729,74,80
1177,728,74,80
1177,727,74,80
1177,726,74,80
1177,725,74,80
1177,724,74,80
1177,723,74,80
1176,721,74,80
1176,720,74,80
1176,719,74,80
1176,718,74,80
1176,717,74,80
1176,716,74,80
1175,714,74,80
1175,713,74,80
1175,712,74,80
1175,711,74,80
1175,710,74,80
1175,709,74,80
1175,708,74,80
1174,706,74,80
1173,705,74,80
1173,704,74,80
1172,703,74,80
1171,701,74,80
1171,700,74,80
1170,699,74,80
1169,698,74,80
1169,697,74,80
1168,695,74,80
1168,694,74,80
1168,693,74,80
1167,692,74,80
1167,691,74,80
1167,690,74,80
1167,689,74,80
1166,688,74,80
1166,687,74,80
1166,685,74,80
1166,684,74,80
1165,683,74,80
1165,682,74,80
1165,681,74,80
1165,680,74,80
1164,679,74,80
1164,678,74,80
1164,677,74,80
1164,676,74,80
1163,676,74,79
1163,676,74,78
1163,676,74,77
1162,676,74,76
1162,676,74,76
1162,676,74,75
1161,676,74,74
1161,676,74,73
1161,676,74,72
1160,676,74,72
1160,676,74,71
1160,676,74,70
1159,676,74,69
1159,676,74,68
1159,676,74,68
1159,675,74,68
1159,674,74,68
1160,673,74,68
1160,673,74,68
1161,672,74,68
1161,671,74,68
1161,671,74,68
1162,670,74,68
1162,669,74,68
1163,668,74,68
1163,668,74,68
1163,667,74,68
1164,666,74,68
1164,666,74,68
1165,665,74,68
1165,664,74,68
1166,664,74,68
1169,665,66,64
1172,667,59,59
