1988,527,138,65
1988,527,138,65
1988,527,138,65
1988,528,138,65
1989,528,138,65
1989,528,138,65
1989,529,138,65
1989,529,138,65
1990,529,138,66
1990,530,138,65
1990,530,138,65
1991,530,137,66
1991,531,138,65
1991,531,138,65
1991,531,138,66
1992,532,137,65
1992,532,138,66
1992,532,138,66
1992,533,138,65
1993,533,137,66
1993,534,138,65
1993,534,138,65
1994,534,137,66
1994,535,137,65
1994,535,138,66
1994,535,138,66
1995,536,137,65
1995,536,137,66
1995,536,138,66
1995,537,138,65
1996,537,137,66
1996,537,137,66
1996,538,138,66
1997,538,137,66
1997,538,137,66
1997,539,137,66
1997,539,138,66
1998,539,137,66
1998,540,137,66
1998,540,137,66
1999,541,137,66
2000,541,137,66
2001,542,137,66
2003,543,137,66
2004,543,137,66
2005,544,137,66
2007,545,137,66
2008,545,137,66
2009,546,137,66
2011,547,137,66
2012,547,137,66
2013,548,137,66
2015,549,137,66
2016,549,137,66
2017,550,137,66
2019,551,137,66
2020,551,137,66
2021,552,137,66
2023,553,137,66
2024,553,137,66
2026,554,137,66
2028,555,137,66
2030,556,137,66
2031,557,137,65
2033,557,137,66
2035,558,137,66
2037,559,137,66
2038,560,137,65
2040,561,137,65
2042,562,137,65
2044,562,137,66
2045,563,137,65
2047,564,137,65
2049,565,137,65
2051,566,137,65
2053,567,137,65
2054,568,137,65
2055,569,137,65
2056,570,137,65
2057,571,137,65
2058,572,137,65
2059,573,137,65
2060,574,137,65
2061,575,137,65
2063,577,137,65
2064,578,137,65
2065,579,137,65
2066,580,137,65
2067,581,137,65
2068,582,137,65
2069,583,137,65
2070,584,137,65
2072,586,137,65
2073,586,137,65
2075,587,137,65
2077,587,137,65
2079,588,137,65
2080,589,137,65
2082,589,137,65
2084,590,137,65
2086,591,137,65
2087,591,137,65
2089,592,137,65
2091,593,137,65
2093,593,137,65
2094,594,137,65
2096,595,137,65
2098,595,137,65
2100,596,137,65
2102,597,137,65
2103,598,137,65
2105,600,137,65
2106,601,137,65
2108,603,137,65
2109,604,137,65
2111,606,137,65
2112,607,137,65
2114,609,137,65
2115,610,137,65
2117,612,137,65
2118,613,137,65
2120,615,137,65
2121,616,137,65
2123,618,137,65
2124,619,137,65
2125,620,137,65
2126,622,137,65
2127,623,137,65
2129,625,137,65
2130,626,137,65
2131,627,137,65
2132,629,137,65
2133,630,137,65
2135,632,137,65
2136,633,137,65
2137,634,137,65
2138,636,137,65
2139,637,137,65
2141,639,137,65
2141,640,137,65
2142,641,137,65
2142,642,137,65
2143,644,137,65
2144,645,137,65
2144,646,137,65
2145,648,137,65
2145,649,137,65
2146,650,137,65
2147,652,137,65
2148,653,137,65
2149,655,137,65
2150,657,137,65
2151,659,137,65
2152,661,137,65
2154,663,137,65
2153,664,139,65
2152,666,141,65
2151,668,144,65
2151,670,145,65
2150,672,147,64
2149,674,150,64
2148,676,152,64
2148,678,154,64
2147,679,156,64
2147,680,157,64
2147,682,159,64
2146,683,161,64
2146,684,162,64
2146,686,164,64
2146,687,164,65
2146,689,164,65
2147,690,164,66
2147,692,164,66
2148,693,163,67
2148,695,164,67
2149,697,163,67
2149,698,163,68
2149,700,164,68
2150,701,163,69
2150,703,163,69
2151,704,163,70
2151,706,163,70
2152,708,163,71
2152,709,163,71
2152,711,163,71
2152,713,163,71
2152,715,163,71
2152,717,163,71
2152,719,163,71
2152,721,163,71
2152,723,163,71
2149,723,166,72
2146,724,169,73
2143,725,172,73
2140,726,176,74
2137,727,179,75
2134,728,182,75
2131,729,185,76
2129,730,188,77
2127,732,188,77
2126,734,188,77
2125,737,188,77
2123,739,188,77
2122,742,188,77
2121,744,188,77
2120,747,188,77
2119,748,188,77
2118,750,188,77
2117,751,188,77
2116,753,188,77
2116,755,188,77
2115,756,188,77
2114,758,188,77
2113,759,188,77
2112,761,188,77
2112,763,188,77
2110,765,188,77
2109,767,188,77
2108,769,188,77
2107,771,188,77
2106,773,188,77
2105,775,188,77
2103,777,188,77
2102,779,188,77
2101,781,188,77
2100,783,188,77
2099,785,188,77
2098,788,188,77
2096,790,188,77
2095,793,188,77
2094,796,188,77
2092,798,188,77
2091,801,188,77
2090,804,188,77
2088,806,188,77
2087,809,188,77
2086,812,188,77
2084,814,188,77
2083,816,188,77
2082,818,188,77
2081,820,188,77
2080,822,188,77
2079,824,188,77
2078,826,188,77
2077,828,188,77
2076,830,188,77
2075,832,188,77
2074,834,188,77
2073,836,188,77
2072,839,188,77
2071,842,188,77
2069,844,188,77
2068,846,188,77
2067,848,188,77
2066,850,188,77
2064,853,188,77
2063,855,188,77
2062,857,188,77
2061,859,188,77
2060,862,188,77
2058,864,188,77
2056,867,188,77
2055,869,188,77
2053,872,188,77
2051,874,188,77
2050,877,188,77
2048,879,188,77
2046,882,188,77
2045,885,188,77
2042,888,188,77
2040,892,188,77
2037,896,188,77
2035,899,188,77
2032,903,188,77
2030,907,188,77
2025,908,190,79
2020,909,193,81
2015,910,196,83
2010,911,198,85
2005,913,201,86
2000,914,204,88
1995,915,206,90
1990,916,209,92
1985,917,212,94
1981,919,214,95
1978,922,215,95
1975,925,216,96
1972,928,217,97
1970,931,217,98
1967,934,218,99
1964,937,219,100
1962,940,219,101
1959,943,220,101
1956,946,221,102
1953,949,222,103
1951,952,222,104
1948,955,223,105
1945,958,224,106
1943,961,224,107
1940,964,224,107
1938,967,224,107
1932,969,230,112
1930,969,214,107
1930,969,214,107
1930,969,214,107
1930,969,214,107
1912,983,232,101
1912,983,232,101
1912,983,232,101
1924,994,208,115
1924,994,208,115
1924,994,208,115
1924,994,208,115
1924,994,208,115
1902,1011,221,108
1902,1011,221,108
1902,1011,221,108
1902,1011,221,108
1902,1011,221,108
1894,1017,221,124
1894,1017,221,124
1894,1017,221,124
1882,1029,232,122
1882,1029,232,122
1882,1029,232,122
1885,1040,222,120
1885,1040,222,120
1885,1040,222,120
1871,1055,224,117
1871,1055,224,117
1871,1055,224,117
1873,1059,216,125
1873,1059,216,125
1873,1059,216,125
1856,1063,228,126
1856,1063,228,126
1856,1063,228,126
1846,1068,220,131
1846,1068,220,131
1846,1068,220,131
1841,1081,226,135
1841,1081,226,135
1841,1081,226,135
1833,1090,222,131
1833,1090,222,131
1833,1090,222,131
1823,1107,232,131
1823,1107,232,131
1823,1107,232,131
1804,1105,240,135
1807,1107,232,135
1807,1107,232,135
1807,1107,232,135
1795,1114,232,133
1795,1114,232,133
1795,1114,232,133
1790,1123,226,137
1790,1123,226,137
1790,1123,226,137
1780,1129,228,143
1780,1129,228,143
1780,1129,228,143
1780,1129,228,143
1780,1129,228,143
1780,1129,228,143
1777,1146,220,144
1777,1146,220,144
1777,1146,220,144
1777,1146,220,144
1761,1158,228,154
1761,1158,228,154
1761,1158,228,154
1761,1158,228,154
1757,1169,226,153
1757,1169,226,153
1757,1169,226,153
1757,1169,226,153
1753,1179,226,149
1753,1179,226,149
1753,1179,226,149
1753,1179,226,149
1737,1191,236,143
1737,1191,236,143
1740,1198,230,164
1742,1203,226,158
1742,1203,226,158
1742,1203,226,158
1749,1210,215,176
1749,1210,215,176
1749,1210,215,176
1749,1210,215,176
1749,1210,215,176
1752,1224,209,179
1752,1224,209,179
1752,1224,209,179
1742,1239,219,173
1742,1239,219,173
1742,1239,219,173
1742,1239,219,173
1742,1239,219,173
1742,1239,219,173
1737,1256,221,186
1737,1256,221,186
1737,1256,221,186
1737,1256,221,186
1737,1256,221,186
1737,1256,221,186
1741,1280,217,190
1741,1280,217,190
1741,1280,217,190
1741,1280,217,190
1753,1293,205,186
1753,1293,205,186
1753,1293,205,186
1743,1302,210,171
1743,1302,210,171
1740,1309,212,197
1740,1309,212,197
1732,1315,222,197
1732,1315,222,197
1732,1315,222,197
1732,1315,222,197
1733,1323,216,189
1733,1323,216,189
1733,1323,216,189
1733,1323,216,189
1733,1323,216,189
1733,1323,216,189
1732,1337,210,174
1732,1337,210,174
1732,1337,210,174
1728,1344,210,167
1728,1344,210,167
1728,1344,210,167
1721,1346,212,165
1721,1346,212,165
1721,1346,212,165
1721,1346,212,165
1721,1346,212,165
1710,1357,208,154
1710,1357,208,154
1710,1357,208,154
1710,1357,208,154
1710,1357,208,154
1713,1360,216,150
1709,1365,182,147
1709,1365,182,147
1709,1365,182,147
1709,1365,182,147
1709,1365,182,147
1709,1365,182,147
1709,1365,182,147
1709,1365,182,147
1709,1365,182,147
1709,1365,182,147
1709,1365,182,147
1709,1365,182,147
1709,1365,182,147
1709,1365,182,147
1709,1365,182,147
1709,1365,182,147
1713,1399,180,109
1713,1399,180,109
1713,1399,180,109
1713,1399,180,109
1713,1399,180,109
1713,1399,180,109
1713,1399,180,109
1713,1399,180,109
1713,1399,180,109
1719,1412,154,100
1719,1412,154,100
1719,1412,154,100
1719,1412,154,100
1719,1412,154,100
1719,1412,154,100
1719,1412,154,100
1719,1412,154,100
1719,1412,154,100
1719,1412,154,100
1719,1412,154,100
1719,1412,154,100
1717,1428,170,84
1717,1428,170,84
1717,1428,170,84
1717,1428,170,84
1717,1428,170,84
1717,1428,170,84
1717,1428,170,84
1717,1428,170,84
1717,1428,170,84
1717,1428,170,84
1717,1428,170,84
1717,1428,170,84
1717,1428,170,84
1717,1428,170,84
1717,1428,170,84
1717,1428,170,84
1729,1439,148,71
1729,1439,148,71
1729,1439,148,71
1729,1439,148,71
1729,1439,148,71
1729,1439,148,71
1729,1439,148,71
1729,1439,148,71
1729,1439,148,71
1729,1439,148,71
1729,1439,148,71
1729,1439,148,71
1729,1439,148,71
1729,1439,148,71
1729,1439,148,71
1729,1439,148,71
1729,1439,148,71
1729,1439,148,71
1729,1439,148,71
1729,1439,148,71
1723,1421,158,89
1723,1421,158,89
1723,1421,158,89
1723,1421,158,89
1723,1421,158,89
1723,1421,158,89
1723,1421,158,89
1723,1421,158,89
1723,1421,158,89
1723,1421,158,89
1725,1409,138,101
1725,1409,138,101
1725,1409,138,101
1725,1409,138,101
1725,1409,138,101
1725,1409,138,101
1725,1409,138,101
1725,1409,138,101
1709,1399,176,109
1709,1399,176,109
1709,1399,176,109
1709,1399,176,109
1709,1399,176,109
1709,1399,176,109
1709,1399,176,109
1709,1399,176,109
1709,1399,176,109
1700,1386,171,126
1700,1386,171,126
1700,1386,171,126
1700,1386,171,126
1700,1386,171,126
1700,1386,171,126
1700,1386,171,126
1700,1386,171,126
1706,1342,139,166
1706,1342,139,166
1706,1342,139,166
1706,1342,139,166
1706,1342,139,166
1706,1342,139,166
1704,1343,151,164
1704,1343,151,164
1704,1343,151,164
1704,1343,151,164
1688,1325,159,187
1688,1325,159,187
1688,1325,159,187
1688,1325,159,187
1692,1310,150,193
1692,1310,150,193
1692,1310,150,193
1692,1310,150,193
1692,1310,150,193
1692,1310,150,193
1678,1286,151,189
1678,1286,151,189
1678,1286,151,189
1678,1286,151,189
1660,1267,163,198
1660,1267,163,198
1660,1267,163,198
1664,1260,149,192
1664,1260,149,192
1664,1260,149,192
1661,1249,144,187
1661,1249,144,187
1661,1249,144,187
1651,1237,145,187
1651,1237,145,187
1651,1237,145,187
1642,1220,158,192
1642,1220,158,192
1642,1220,158,192
1633,1207,158,196
1633,1207,158,196
1633,1207,158,196
1643,1204,140,187
1643,1204,140,187
1643,1204,140,187
1630,1192,146,185
1630,1192,146,185
1630,1192,146,185
1626,1182,141,181
1626,1182,141,181
1626,1182,141,181
1625,1175,134,175
1625,1175,134,175
1625,1175,134,175
1612,1171,140,167
1612,1171,140,167
1612,1171,140,167
1603,1157,144,169
1603,1157,144,169
1603,1157,144,169
1594,1144,148,171
1594,1144,148,171
1594,1144,148,171
1589,1133,148,171
1589,1133,148,171
1589,1133,148,171
1592,1129,140,163
1592,1129,140,163
1592,1129,140,163
1593,1115,134,165
1593,1115,134,165
1593,1115,134,165
1590,1109,132,159
1590,1109,132,159
1590,1109,132,159
1584,1103,134,156
1584,1103,134,156
1584,1103,134,156
1575,1094,140,156
1575,1094,140,156
1575,1094,140,156
1578,1085,134,156
1578,1085,134,156
1578,1085,134,156
1575,1084,134,148
1575,1084,134,148
1575,1084,134,148
1570,1077,136,147
1570,1077,136,147
1570,1077,136,147
1563,1071,138,141
1563,1071,138,141
1563,1071,138,141
1563,1060,134,141
1563,1060,134,141
1563,1060,134,141
1564,1054,128,137
1564,1054,128,137
1564,1054,128,137
1564,1054,128,137
1564,1054,128,137
1564,1054,128,137
1564,1054,128,137
1553,1039,130,137
1553,1039,130,137
1553,1039,130,137
1553,1039,130,137
1545,1032,132,135
1545,1032,132,135
1545,1032,132,135
1545,1032,132,135
1539,1024,134,134
1539,1024,134,134
1539,1024,134,134
1539,1024,134,134
1542,1016,128,133
1542,1016,128,133
1542,1016,128,133
1542,1016,128,133
1542,1016,128,133
1538,1007,128,130
1538,1007,128,130
1538,1007,128,130
1538,1007,128,130
1535,1009,128,119
1535,1009,128,119
1535,1009,128,119
1535,1009,128,119
1531,986,104,131
1531,986,104,131
1531,986,104,131
1531,986,104,131
1531,986,104,131
1531,986,104,131
1521,977,111,124
1521,977,111,124
1521,977,111,124
1521,977,111,124
1521,977,111,124
1517,966,109,123
1517,966,109,123
1517,966,109,123
1517,966,109,123
1517,966,109,123
1519,952,101,125
1519,952,101,125
1519,952,101,125
1519,952,101,125
1519,952,101,125
1519,952,101,125
1519,952,101,125
1519,952,101,125
1508,945,107,114
1508,945,107,114
1508,945,107,114
1508,945,107,114
1508,945,107,114
1507,943,103,108
1507,943,103,108
1507,943,103,108
1507,943,103,108
1507,943,103,108
1507,943,103,108
1497,916,107,120
1497,916,107,120
1497,916,107,120
1497,916,107,120
1497,916,107,120
1497,916,107,120
1510,904,90,126
1510,904,90,126
1510,904,90,126
1504,906,86,112
1504,906,86,112
1504,906,86,112
1504,906,86,112
1504,906,86,112
1504,906,86,112
1504,906,86,112
1504,906,86,112
1504,906,86,112
1504,906,86,112
1504,906,86,112
1504,906,86,112
1494,892,90,114
1494,892,90,114
1494,892,90,114
1494,892,90,114
1494,892,90,114
1494,892,90,114
1494,892,90,114
1494,883,81,100
1494,883,81,100
1494,883,81,100
1494,883,81,100
1495,877,81,96
1495,877,81,96
1495,877,81,96
1495,877,81,96
1495,877,81,96
1499,863,69,98
1499,863,69,98
1499,863,69,98
1499,863,69,98
1499,863,69,98
1497,857,71,100
1497,857,71,100
1497,857,71,100
1497,857,71,100
1497,857,71,100
1497,857,71,100
1483,847,93,108
1483,847,93,108
1483,847,93,108
1483,847,93,108
1483,847,93,108
1483,847,93,108
1483,847,93,108
1483,847,83,94
1483,847,83,94
1483,847,83,94
1483,847,83,94
1483,847,83,94
1471,840,91,88
1471,840,91,88
1471,832,89,94
1471,832,89,94
1471,832,89,94
1466,828,91,94
1466,828,91,94
1466,828,91,94
1466,828,91,94
1463,822,89,94
1463,822,89,94
1463,822,89,94
1463,822,89,94
1465,819,83,91
1465,819,83,91
1465,819,83,91
1465,819,83,91
1463,811,83,91
1463,811,83,91
1463,811,83,91
1463,811,83,91
1463,811,83,91
1463,811,83,91
1463,811,83,91
1463,811,83,91
1463,811,83,91
1463,811,83,91
1463,811,83,91
1459,799,77,85
1459,799,77,85
1459,799,77,85
1459,799,77,85
1459,799,77,85
1459,799,77,85
1456,795,75,81
1456,795,75,81
1456,795,75,81
1456,795,75,81
1456,795,75,81
1456,795,75,81
1456,795,75,81
1449,781,79,83
1449,781,79,83
1449,781,79,83
1449,781,79,83
1449,781,79,83
1442,778,81,81
1442,778,81,81
1442,778,81,81
1442,778,81,81
1442,778,81,81
1448,776,70,78
1448,776,70,78
1448,776,70,78
1448,776,70,78
1448,776,70,78
1438,776,78,73
1438,776,78,73
1438,776,78,73
1438,776,78,73
1438,776,78,73
1435,772,79,72
1435,772,79,72
1435,772,79,72
1435,772,79,72
1435,772,79,72
1441,759,70,71
1441,759,70,71
1441,759,70,71
1441,759,70,71
1441,759,70,71
1433,753,76,71
1433,753,76,71
1433,753,76,71
1423,744,86,77
1430,748,78,71
1430,748,78,71
1430,748,78,71
1430,748,78,71
1432,746,72,67
1432,746,72,67
1432,746,72,67
1432,746,72,67
1432,746,72,67
1432,746,72,67
1429,736,72,69
1429,736,72,69
1429,736,72,69
1429,736,72,69
1429,736,72,69
1429,736,72,69
1429,736,72,69
1432,724,66,73
1432,724,66,73
1423,726,74,69
1423,726,74,69
1423,726,74,69
1423,726,74,69
1423,726,74,69
1423,726,74,69
1423,726,74,69
1423,726,74,69
1423,726,74,69
1423,726,74,69
1423,726,74,69
1423,726,74,69
1423,726,74,69
1421,724,72,59
1421,724,72,59
1421,724,72,59
1422,713,70,67
1422,713,70,67
1422,713,70,67
1422,713,70,67
1422,713,70,67
1415,701,74,73
1415,701,74,73
1404,705,84,67
1404,705,84,67
1404,705,84,67
1415,700,72,69
1415,700,72,69
1415,700,72,69
1415,700,72,69
1415,700,72,69
1411,695,66,67
1411,695,66,67
1411,695,66,67
1411,695,66,67
1411,695,66,67
1411,695,66,67
1411,695,66,67
1412,695,62,56
1412,695,62,56
1412,695,62,56
1412,695,62,56
1412,695,62,56
1412,695,62,56
1412,695,62,56
1403,675,70,76
1403,674,70,76
1403,673,70,76
1403,672,70,76
1403,671,70,76
1403,670,70,76
1403,669,70,76
1404,669,70,76
1404,668,70,76
1404,667,70,76
1404,666,70,76
1404,665,70,76
1404,664,70,76
1404,663,70,76
1404,662,70,76
1405,662,70,76
1405,661,70,76
1405,660,70,76
1405,659,70,76
1405,658,70,76
1405,657,70,76
1405,656,71,76
1405,655,71,76
1405,654,71,76
1406,653,70,76
1406,652,70,76
1406,651,70,76
1406,650,71,76
1406,649,71,76
1406,648,71,76
1406,647,71,76
1406,646,71,76
1406,645,71,76
1407,658,71,62
1407,658,71,62
1407,658,71,62
1407,658,71,62
1407,658,71,62
1407,658,71,62
1407,658,71,62
1407,658,71,62
1407,658,71,62
1407,658,71,62
1407,635,71,76
1407,646,65,64
1407,646,65,64
1407,646,65,64
1407,646,65,64
1407,646,65,64
1407,646,65,64
1407,646,65,64
1407,646,65,64
1407,646,65,64
1407,648,65,54
1407,648,65,54
1407,648,65,54
1407,648,65,54
1411,636,65,64
1411,636,65,64
1411,636,65,64
1411,636,65,64
1411,636,65,64
1411,636,65,64
1411,636,65,64
1413,632,63,60
1413,632,63,60
1413,632,63,60
1413,632,63,60
1413,632,63,60
1413,632,63,60
1413,632,63,60
1413,632,63,60
1413,632,63,60
1413,632,63,60
1413,632,63,60
1413,632,63,60
1413,632,63,60
1415,622,59,57
1415,622,59,57
1415,622,59,57
1415,622,59,57
1415,622,59,57
1415,622,59,57
1415,622,59,57
1421,616,53,58
1421,616,53,58
1421,616,53,58
1421,616,53,58
1421,616,53,58
1421,616,53,58
1421,616,53,58
1421,616,53,58
1419,607,57,60
1419,607,57,60
1419,607,57,60
1419,607,57,60
1419,607,57,60
1419,607,57,60
1426,602,57,60
1426,602,57,60
1426,602,57,60
1426,602,57,60
1426,602,57,60
1435,603,61,56
1435,603,61,56
1435,603,61,56
1435,603,61,56
1435,603,61,56
1444,592,61,60
1444,592,61,60
1444,592,61,60
1444,592,61,60
1444,592,61,60
1457,591,49,58
1457,591,49,58
1457,591,49,58
1457,591,49,58
1457,591,49,58
1457,591,49,58
1456,584,55,60
1456,584,55,60
1456,584,55,60
1456,584,55,60
1456,584,55,60
1456,584,55,60
1456,584,55,60
1458,585,55,55
1458,585,55,55
1458,585,55,55
1458,585,55,55
1458,585,55,55
1458,585,54,42
1458,585,54,42
1458,585,54,42
1458,585,54,42
1458,585,54,42
1458,585,54,42
1459,572,54,52
1459,572,54,52
1459,572,54,52
1459,572,54,52
1459,572,54,52
1459,572,54,52
1459,572,54,52
1466,568,53,53
1466,568,53,53
1466,568,53,53
1466,568,53,53
1466,568,53,53
1466,568,53,53
1466,568,53,53
1466,568,53,53
1466,568,53,53
1466,568,53,53
1473,559,46,52
1473,559,46,52
1473,559,46,52
1473,559,46,52
1473,559,46,52
1473,559,46,52
1470,555,62,52
1470,554,54,52
1470,554,54,52
1470,554,54,52
1483,553,52,52
1483,553,52,52
1483,553,52,52
1483,553,52,52
1483,553,52,52
1483,553,52,52
1483,553,52,52
1483,553,52,52
1483,553,52,52
1489,550,52,46
1489,550,52,46
1489,550,52,46
1489,550,52,46
1489,550,52,46
1489,550,52,46
1489,550,52,46
1489,550,52,46
1489,550,52,46
1489,550,52,46
1489,550,52,46
1489,550,52,46
1497,541,48,52
1497,541,48,52
1504,547,46,52
1504,547,46,52
1504,547,46,52
1504,547,46,52
1504,538,56,50
1504,538,56,50
1504,538,56,50
1504,538,56,50
1504,538,56,50
1504,538,56,50
1506,533,62,53
1508,532,62,53
1510,531,62,53
1512,530,62,53
1514,529,62,53
1516,528,62,53
1516,527,62,53
1517,526,62,53
1518,525,62,53
1519,525,62,53
1520,524,62,53
1521,523,62,53
1522,523,62,53
1523,522,62,53
1524,521,62,53
1525,521,62,53
1526,520,62,53
1527,519,62,53
1529,519,62,53
1530,518,62,53
1531,518,62,53
1533,517,62,53
1534,517,62,53
1535,516,62,53
1537,516,62,53
1538,515,62,53
1540,515,62,53
1542,514,62,53
1544,514,62,53
1546,514,62,53
1547,513,62,53
1548,512,62,53
1549,511,62,53
1550,510,62,53
1551,509,62,53
1552,508,62,53
1553,507,62,53
1555,507,62,53
1556,507,62,52
1558,507,62,52
1560,507,62,51
1562,507,62,51
1564,508,62,50
1565,507,62,50
1567,507,62,50
1569,506,62,50
1571,506,62,50
1573,505,62,50
1575,505,62,50
1576,504,62,50
1577,503,62,50
1578,502,62,50
1579,501,62,50
1580,500,62,50
1581,499,62,50
1582,499,62,50
1584,498,61,50
1586,498,60,50
1588,497,59,50
1590,497,58,50
1592,496,57,50
1594,496,56,50
1596,495,55,50
1599,495,53,50
1600,495,53,50
1601,495,53,50
1602,495,53,50
1604,495,53,50
1605,494,55,50
1606,493,57,50
1608,492,58,50
1609,491,60,50
1611,490,62,51
1612,489,62,51
1613,488,62,51
1614,487,62,51
1615,486,62,51
1616,486,62,50
1618,486,62,50
1621,486,62,50
1624,486,62,50
1625,485,62,50
1626,484,62,50
1627,483,62,50
1629,482,62,50
1630,481,62,50
1631,480,62,50
1633,480,62,50
1635,480,62,50
1637,480,60,49
1639,480,59,49
1641,480,57,49
1644,480,55,49
1646,480,54,49
1648,480,52,49
1650,480,51,49
1653,481,49,48
1654,480,49,48
1656,480,49,48
1657,479,49,48
1659,479,49,48
1660,478,49,48
1662,478,49,48
1663,477,49,48
1665,477,49,48
1666,476,49,48
1668,476,49,48
1669,475,49,48
1671,475,49,48
1672,474,49,48
1674,474,49,48
1675,473,49,48
1677,473,49,48
1679,473,49,47
1680,472,49,48
1682,472,49,47
1684,472,49,47
1685,471,49,47
1687,471,49,47
1689,471,49,47
1690,470,49,47
1692,470,49,47
1694,469,49,47
1696,469,49,47
1698,469,49,47
1700,468,49,47
1701,468,49,47
1703,468,49,47
1705,467,49,47
1707,467,49,47
1709,467,49,47
1711,466,49,47
1713,466,49,47
1714,466,49,47
1716,465,49,47
1718,465,49,47
1720,465,49,47
1722,464,49,47
1724,464,49,47
1726,464,49,47
1727,463,49,47
1728,463,50,47
1730,462,49,47
1731,462,50,47
1733,462,50,47
1731,461,50,47
1730,460,50,47
1729,460,50,47
1728,459,50,47
1727,459,50,47
1715,457,50,47
1704,456,50,47
1686,451,50,47
1673,450,50,47
1668,450,50,47
1668,449,50,47
1669,448,50,47
1669,448,50,47
1670,447,50,47
1670,446,50,47
1671,446,50,47
1671,445,50,47
1672,445,50,47
1674,444,50,47
1676,443,50,47
1678,443,50,47
1680,442,50,47
1682,442,50,47
1684,441,50,47
1686,441,50,47
1687,440,50,47
1688,440,50,47
1689,440,50,47
1690,440,50,47
1691,440,50,47
1692,439,50,47
1693,439,50,47
1694,439,50,47
1695,439,50,47
1696,439,50,47
1696,438,50,47
1697,437,50,47
1698,437,50,47
1699,436,50,47
1699,436,50,47
1700,435,50,47
1701,434,50,47
1702,434,50,47
1702,433,50,47
1703,433,50,47
1704,432,50,47
1705,432,50,47
1706,431,50,47
1707,431,50,47
1709,431,50,47
1710,431,50,47
1712,431,50,47
1714,431,50,47
1706,429,50,47
1699,428,50,47
1690,428,50,47
1675,425,51,47
1653,422,50,47
1634,422,50,47
1615,417,50,47
1597,419,50,47
1588,414,50,47
1580,417,50,47
1581,415,50,47
1582,414,50,47
1584,412,50,47
1585,411,50,47
1586,410,50,47
1588,408,50,47
1589,407,50,47
1591,406,50,47
1592,406,50,47
1594,406,50,47
1595,407,50,46
1597,407,50,46
1598,408,50,45
1600,408,50,46
1601,409,50,45
1603,409,50,45
1604,410,50,44
1606,410,50,44
1608,411,50,44
1605,410,50,44
1603,410,50,44
1601,410,50,44
1599,409,50,44
1596,409,50,44
1594,409,50,44
1592,408,50,44
1590,408,50,44
1588,408,50,44
1589,408,50,44
1591,408,50,44
1593,408,50,44
1594,407,50,44
1596,407,50,44
1598,407,50,44
1600,407,50,44
1601,407,50,44
1603,407,50,44
1605,406,50,44
1607,406,50,44
1608,406,50,44
1610,406,50,44
1612,406,50,44
1614,406,50,44
1616,405,50,44
1618,405,50,44
1620,405,50,44
1622,404,50,44
1624,404,50,44
1626,404,50,44
1628,403,50,44
1630,403,50,44
1632,403,50,44
1632,403,50,43
1633,404,50,41
1633,405,50,39
1634,406,50,38
1636,405,50,38
1638,404,50,38
1640,403,50,38
1642,403,50,38
1643,403,50,38
1645,403,50,38
1646,403,50,38
1648,403,50,38
1650,403,50,38
1654,401,46,39
1659,400,41,39
1661,400,41,39
1663,400,41,39
1665,400,41,39
1667,400,41,39
1669,400,41,39
1671,401,41,38
1672,401,41,38
1674,401,41,38
1676,401,41,38
1677,401,41,38
1679,401,41,38
1681,401,41,38
1680,400,41,38
1680,400,41,38
1680,399,41,38
1680,399,41,38
1679,399,41,38
1679,398,41,38
1679,398,41,38
1679,398,41,38
1680,397,41,38
1682,397,41,38
1683,397,41,38
1685,396,41,38
1686,396,41,38
1688,396,41,38
1689,395,41,38
1691,395,41,38
1693,395,41,38
1694,395,41,38
1695,395,41,38
1697,395,41,38
1698,395,41,38
1700,396,41,38
1701,396,41,38
1703,396,41,38
1704,396,41,38
1706,397,41,38
1707,397,41,38
1709,397,41,38
1710,397,41,38
1712,398,41,38
1713,397,41,38
1715,397,41,38
1717,397,41,38
1718,397,41,38
1720,396,41,38
1722,396,41,38
1724,396,41,38
1725,396,41,38
1727,396,41,38
1729,395,41,38
1730,395,41,38
1732,395,41,38
1734,395,41,38
1736,395,41,38
1735,394,41,38
1734,393,41,38
1733,393,41,38
1732,392,41,38
1731,391,41,38
1730,391,41,38
1729,390,41,38
1729,390,41,38
1726,393,41,38
1720,392,41,38
1715,391,41,38
1710,389,41,38
1706,388,41,38
1705,389,41,38
1705,390,41,38
1706,389,41,38
1708,389,41,38
1710,389,41,38
1711,389,41,38
1713,389,41,38
1715,389,41,38
1717,389,41,38
1718,389,41,38
1720,389,41,38
1722,389,41,38
1723,389,41,38
1725,389,41,38
1727,389,41,38
1729,389,41,38
1730,389,41,38
1731,389,41,38
1733,389,41,38
1734,389,41,38
1735,389,41,38
1736,388,41,38
1738,388,41,38
1740,388,41,38
1743,387,41,38
1746,386,41,38
1745,385,41,38
1744,385,41,38
1744,385,41,38
1743,384,41,38
1742,384,41,38
1742,384,41,38
1741,383,41,38
1740,383,41,38
1740,383,41,38
1739,383,41,38
1738,383,41,38
1737,383,41,38
1736,383,41,38
1735,383,41,38
1734,383,41,38
1733,383,41,38
1732,383,41,38
1731,383,41,38
1730,383,41,38
1728,383,41,37
1726,383,42,37
1725,383,42,37
1723,383,42,36
1722,384,42,35
1720,384,43,35
1719,384,42,34
1717,384,43,34
1716,385,43,33
1715,384,43,33
1715,384,43,33
1715,384,43,33
1715,383,43,33
1715,383,43,33
1714,383,43,33
1714,382,43,33
1714,382,43,33
1714,382,43,33
1714,382,43,33
1715,381,43,33
1717,381,43,33
1718,381,43,33
1720,381,43,33
1721,380,44,33
1723,380,43,33
1725,380,43,33
1726,380,44,33
1728,380,43,33
1729,379,44,33
1731,379,44,33
1732,379,44,33
1734,379,44,33
1736,379,44,33
1737,379,44,33
1739,379,44,33
1741,379,44,33
1743,379,44,33
1745,379,44,33
1747,379,44,33
1749,379,44,33
1751,379,44,33
1753,379,44,33
1753,379,44,33
1754,379,44,33
1755,379,44,33
1756,379,44,33
1757,379,44,33
1756,378,44,33
1755,378,44,33
1755,378,44,32
1754,377,44,33
1753,377,44,32
1753,377,44,32
1746,376,44,32
1735,376,44,32
1728,375,44,32
1719,374,44,32
1710,375,44,32
1702,374,44,32
1694,373,44,32
1686,373,44,32
1678,372,44,32
1671,372,44,32
1666,371,44,32
1662,370,44,32
1657,369,44,32
1653,369,44,32
1654,369,44,32
1656,369,44,32
1658,369,44,32
1659,369,44,32
1661,369,44,32
1663,369,44,32
1664,369,44,32
1666,369,44,32
1668,369,44,32
1669,368,44,32
1671,368,44,32
1672,367,44,32
1674,367,44,32
1675,366,44,32
1677,366,44,32
1678,365,44,32
1680,365,44,32
1681,364,44,32
1683,364,44,32
1684,364,44,32
1685,364,44,32
1687,364,44,32
1688,364,44,32
1690,364,44,32
1691,364,44,32
1693,364,44,32
1694,364,44,32
1696,364,44,32
1696,363,43,32
1696,363,43,32
1697,363,42,32
1697,363,42,32
1698,363,41,32
1698,363,40,32
1699,363,39,32
1699,363,39,32
1700,363,38,32
1700,363,38,32
1701,363,37,32
1701,362,38,32
1702,362,38,32
1702,362,40,32
1703,362,40,32
1703,361,41,32
1704,361,42,32
1704,361,43,32
1705,361,44,32
1706,360,44,32
1707,360,44,32
1709,360,44,32
1710,360,44,32
1711,360,44,32
1713,360,44,32
1714,359,44,32
1715,359,44,32
1717,359,44,32
1718,359,44,32
1719,359,44,32
1721,359,44,32
1722,358,44,32
1724,358,44,32
1725,358,44,32
1727,358,44,32
1728,358,44,32
1730,357,44,32
1731,357,44,32
1733,357,44,32
1734,357,44,32
1736,357,44,32
1737,357,44,32
1739,357,44,32
1741,358,44,32
1740,357,44,32
1740,356,44,32
1740,355,44,32
1748,355,44,32
1748,355,44,32
1752,355,44,32
1752,355,44,32
1752,355,44,32
1752,357,44,32
1752,357,44,32
1738,351,44,32
1738,351,44,32
1738,351,44,32
1734,350,44,32
1733,350,44,32
1731,350,44,32
1730,350,44,32
1729,350,44,32
1726,349,44,32
1724,348,44,32
1722,348,44,32
1720,347,44,32
1718,347,44,32
1716,346,44,32
1714,346,44,32
1726,347,44,32
1726,347,44,32
1718,346,44,32
1718,346,44,32
1708,343,44,32
1708,343,44,32
1700,342,44,32
1692,341,44,32
1684,340,44,32
1673,340,44,32
1667,340,44,32
1655,337,44,32
1645,337,44,32
1633,337,44,32
1625,334,44,32
1613,332,44,32
1599,336,44,32
1595,330,44,32
1581,332,44,32
1567,330,44,32
1556,327,44,32
1551,327,44,32
1544,330,44,32
1544,328,44,32
1545,327,44,32
1545,326,44,32
1546,326,44,32
1547,326,44,32
1548,326,44,32
1548,325,44,32
1549,325,44,32
1550,325,44,32
1551,325,44,32
1552,324,44,32
1553,324,44,32
1554,324,44,32
1556,323,44,32
1557,323,44,32
1558,323,44,32
1559,323,44,32
1561,322,44,32
1562,322,44,32
1563,322,44,32
1565,322,44,32
1566,321,44,32
1567,321,44,32
1568,321,44,32
1570,320,44,32
1571,320,44,32
1572,320,44,32
1574,320,44,32
1575,319,42,32
1576,319,41,32
1577,318,40,32
1578,318,39,32
1579,317,38,32
1580,317,37,32
1584,322,35,32
1584,320,35,32
1585,318,35,32
1585,318,35,32
1586,318,35,32
1586,318,35,32
1587,319,35,32
1586,318,36,32
1586,318,36,32
1585,318,37,32
1595,318,37,32
1595,318,37,32
1579,316,32,32
1569,314,32,32
1563,313,38,32
1553,314,38,32
1547,314,38,32
1546,314,38,32
1547,313,36,32
1549,313,34,32
1551,313,32,32
1553,314,38,32
1553,313,38,32
1553,312,38,32
1553,312,38,32
1552,312,38,32
1552,313,38,32
1552,311,38,32
1553,309,38,32
1554,308,38,32
1555,309,38,32
1556,310,38,32
1557,311,38,32
1559,311,39,32
1559,312,41,32
1560,311,39,32
1562,310,36,32
1564,310,34,32
1565,310,34,32
1566,311,34,32
1565,310,34,32
1564,310,35,32
1565,309,35,32
1566,309,35,32
1568,309,35,32
1569,311,35,32
1570,314,35,32
1570,312,35,32
1570,310,35,32
1573,311,35,32
1573,311,35,32
1574,311,34,32
1574,310,35,32
1575,309,35,32
1574,310,35,32
1573,311,35,32
1574,310,35,32
1576,310,35,32
1577,308,35,32
1577,309,35,32
1578,311,35,32
1581,309,35,32
1580,310,38,32
1580,311,38,32
1582,311,38,32
1580,309,38,32
1580,308,38,32
1581,308,38,32
1585,309,32,31
1584,310,32,31
1585,309,32,32
1586,309,32,32
1587,311,32,32
1588,310,35,32
1587,308,35,32
1588,307,38,32
1591,307,38,32
1585,310,38,32
1590,309,38,32
1590,309,38,31
1591,309,37,31
1592,309,36,31
1593,309,35,31
1594,309,34,31
1595,309,33,31
1595,309,34,30
1596,309,33,30
1597,309,32,30
1598,309,31,30
1599,309,30,30
1600,309,29,30
1601,310,29,29
1601,309,29,29
1602,309,29,29
1603,309,29,29
1603,309,29,29
1604,309,29,29
1605,309,29,28
1606,309,29,28
1606,308,29,29
1607,308,29,29
1608,308,29,29
1609,308,29,28
1609,308,29,28
1610,308,29,28
1611,308,29,28
1612,308,29,28
1612,307,29,28
1612,307,29,28
1613,307,29,28
1613,307,29,28
1614,306,29,28
1614,306,29,28
1615,306,29,28
1615,306,29,28
1615,306,29,28
1616,305,29,28
1616,305,29,28
1617,305,29,28
1617,305,29,28
1618,305,29,28
1618,304,29,28
1618,304,29,28
1619,304,29,28
1619,304,29,28
1620,304,29,28
1620,304,29,28
1620,304,29,28
1621,304,29,28
1621,304,29,28
1622,304,29,28
1622,304,29,28
1622,304,29,28
1623,304,29,28
1623,304,29,28
1623,304,29,28
1624,304,29,28
1624,304,29,28
1625,304,29,28
