858,556,44,98
857,555,44,98
856,555,44,98
856,555,44,98
855,555,44,98
854,555,45,98
854,555,44,98
853,555,45,98
852,555,45,98
852,555,45,98
851,555,45,98
851,555,45,98
848,554,45,98
846,553,45,98
844,553,45,98
842,552,45,98
840,552,45,98
837,551,46,98
835,551,46,98
833,550,46,98
831,549,45,98
829,549,45,98
826,548,46,98
824,548,46,98
822,547,46,98
820,547,46,98
818,546,46,98
816,546,46,98
813,544,46,98
811,543,46,98
809,541,46,98
807,540,46,98
805,538,46,98
803,537,46,98
801,536,46,98
799,534,46,98
796,533,46,98
794,531,46,98
792,530,46,98
790,529,46,98
788,527,46,98
786,526,46,98
784,524,46,98
782,523,46,98
780,522,46,98
778,522,46,98
776,522,46,98
774,522,46,98
772,522,46,98
771,522,46,98
769,522,46,98
767,522,46,98
765,522,46,98
763,522,46,98
762,523,46,98
760,523,46,98
758,523,46,98
756,523,46,98
754,523,46,98
753,523,46,98
751,523,46,98
749,523,46,98
747,523,46,98
745,523,46,98
744,524,46,98
742,524,46,98
740,524,46,98
738,524,46,98
736,524,46,98
735,524,46,98
733,524,46,98
731,524,46,98
729,524,46,98
727,524,46,98
726,525,46,98
724,524,46,98
723,524,46,98
721,524,46,98
720,524,46,98
718,524,46,98
717,524,46,98
715,524,46,98
714,524,46,98
712,524,46,98
711,524,46,98
709,524,46,98
708,524,46,98
706,524,46,98
705,524,46,98
703,524,46,98
702,524,46,98
700,524,46,98
699,524,46,98
697,524,46,98
696,524,46,98
694,524,46,98
693,524,46,98
691,524,46,98
690,524,46,98
689,524,46,98
687,523,46,98
686,523,46,98
685,523,46,98
684,522,46,98
683,522,46,98
681,522,47,98
680,522,47,98
679,521,47,98
678,521,47,98
677,521,47,98
676,521,47,98
678,520,47,98
681,519,47,98
684,518,47,98
687,517,47,98
690,516,47,98
693,516,47,98
696,515,47,98
699,514,47,98
702,513,47,98
705,512,47,98
708,512,47,98
711,511,47,98
714,511,47,98
718,510,47,98
721,510,47,98
724,510,47,98
728,509,47,98
731,509,47,98
734,509,47,98
738,508,47,98
741,508,47,98
744,508,47,98
748,507,47,98
751,507,47,98
755,507,47,98
758,506,47,98
761,505,47,98
764,505,47,98
767,504,47,98
770,503,47,98
773,503,47,98
777,502,47,98
780,501,47,98
783,501,47,98
786,500,47,98
789,499,47,98
792,499,47,98
795,498,47,98
799,497,47,98
802,497,47,98
805,496,47,98
808,495,47,98
811,495,47,98
814,494,47,98
818,494,47,98
819,494,47,98
820,494,47,98
821,494,47,98
822,494,47,98
823,494,47,98
825,494,47,98
826,494,47,98
827,494,47,98
828,494,47,98
829,494,47,98
830,494,47,98
832,495,47,98
831,494,47,98
830,494,47,98
829,494,47,98
829,494,47,98
828,494,47,98
827,494,47,98
826,494,48,98
826,494,47,98
825,494,47,98
824,494,47,98
823,494,48,98
823,494,47,98
822,494,47,98
821,494,48,98
820,494,48,98
820,494,47,98
819,494,47,98
818,494,48,98
817,494,48,98
817,494,47,98
816,494,48,98
815,494,48,98
814,494,48,98
814,494,48,98
814,493,48,98
815,493,48,98
816,493,48,98
816,493,48,98
817,493,48,98
818,493,48,98
819,493,48,98
819,493,48,98
820,493,48,98
821,493,48,98
821,493,48,98
822,493,48,98
823,492,48,98
824,492,48,98
824,492,48,98
825,492,48,98
826,492,48,98
826,492,48,98
827,492,48,98
828,492,48,98
829,492,48,98
829,492,48,98
830,492,48,98
831,492,48,98
832,492,48,98
