663,281,40,51
663,281,40,51
663,281,40,51
663,281,40,51
663,281,40,51
663,281,40,51
663,281,40,51
663,281,40,51
663,281,40,51
666,293,34,51
666,293,34,51
666,293,34,51
666,293,34,51
666,293,34,51
666,293,34,51
666,293,34,51
666,293,34,51
658,297,37,54
658,297,37,54
658,297,37,54
658,297,37,54
658,297,37,54
658,297,37,54
658,297,37,54
658,307,38,48
658,307,38,48
658,307,38,48
658,307,38,48
658,307,38,48
658,307,38,48
658,307,38,48
658,307,38,48
658,307,38,48
660,317,35,48
660,317,35,48
660,317,35,48
660,317,35,48
660,317,35,48
660,317,35,48
660,317,35,48
660,317,35,48
660,326,33,45
660,326,33,45
660,326,33,45
660,326,33,45
660,326,33,45
660,326,33,45
660,326,33,45
663,333,29,44
663,333,29,44
663,333,29,44
663,333,29,44
663,333,29,44
663,333,29,44
663,333,29,44
663,333,29,44
663,333,29,44
663,333,29,44
663,333,29,44
663,333,29,44
663,333,29,44
663,333,29,44
663,333,29,44
659,336,34,47
659,336,34,47
659,336,34,47
662,344,28,42
662,344,28,42
662,344,28,42
662,344,28,42
662,344,28,42
662,344,28,42
662,344,28,42
662,344,28,42
662,344,28,42
662,344,28,42
661,349,25,37
661,349,25,37
661,349,25,37
661,349,25,37
661,349,25,37
661,349,25,37
661,349,25,37
661,349,25,37
661,349,25,37
661,349,25,37
661,349,25,37
661,349,25,37
661,349,25,37
661,349,25,37
661,349,25,37
661,349,25,37
661,349,25,37
661,349,25,37
661,349,25,37
661,349,25,37
661,354,30,41
661,354,30,41
661,354,30,41
661,354,30,41
661,354,30,41
661,354,30,41
661,354,30,41
661,354,30,41
661,354,30,41
661,354,30,41
661,354,30,41
661,354,30,41
661,354,30,41
661,354,30,41
661,354,30,41
663,357,29,40
663,357,29,40
663,357,29,40
663,357,29,40
663,357,29,40
663,357,29,40
663,357,29,40
663,357,29,40
663,357,29,40
663,357,29,40
663,357,29,40
663,357,29,40
663,357,29,40
663,357,29,40
663,357,29,40
663,357,29,40
663,357,29,40
663,357,29,40
663,357,29,40
663,357,29,40
663,357,29,40
663,357,29,40
663,357,29,40
663,357,29,40
668,362,24,40
668,362,24,40
668,362,24,40
668,362,24,40
668,362,24,40
668,362,24,40
668,362,24,40
668,362,24,40
668,364,25,40
668,364,25,40
668,364,25,40
668,364,25,40
668,364,25,40
668,364,25,40
668,364,25,40
668,364,25,40
668,364,25,40
668,364,25,40
668,364,25,40
668,364,25,40
668,364,25,40
668,364,25,40
668,364,25,40
668,364,25,40
668,364,25,40
668,364,25,40
668,364,25,40
673,368,24,39
673,368,24,39
673,368,24,39
673,368,24,39
673,368,24,39
673,368,24,39
673,368,24,39
673,368,24,39
673,368,24,39
673,368,24,39
673,368,24,39
673,368,24,39
673,368,24,39
673,368,24,39
673,368,24,39
673,368,24,39
673,368,24,39
673,368,24,39
673,368,24,39
673,368,24,39
675,372,23,41
675,372,23,41
675,372,23,41
675,372,23,41
675,372,23,41
675,372,23,41
675,372,23,41
675,372,23,41
675,372,23,41
675,372,23,41
675,372,23,41
675,372,23,41
675,372,23,41
675,372,23,41
675,372,23,41
677,374,26,41
677,374,26,41
677,374,26,41
677,374,26,41
677,374,26,41
677,374,26,41
677,374,26,41
677,374,26,41
677,374,26,41
677,374,26,41
677,374,26,41
677,374,26,41
677,374,26,41
677,374,26,41
677,374,26,41
677,374,26,41
676,375,28,35
676,375,28,35
676,375,28,35
676,375,28,35
676,375,28,35
676,375,28,35
676,375,28,35
676,375,28,35
676,375,28,35
676,375,28,35
676,375,28,35
676,375,28,35
676,375,28,35
676,375,28,35
676,375,28,35
676,375,28,35
676,375,28,35
676,375,28,35
676,375,28,35
676,375,28,35
676,375,28,35
667,379,37,33
667,379,37,33
667,379,37,33
667,379,37,33
667,379,37,33
667,379,37,33
667,379,37,33
667,379,37,33
667,379,37,33
667,379,37,33
667,379,37,33
667,379,37,33
667,379,37,33
667,379,37,33
667,379,37,33
667,379,37,33
667,379,37,33
667,379,37,33
667,379,37,33
667,379,37,33
667,379,37,33
667,379,37,33
667,379,37,33
667,379,37,33
667,379,37,33
667,379,37,33
667,379,37,33
667,379,37,33
667,379,37,33
667,379,37,33
667,379,37,33
667,379,37,33
662,373,35,41
662,373,35,41
662,373,35,41
662,373,35,41
662,373,35,41
662,373,35,41
662,373,35,41
662,373,35,41
662,373,35,41
662,373,35,41
662,373,35,41
662,373,35,41
662,373,35,41
662,373,35,41
662,373,35,41
662,373,35,41
662,373,35,41
662,373,35,41
662,373,35,41
662,373,35,41
662,373,35,41
662,373,35,41
662,373,35,41
662,373,35,41
662,373,35,41
662,373,35,41
662,373,35,41
662,373,35,41
662,373,35,41
662,373,35,41
662,373,35,41
662,373,35,41
662,373,35,41
662,373,35,41
662,373,35,41
662,373,35,41
662,373,35,41
662,373,35,41
662,373,35,41
662,373,35,41
662,373,35,41
662,373,35,41
662,373,35,41
662,373,35,41
662,373,35,41
662,373,35,41
662,373,35,41
662,373,35,41
662,373,35,41
662,373,35,41
662,373,35,41
662,373,35,41
662,373,35,41
662,373,35,41
662,373,35,41
662,373,35,41
662,373,35,41
662,373,35,41
662,373,35,41
662,379,44,44
662,379,44,44
662,379,44,44
662,379,44,44
662,379,44,44
662,379,44,44
662,379,44,44
662,379,44,44
662,379,44,44
662,379,44,44
662,379,44,44
662,379,44,44
662,379,44,44
662,379,44,44
662,379,44,44
662,379,44,44
662,379,44,44
662,379,44,44
662,379,44,44
662,379,44,44
662,379,44,44
662,379,44,44
662,379,44,44
662,379,44,44
662,379,44,44
662,379,44,44
662,379,44,44
662,379,44,44
662,379,44,44
662,379,44,44
662,379,44,44
662,379,44,44
662,379,44,44
662,379,44,44
662,379,44,44
662,379,44,44
662,379,44,44
662,379,44,44
662,379,44,44
662,379,44,44
662,379,44,44
662,379,44,44
662,379,44,44
662,379,44,44
659,363,49,56
659,363,49,56
659,363,49,56
659,363,49,56
659,363,49,56
659,363,49,56
659,363,49,56
659,363,49,56
659,363,49,56
659,363,49,56
659,363,49,56
659,363,49,56
659,363,49,56
659,363,49,56
659,363,49,56
659,363,49,56
659,363,49,56
659,363,49,56
659,363,49,56
659,363,49,56
659,363,49,56
652,358,49,57
652,358,49,57
652,358,49,57
652,358,49,57
652,358,49,57
652,358,49,57
652,358,49,57
652,358,49,57
652,358,49,57
652,358,49,57
652,358,49,57
652,358,49,57
656,352,44,58
656,352,44,58
656,352,44,58
656,352,44,58
656,352,44,58
656,352,44,58
656,352,44,58
656,352,44,58
656,352,44,58
656,352,44,58
655,336,43,55
655,336,43,55
655,336,43,55
655,336,43,55
655,336,43,55
655,336,43,55
655,336,43,55
655,336,43,55
655,336,43,55
655,336,43,55
655,336,43,55
649,327,59,59
649,327,59,59
649,326,58,59
649,326,58,59
649,326,58,58
649,326,58,58
650,325,57,58
650,325,57,58
650,325,57,57
650,325,57,57
650,325,57,56
651,324,56,57
651,324,56,56
651,324,56,56
651,324,56,56
651,324,56,55
652,323,55,56
652,323,55,55
652,323,55,55
652,323,55,54
652,323,55,54
653,322,54,54
653,322,54,54
653,322,54,53
653,322,54,53
654,322,53,53
653,321,53,53
653,321,53,53
653,320,53,53
653,320,53,53
653,320,53,53
652,319,53,53
652,319,53,53
652,318,53,53
652,318,53,53
652,318,53,53
651,318,53,52
651,318,53,52
651,319,52,51
651,319,52,51
651,319,52,51
651,320,51,50
651,320,51,50
651,320,51,50
651,321,50,49
651,321,50,49
651,322,49,48
651,322,49,48
651,322,49,48
651,323,48,47
651,323,48,47
651,323,48,47
651,324,47,46
651,324,47,46
651,325,47,45
651,326,47,45
651,328,47,45
651,330,47,44
651,331,47,45
651,333,47,44
651,335,47,44
651,335,47,44
651,335,47,44
651,336,47,44
651,336,47,44
651,337,47,44
651,337,47,44
651,337,47,44
651,338,47,44
651,338,47,44
651,339,47,44
651,339,47,44
651,339,47,44
651,340,47,44
651,340,47,44
651,341,47,44
651,340,47,45
651,340,47,45
651,340,47,45
652,340,46,45
652,340,46,45
661,342,32,45
661,342,32,45
661,342,32,45
661,342,32,45
661,342,32,45
661,342,32,45
661,342,32,45
661,342,32,45
661,342,32,45
661,342,32,45
661,342,32,45
661,342,32,45
661,342,32,45
661,342,32,45
661,342,32,45
661,342,32,45
661,342,32,45
661,342,32,45
661,342,32,45
661,342,32,45
661,342,32,45
661,342,32,45
661,342,32,45
661,342,32,45
661,342,32,45
661,342,32,45
661,342,32,45
661,342,32,45
661,342,32,45
661,342,32,45
661,342,32,45
661,342,32,45
661,342,32,45
661,342,32,45
661,342,32,45
661,342,32,45
661,342,32,45
661,342,32,45
661,342,32,45
661,342,32,45
661,342,32,45
661,342,32,45
661,342,32,45
661,342,32,45
661,342,32,45
661,342,32,45
661,342,32,45
661,342,32,45
661,342,32,45
661,342,32,45
661,342,32,45
661,342,32,45
661,342,32,45
661,342,32,45
661,342,32,45
661,342,32,45
661,342,32,45
661,342,32,45
661,342,32,45
661,342,32,45
661,342,32,45
661,342,32,45
661,342,32,45
661,342,32,45
665,353,23,31
665,353,23,31
665,353,23,31
665,353,23,31
665,353,23,31
665,353,23,31
665,353,23,31
665,353,23,31
665,353,23,31
665,353,23,31
665,353,23,31
665,353,23,31
665,353,23,31
665,353,23,31
665,353,23,31
665,353,23,31
665,353,23,31
665,353,23,31
665,353,23,31
665,353,23,31
666,353,24,38
666,353,24,38
666,353,24,38
666,353,24,38
666,353,24,38
666,353,24,38
666,353,24,38
666,353,24,38
666,353,24,38
666,353,24,38
666,353,24,38
666,353,24,38
666,353,24,38
666,353,24,38
666,353,24,38
666,353,24,38
666,353,24,38
666,353,24,38
666,353,24,38
666,353,24,38
666,353,24,38
666,353,24,38
666,353,24,38
666,353,24,38
666,353,24,38
668,359,27,37
668,359,27,37
668,359,27,37
668,359,27,37
668,359,27,37
668,359,27,37
668,359,27,37
668,359,27,37
668,359,27,37
668,359,27,37
668,359,27,37
668,359,27,37
668,359,27,37
668,359,27,37
668,359,27,37
668,359,27,37
668,359,27,37
668,359,27,37
668,359,27,37
668,359,27,37
668,359,27,37
668,359,27,37
668,359,27,37
668,359,27,37
668,359,27,37
668,359,27,37
668,359,27,37
668,359,27,37
668,359,27,37
668,359,27,37
668,359,27,37
668,359,27,37
668,359,27,37
668,359,27,37
668,359,27,37
668,359,27,37
668,359,27,37
668,359,27,37
668,359,27,37
664,365,31,35
664,365,31,35
664,365,31,35
664,366,31,34
664,366,31,34
664,366,31,34
664,366,30,34
664,366,30,34
664,366,30,34
664,367,30,33
664,367,30,33
664,367,30,33
664,367,30,33
664,367,30,33
664,367,30,33
664,368,30,32
664,368,30,32
664,368,30,32
664,368,30,32
664,368,30,32
664,368,30,32
664,369,30,31
664,369,30,31
664,369,30,31
664,369,30,31
664,369,30,31
664,369,30,31
664,370,30,30
664,370,30,30
664,370,30,30
664,370,30,30
664,370,30,30
664,370,30,30
664,371,30,29
664,371,30,29
664,371,30,29
664,371,30,29
664,371,30,29
664,371,30,29
664,372,30,28
664,371,30,28
664,371,30,28
664,371,30,28
664,371,30,28
664,371,30,28
664,371,30,28
664,371,30,28
664,371,30,28
664,371,30,28
664,371,30,28
664,371,30,28
664,371,30,28
664,371,30,28
664,371,30,28
664,371,30,28
665,371,29,28
665,371,29,28
665,371,29,28
665,371,29,28
665,371,30,28
665,371,30,28
665,371,30,28
665,371,30,28
665,371,30,28
665,371,30,28
665,371,30,28
665,370,30,29
665,370,30,29
665,370,30,29
665,370,30,29
665,370,30,29
666,370,29,29
666,370,29,29
666,370,29,29
666,370,29,29
666,370,29,29
666,370,29,29
666,370,29,29
666,370,29,29
666,370,30,28
666,370,30,28
666,370,30,28
666,370,30,28
666,370,30,28
666,370,30,28
666,370,30,28
666,370,30,28
667,370,29,28
667,370,29,28
667,370,29,28
667,370,29,28
667,370,29,28
667,369,29,29
667,369,29,29
667,369,29,29
667,369,29,29
667,369,29,29
667,369,29,29
667,369,29,29
667,369,30,29
667,369,30,29
667,369,30,29
667,369,30,29
668,369,29,29
668,369,29,29
668,369,29,29
668,369,29,29
668,369,29,29
668,369,29,29
668,369,29,29
668,369,29,29
668,369,29,29
668,369,29,29
668,369,29,29
668,369,29,29
668,369,29,29
668,369,29,29
668,369,29,29
669,369,29,29
668,369,29,29
668,369,29,29
668,369,29,29
668,369,29,29
668,369,29,29
668,369,29,29
668,369,29,29
668,369,29,29
668,369,29,29
667,369,29,29
667,369,29,29
667,369,29,29
667,369,29,29
667,369,29,29
667,369,29,29
667,369,29,29
667,369,29,29
667,369,29,29
666,369,29,29
666,369,29,29
666,369,29,29
666,369,29,29
666,369,29,29
666,369,29,29
666,369,29,29
666,369,29,29
666,369,29,29
665,369,29,29
665,369,29,29
665,369,29,29
665,369,29,29
665,369,29,29
665,369,29,29
665,369,29,29
665,369,29,29
665,369,29,29
665,368,29,29
665,368,29,29
665,368,29,29
665,368,29,29
665,368,29,29
665,368,29,29
665,368,29,29
665,368,29,29
665,368,29,29
665,368,29,29
665,368,29,29
665,368,29,29
665,368,29,29
665,368,29,29
665,368,29,29
665,368,29,29
665,368,29,29
665,368,29,29
665,368,29,29
665,368,29,29
665,368,29,29
665,368,29,29
665,368,29,29
665,368,29,29
665,369,29,29
665,369,29,29
665,369,29,29
665,369,29,29
665,369,29,29
665,369,29,29
665,369,29,29
665,369,29,29
665,369,29,29
665,369,29,29
665,369,29,29
665,369,29,29
665,369,29,29
665,369,29,29
665,369,29,29
665,369,29,29
665,369,29,29
665,369,29,29
665,369,29,29
665,369,29,29
665,369,29,29
665,369,29,29
665,369,29,29
665,369,29,29
665,370,29,29
664,369,29,29
664,369,29,29
664,369,29,29
664,369,29,29
664,369,29,29
664,369,29,29
664,369,29,29
664,369,29,29
664,369,29,29
664,369,29,29
664,369,29,29
664,369,29,29
664,369,29,29
663,368,29,29
663,368,29,29
663,368,29,29
663,368,29,29
663,368,29,29
663,368,29,29
663,368,29,29
663,368,29,29
663,368,29,29
663,368,29,29
663,368,29,29
663,368,29,29
663,368,29,29
662,367,29,29
662,367,29,29
662,367,29,29
662,367,29,29
662,367,29,29
662,367,29,29
662,367,29,29
662,367,29,29
662,367,29,29
662,367,29,29
662,367,29,29
662,367,29,29
662,367,29,29
662,367,29,29
662,367,29,29
662,367,29,29
662,367,29,29
662,367,29,29
662,367,29,29
662,367,29,29
662,367,29,29
662,367,29,29
662,367,29,29
662,367,29,29
662,367,29,29
662,367,29,29
662,367,29,29
662,367,29,29
662,367,29,29
662,367,29,29
662,367,29,29
662,367,29,29
662,367,29,29
662,367,29,29
662,367,29,29
662,367,29,29
662,367,29,29
662,367,29,29
662,367,29,29
663,367,29,29
663,367,29,29
663,367,29,29
663,367,29,29
663,367,29,29
663,367,29,29
663,367,29,29
663,367,29,29
663,367,29,29
663,367,29,29
663,367,29,29
663,367,29,29
663,367,29,29
663,367,29,29
663,367,29,29
663,367,29,29
663,367,29,29
663,367,29,29
663,367,29,29
663,367,29,29
664,368,29,29
664,368,29,29
664,368,29,29
664,368,29,29
664,368,29,29
664,368,29,29
664,368,29,29
664,368,29,29
664,368,29,29
664,368,29,29
664,368,29,29
664,368,29,29
664,368,29,29
664,368,29,29
664,368,29,29
664,368,29,29
664,368,29,29
664,368,29,29
664,368,29,29
664,368,29,29
665,368,29,29
665,368,29,29
665,368,29,29
665,368,29,29
665,368,29,29
665,368,29,29
665,368,29,29
665,368,29,29
665,368,29,29
665,368,29,29
665,368,29,29
665,368,29,29
665,368,29,29
665,368,29,29
665,368,29,29
665,368,29,29
665,368,29,29
665,368,29,29
665,368,29,29
665,368,29,29
665,368,29,29
666,369,29,29
666,369,29,29
666,369,29,29
666,369,29,29
666,369,29,29
666,369,29,29
666,369,29,29
666,369,29,29
666,369,29,29
666,369,29,29
666,369,29,29
666,369,29,29
666,369,29,29
666,369,29,29
666,369,29,29
666,369,29,29
666,369,29,29
666,369,29,29
666,369,29,29
666,369,29,29
667,369,29,29
667,369,29,29
667,369,29,29
667,369,29,29
667,369,29,29
667,369,29,29
667,369,29,29
667,369,29,29
667,369,29,29
667,369,29,29
667,369,29,29
667,369,29,29
667,369,29,29
667,369,29,29
667,369,29,29
667,369,29,29
667,369,29,29
667,369,29,29
667,369,29,29
667,369,29,29
668,370,29,29
668,370,29,29
668,370,29,29
668,370,29,30
668,371,29,29
668,371,29,30
668,371,29,30
668,372,29,29
668,372,29,30
668,372,29,30
669,373,29,30
669,373,29,30
670,374,29,30
670,374,29,30
671,375,29,30
672,376,29,30
672,376,29,30
673,377,29,30
673,377,29,30
674,378,29,30
674,379,29,29
675,379,29,30
675,380,29,29
676,381,29,29
676,381,29,29
676,382,29,29
677,382,29,29
677,383,29,29
677,383,29,29
678,384,29,29
678,384,29,29
679,385,29,29
679,385,29,29
680,385,29,29
681,385,29,29
