418,499,15,16
418,498,14,16
418,498,14,16
418,498,14,16
418,498,14,16
418,498,14,16
418,498,14,16
418,498,14,16
418,498,14,16
418,498,14,16
418,498,14,16
418,498,14,16
418,498,14,16
418,498,14,16
418,498,14,16
418,498,14,16
418,498,14,16
418,498,14,16
418,498,14,16
418,498,14,16
418,498,14,16
418,498,14,16
418,498,14,16
418,498,14,16
418,498,14,16
418,497,14,17
418,497,14,17
418,497,14,17
418,497,14,17
418,497,14,17
418,497,14,17
418,497,14,17
418,497,14,17
418,497,14,17
418,497,14,17
418,497,14,17
418,497,14,17
418,497,14,17
418,497,14,17
418,497,14,17
418,497,14,17
418,497,14,17
418,497,14,17
418,497,14,17
418,497,14,17
418,497,14,17
418,497,14,17
418,497,14,17
418,497,14,17
418,496,14,17
418,496,14,17
418,496,14,17
418,496,14,17
418,496,14,17
418,496,14,17
419,496,13,17
419,496,13,17
419,496,13,17
419,495,14,17
419,495,14,17
419,495,14,17
420,495,13,17
420,495,13,17
420,495,13,17
420,495,13,17
420,495,13,17
420,495,13,17
421,495,13,17
421,494,13,17
421,494,13,17
421,494,13,17
421,494,13,17
421,494,13,17
421,493,13,17
421,493,13,17
421,493,13,17
421,493,13,17
422,493,13,17
422,492,13,17
422,492,13,17
422,492,13,17
422,492,13,17
422,492,13,17
422,491,13,17
422,491,13,17
422,491,13,17
422,491,13,17
423,491,13,17
423,490,13,17
423,490,13,17
423,490,13,17
423,490,13,17
423,490,13,17
423,489,13,17
423,489,13,17
423,489,13,17
424,489,13,17
424,489,13,17
424,489,13,17
424,488,13,17
424,488,13,17
424,488,13,17
424,488,13,17
424,488,13,17
425,488,13,17
425,487,13,17
425,487,13,17
425,487,13,17
425,487,13,17
425,487,13,17
425,487,13,17
425,486,14,17
425,486,14,17
425,486,14,17
426,486,13,17
426,486,13,17
426,486,13,17
426,485,14,17
426,485,14,17
426,485,14,17
426,485,14,17
426,485,14,17
426,485,14,17
427,485,14,17
426,484,15,17
426,484,15,17
426,484,15,16
426,484,15,16
426,484,15,16
426,483,15,16
426,483,15,16
426,483,15,16
426,483,15,16
426,483,15,15
426,482,15,16
426,482,15,16
427,482,14,16
427,482,14,15
427,482,15,15
427,481,15,16
427,481,15,16
427,481,15,15
427,481,15,15
428,481,14,15
428,480,14,16
428,480,14,16
428,480,14,15
428,480,14,15
428,480,15,15
428,479,15,16
428,479,15,15
429,479,14,15
429,479,14,15
429,479,14,15
429,478,14,15
429,478,14,15
429,478,14,15
429,478,14,15
430,478,14,15
430,477,14,15
430,477,14,15
430,477,14,15
430,477,15,15
430,476,15,16
431,476,14,16
431,476,14,16
431,476,15,16
431,475,15,16
431,475,15,16
432,475,14,16
432,475,15,16
432,474,15,17
432,474,15,17
432,474,15,17
433,474,15,17
433,473,15,17
433,473,15,17
433,473,16,16
434,472,15,17
434,472,15,17
434,472,16,16
434,471,16,17
435,471,15,17
435,471,16,16
435,470,16,17
435,470,17,16
436,470,16,16
436,469,16,17
436,469,17,16
436,469,17,16
437,468,16,17
437,468,17,16
437,468,17,16
438,468,17,16
438,467,17,16
438,467,17,16
439,467,17,16
439,466,17,16
440,466,17,16
440,466,17,16
441,465,17,16
441,465,17,16
442,465,17,16
442,464,17,16
443,464,17,16
443,464,17,16
444,463,17,16
444,463,17,16
445,463,17,16
445,462,17,16
445,462,17,16
446,462,17,16
446,461,17,16
447,461,17,16
447,461,17,16
448,460,17,16
448,460,17,16
449,460,17,16
449,459,17,16
450,459,17,16
450,459,17,16
451,458,17,16
451,458,17,16
452,458,17,16
452,457,17,16
453,457,17,16
453,456,17,16
454,456,17,16
454,456,17,16
455,455,17,16
455,455,17,16
456,455,17,16
456,454,17,16
457,454,17,16
457,453,17,16
458,453,17,16
458,453,17,16
459,452,17,16
459,452,17,16
460,452,17,16
460,451,17,16
461,451,17,16
461,450,17,16
462,450,17,16
462,450,17,16
463,449,17,16
463,449,17,16
464,449,17,16
464,448,17,16
465,448,17,16
465,447,17,16
466,447,17,16
466,447,17,16
467,446,17,16
467,446,17,16
468,446,17,16
468,445,17,16
469,445,17,16
470,445,17,16
470,444,17,16
470,444,17,16
471,443,17,16
471,443,17,16
472,442,17,16
472,442,17,16
473,442,17,16
473,441,17,16
474,441,17,16
474,440,17,16
475,440,17,16
475,440,17,16
476,439,17,16
476,439,17,16
477,438,17,16
477,438,17,16
478,438,17,16
478,437,17,16
479,437,17,16
479,436,17,16
480,436,17,16
480,436,17,16
480,435,17,16
481,435,17,16
481,434,17,16
482,434,17,16
482,434,17,16
483,433,17,16
483,433,17,16
484,432,17,16
484,432,17,16
485,432,17,16
485,431,17,16
486,431,17,16
486,430,17,16
487,430,17,16
487,430,17,16
488,429,17,16
488,429,17,16
489,428,17,16
489,428,17,16
490,428,17,16
490,427,17,16
490,427,17,16
491,426,17,16
491,426,17,16
492,426,16,16
492,425,17,16
493,425,16,16
493,425,17,16
493,424,17,16
494,424,16,16
494,424,17,16
495,423,16,16
495,423,17,16
496,423,16,16
496,422,16,16
496,422,17,16
497,422,16,16
497,421,17,16
498,421,16,16
498,421,16,16
499,420,16,16
499,420,16,16
500,420,16,16
500,419,16,16
500,419,16,16
501,418,16,16
501,418,16,16
502,418,16,16
502,417,16,16
502,417,16,16
503,417,16,16
503,416,16,16
504,416,16,16
504,416,16,16
504,415,16,16
505,415,16,16
505,415,16,16
506,414,16,16
506,414,16,16
507,414,16,16
507,413,16,16
507,413,16,16
508,412,15,16
508,412,15,16
508,412,16,16
509,411,15,16
509,411,15,16
509,411,15,16
510,410,15,16
510,410,15,16
510,410,15,15
511,409,14,16
511,409,15,16
511,409,15,15
512,408,14,16
512,408,14,16
512,408,15,15
513,407,14,16
513,407,14,16
513,407,14,15
514,406,14,16
514,406,14,15
514,406,14,15
515,405,13,16
515,405,14,15
515,405,14,15
516,404,13,16
516,404,13,15
516,404,14,15
517,403,13,16
517,403,13,15
517,403,13,15
518,402,13,15
518,402,13,15
518,402,13,15
519,401,12,15
519,401,13,15
519,401,13,15
520,400,12,15
520,400,12,15
521,400,12,15
521,399,12,15
521,399,12,15
521,399,12,15
521,398,12,15
521,398,13,15
521,398,13,15
522,398,12,15
522,397,12,15
522,397,12,15
522,397,13,15
522,397,13,14
522,396,13,15
523,396,12,15
523,396,12,15
523,396,13,14
523,395,13,15
523,395,13,15
523,395,13,14
524,395,12,14
524,394,13,15
524,394,13,15
524,394,13,14
524,394,13,14
524,393,13,15
525,393,13,15
525,393,13,14
525,392,13,15
525,392,13,15
525,392,13,14
525,392,14,14
525,391,14,15
526,391,13,15
526,391,13,14
526,391,13,14
526,390,14,15
526,390,14,14
526,390,14,14
527,390,13,14
527,389,13,15
527,389,14,14
527,389,14,14
527,389,14,14
527,388,14,14
528,388,13,14
528,388,14,14
528,388,14,14
528,387,14,14
528,387,14,14
528,387,14,14
529,387,14,14
529,386,14,14
529,386,14,14
529,385,14,14
530,385,13,14
530,385,14,14
530,384,14,14
531,384,13,14
531,383,13,15
531,383,13,14
532,383,13,14
532,382,13,15
532,382,13,14
532,381,13,15
533,381,12,14
533,381,13,14
533,380,13,15
534,380,12,14
534,379,12,15
534,379,13,15
535,379,12,14
535,378,12,15
535,378,12,15
535,377,12,15
536,377,12,15
536,377,12,14
536,376,12,15
537,376,11,15
537,375,11,15
537,375,12,15
538,375,11,15
538,374,11,15
538,374,11,15
539,374,11,15
539,373,11,15
539,373,11,15
539,373,11,15
539,373,11,14
539,372,12,15
539,372,12,15
540,372,11,15
540,372,11,14
540,371,12,15
540,371,12,15
540,371,12,15
540,371,12,14
540,370,13,15
541,370,12,15
541,370,12,15
541,370,12,14
541,370,13,14
541,369,13,15
541,369,13,14
541,369,13,14
542,369,12,14
542,368,13,15
542,368,13,14
542,368,13,14
542,368,13,14
542,367,14,15
542,367,14,14
543,367,13,14
543,367,13,14
543,366,14,15
543,366,14,14
543,366,14,14
543,366,14,14
544,366,14,14
544,365,13,14
544,365,13,14
544,365,13,14
544,365,13,14
544,365,13,14
544,365,13,14
544,365,13,14
544,365,13,14
544,365,13,14
544,365,13,14
544,365,13,14
544,365,13,14
544,365,13,13
544,365,13,13
544,365,13,13
544,365,13,13
544,365,13,13
544,365,13,13
544,365,12,13
544,365,12,13
544,365,12,13
544,365,12,13
544,365,12,13
544,365,12,13
544,365,12,12
544,365,12,12
544,365,12,12
544,365,12,12
544,365,12,12
544,365,12,12
544,365,12,12
544,365,12,12
544,365,12,12
544,365,12,12
544,365,12,12
544,365,12,12
544,365,12,12
544,364,12,13
544,364,12,13
544,364,12,13
544,364,12,13
544,364,12,13
544,364,12,13
544,364,12,13
544,364,12,13
544,364,12,13
544,364,12,13
544,364,12,13
544,364,12,13
544,364,12,13
544,364,12,13
544,364,12,13
544,364,12,13
544,364,12,13
544,363,13,14
544,363,13,14
544,363,13,14
544,363,13,14
544,363,13,14
544,363,13,14
544,363,13,14
544,363,13,14
544,363,13,14
544,363,13,14
544,363,13,14
544,363,13,14
544,363,13,14
544,363,13,14
544,363,13,14
544,363,13,14
544,363,13,14
544,362,14,15
544,362,14,15
544,362,14,15
544,362,14,15
544,362,14,15
544,362,14,15
544,362,14,15
544,362,14,15
544,362,14,15
544,362,14,15
544,362,14,15
544,362,14,15
544,362,14,15
544,362,14,15
544,362,14,15
544,362,14,15
544,362,14,15
544,362,15,15
544,361,15,15
544,361,15,15
544,361,15,15
544,361,15,15
544,360,15,15
544,360,15,15
545,360,15,15
545,360,15,15
545,359,15,15
545,359,15,15
545,359,15,15
545,359,15,15
546,359,15,15
546,358,15,15
546,358,15,15
546,358,15,15
546,358,15,15
546,358,15,14
546,358,15,14
546,358,15,14
547,357,14,15
547,357,14,14
547,357,14,14
547,357,15,14
547,357,15,14
547,357,15,14
547,357,15,13
548,356,14,14
548,356,14,14
548,356,14,14
548,356,14,13
548,356,14,13
548,356,14,13
548,356,14,13
549,356,14,13
549,355,14,13
549,355,14,13
549,355,14,13
549,355,14,13
549,355,14,13
549,355,14,13
549,355,14,13
549,354,14,14
549,354,14,14
549,354,14,14
549,354,14,14
549,354,14,14
550,354,13,14
550,354,13,14
550,354,13,14
550,353,13,15
550,353,13,15
550,353,13,15
550,353,13,15
550,353,13,15
550,353,13,15
550,353,13,15
550,353,13,15
550,352,13,16
550,352,13,16
551,352,12,16
551,352,12,16
551,352,12,16
551,352,12,16
551,352,12,16
551,352,12,16
551,351,12,17
551,351,12,17
551,351,12,17
551,351,12,17
551,351,12,17
551,351,12,17
551,351,12,17
552,351,12,17
552,350,12,17
552,350,12,17
552,349,12,17
552,349,12,17
552,349,12,16
552,348,12,17
552,348,12,17
552,348,12,16
553,347,11,17
553,347,11,16
553,347,11,16
553,346,11,16
553,346,12,16
553,346,12,16
553,345,12,16
553,345,12,16
553,345,12,15
554,344,11,16
554,344,11,15
554,344,11,15
554,343,11,16
554,343,11,15
554,343,11,15
554,342,11,15
554,342,11,15
555,342,11,15
555,341,11,15
555,341,11,15
555,341,11,15
555,341,12,15
555,341,12,15
555,341,12,15
555,340,12,15
555,340,13,15
556,340,12,15
556,340,12,15
556,340,13,15
556,340,13,15
556,339,13,15
556,339,13,15
556,339,14,15
556,339,14,15
556,339,14,15
557,339,14,15
557,338,14,16
557,338,14,16
557,338,14,16
557,338,14,16
557,338,14,16
557,338,14,16
557,338,14,16
558,338,13,16
558,338,13,16
558,338,13,16
558,338,13,16
558,338,13,16
558,338,13,16
558,338,13,16
558,338,13,16
559,338,12,16
559,338,12,16
559,338,12,16
559,338,12,16
559,338,12,16
559,338,12,16
559,338,12,16
559,338,12,16
559,338,12,16
559,338,12,16
559,338,12,16
559,338,12,16
559,338,12,16
559,338,12,16
559,338,12,16
559,338,12,16
