653,718,55,37
652,716,55,38
652,714,55,40
651,713,56,41
651,711,56,43
650,710,57,44
650,708,57,46
649,706,58,48
649,705,58,49
648,703,59,51
648,702,59,52
647,700,60,54
647,698,60,56
646,697,61,57
646,695,61,59
645,694,62,60
645,692,62,62
645,691,62,63
645,689,61,64
645,687,61,66
645,686,61,67
645,684,61,69
645,683,61,70
645,681,61,72
645,679,61,73
645,678,61,74
645,676,61,76
645,675,61,77
645,673,61,79
645,672,61,80
644,670,61,80
644,669,61,80
644,668,61,80
644,667,61,80
644,666,61,80
644,665,61,80
644,664,61,80
644,663,61,80
643,661,61,80
643,660,61,80
643,659,61,80
643,658,61,80
643,657,61,80
643,656,61,80
643,655,61,80
643,654,61,80
643,653,61,80
642,651,61,80
642,650,61,79
642,649,61,79
642,648,60,78
641,647,61,78
641,645,61,78
641,644,60,78
641,643,60,77
640,642,61,76
640,641,60,76
640,639,60,76
640,638,60,76
639,637,60,75
639,636,60,75
639,635,60,74
639,634,60,74
638,632,60,74
638,631,60,74
638,630,60,74
638,629,60,74
638,628,60,73
638,627,60,73
637,626,60,73
637,625,60,73
637,624,60,72
637,623,60,72
637,622,60,72
637,621,60,72
637,620,60,72
637,619,59,72
637,618,59,72
637,618,59,71
637,617,59,71
637,617,59,71
637,616,59,71
637,616,59,70
637,615,59,70
637,615,59,70
636,614,59,70
636,614,59,70
636,613,59,70
636,613,59,70
636,612,59,70
636,612,59,70
636,611,59,70
636,611,59,70
636,610,59,70
636,610,59,70
636,609,59,70
636,609,59,70
636,608,59,70
636,608,59,70
635,607,59,70
635,607,59,70
635,606,59,70
635,606,59,70
635,605,59,70
635,605,59,70
635,604,59,70
635,604,59,70
635,603,59,70
635,603,59,70
635,602,59,70
635,602,59,70
635,601,59,70
635,601,59,70
634,601,59,70
634,601,59,70
634,601,59,70
634,601,59,70
634,601,59,70
634,601,59,70
634,601,59,70
634,601,59,70
634,601,59,70
634,601,59,70
634,601,59,70
634,601,59,70
634,601,59,70
633,601,59,70
633,601,59,70
633,601,59,70
633,601,59,70
633,601,59,70
633,601,59,70
633,601,59,70
633,601,59,70
633,601,59,70
633,601,59,70
633,601,59,70
633,601,59,70
633,601,59,70
632,601,59,70
632,601,59,70
632,601,59,70
632,601,59,70
632,601,59,70
632,601,59,70
632,601,59,70
632,601,59,70
632,601,59,70
632,601,59,70
632,601,59,70
632,601,59,70
632,601,59,70
632,601,59,70
631,601,59,70
631,601,59,70
631,601,59,70
631,601,59,70
631,601,59,70
631,601,59,70
631,601,59,70
631,601,59,70
631,601,59,70
631,601,59,70
631,601,59,70
631,601,59,70
631,601,59,70
630,601,59,70
630,601,59,70
630,601,59,70
630,601,59,70
630,601,59,70
630,601,59,70
630,601,59,70
630,601,59,70
630,601,59,70
630,601,59,70
630,601,59,70
630,601,59,70
630,601,59,70
629,601,59,70
629,601,59,70
629,601,59,70
629,601,59,70
629,601,59,70
629,601,59,70
629,601,59,70
629,601,59,70
629,601,59,70
629,601,59,70
629,601,59,70
629,601,59,70
629,601,59,70
629,601,59,70
628,601,59,70
628,601,59,70
628,601,59,70
628,601,59,70
628,601,59,70
628,601,59,70
628,601,59,70
628,601,58,70
628,601,58,70
628,601,58,70
628,601,58,70
628,601,58,70
628,601,58,70
628,602,58,69
627,602,58,69
627,602,58,69
627,602,58,70
626,603,58,69
626,603,58,69
626,603,58,70
625,604,58,69
625,604,58,70
625,604,58,70
624,605,58,69
624,605,58,70
624,605,58,70
623,606,58,69
623,606,58,70
623,606,58,70
623,607,58,70
622,607,58,70
622,607,58,70
621,608,59,69
621,608,58,70
621,608,58,70
620,609,59,69
620,609,58,70
619,609,59,70
619,610,59,69
619,610,58,69
618,610,59,70
618,611,59,69
618,611,58,69
617,611,59,70
617,612,59,69
616,612,59,69
616,612,59,69
616,613,59,69
615,613,59,69
615,613,59,69
615,614,59,69
614,614,59,69
613,614,59,69
613,614,59,70
612,614,59,70
611,614,59,70
610,614,59,70
610,614,59,70
609,614,59,70
608,615,59,70
608,615,59,70
607,615,59,70
606,615,59,70
606,615,59,70
605,616,59,70
604,616,59,70
604,616,59,70
603,616,59,70
602,616,59,70
602,617,59,70
601,617,59,70
600,617,60,70
599,617,61,70
598,617,62,70
597,618,63,69
596,618,63,69
595,618,64,69
594,618,65,69
594,619,65,69
593,619,66,69
592,619,67,69
591,619,68,69
590,619,69,69
589,619,70,69
588,619,70,69
587,619,71,69
586,619,71,69
585,619,72,69
584,619,72,70
583,620,73,69
583,620,73,69
582,620,73,69
581,620,74,70
580,620,74,70
579,621,75,69
578,621,75,69
577,621,76,70
577,621,76,70
576,621,76,70
575,622,77,69
574,622,77,70
573,622,78,70
572,622,78,70
571,622,79,70
571,623,79,70
569,623,80,70
568,623,80,70
567,623,80,70
565,623,80,70
564,623,80,70
562,623,81,71
561,623,81,71
559,623,82,72
558,623,82,72
556,623,83,73
555,623,82,73
553,623,83,74
552,623,83,74
551,623,83,75
549,623,84,75
548,623,84,75
546,623,85,76
545,623,84,76
543,623,85,77
542,623,85,77
540,623,86,78
539,623,86,78
537,623,87,79
536,623,87,79
535,624,87,79
533,624,87,79
532,625,87,78
530,625,88,78
529,626,88,77
527,626,88,77
526,627,88,77
524,627,89,77
523,628,89,76
522,629,89,75
520,629,89,75
519,630,89,74
517,630,90,75
516,631,90,74
514,631,90,74
513,632,90,73
511,632,91,73
510,633,91,72
509,634,91,72
507,634,91,72
505,634,92,72
503,635,92,72
501,635,93,72
499,636,94,71
497,636,94,72
495,636,95,72
493,637,95,71
491,637,96,72
490,638,96,71
488,638,96,71
486,638,97,72
484,639,97,71
482,639,98,71
480,640,99,71
478,640,99,71
476,640,100,71
474,641,100,71
472,641,101,71
471,642,101,71
468,642,102,71
466,643,102,70
463,643,103,71
461,644,104,70
459,644,104,71
456,645,105,70
454,645,105,71
452,646,106,70
449,646,107,70
447,647,107,70
444,647,108,70
442,648,109,70
440,648,109,70
437,649,110,70
435,649,110,70
433,650,111,70
430,650,112,70
427,651,113,70
425,652,113,70
422,653,114,70
420,654,114,70
417,655,115,70
415,656,115,70
412,657,116,70
409,658,117,70
407,659,117,70
404,660,118,70
402,661,118,70
399,662,119,70
397,663,120,70
394,663,120,71
392,664,120,71
389,665,120,71
387,666,120,71
384,667,120,71
382,668,120,71
380,669,119,72
377,669,120,73
375,670,119,73
372,671,120,73
370,672,119,73
367,673,120,73
365,674,119,73
363,675,119,74
366,674,120,74
369,674,121,73
372,674,123,73
381,674,123,73
390,674,123,73
400,674,123,73
409,674,123,73
419,675,123,73
428,675,123,73
438,675,123,73
447,675,123,73
456,675,123,73
466,676,123,73
475,676,123,73
485,676,123,73
494,676,123,73
504,677,123,73
516,677,123,73
528,678,123,73
540,678,123,73
552,679,123,73
564,680,123,73
576,680,123,73
588,681,123,73
601,682,123,73
603,682,123,73
605,682,123,73
607,682,123,73
609,682,123,73
611,683,123,72
610,682,124,72
610,682,124,72
609,682,125,72
609,682,125,71
608,682,126,71
608,682,126,71
608,682,127,71
607,681,128,71
607,681,128,71
606,681,129,71
606,681,129,70
605,681,130,70
605,681,130,70
605,681,131,70
603,680,131,70
602,679,130,70
600,678,130,70
599,677,130,70
598,676,129,70
596,675,129,70
595,675,129,70
593,674,129,70
592,673,128,70
591,672,128,70
589,671,128,70
588,670,127,70
587,670,127,70
589,669,126,70
591,669,126,70
593,668,126,71
595,668,125,71
597,667,125,72
599,667,125,71
601,666,124,72
603,666,124,72
605,665,124,73
607,665,123,73
609,664,123,73
611,664,123,73
613,663,122,74
615,663,122,74
618,663,121,74
623,662,121,74
628,662,121,73
633,661,121,73
638,661,122,73
643,660,122,73
648,660,122,72
654,659,122,73
659,659,122,72
664,658,122,72
669,658,122,71
674,657,123,72
679,657,123,71
684,656,123,71
690,656,123,71
694,655,123,71
699,654,123,72
704,653,122,73
708,652,123,73
713,651,122,74
718,650,122,75
722,649,122,75
727,648,122,76
732,647,121,77
736,646,122,77
741,645,121,78
746,645,121,78
747,644,120,77
748,643,120,77
749,643,120,76
750,642,120,76
751,642,120,75
752,641,120,74
753,640,120,74
754,640,120,73
755,639,120,73
756,639,120,72
755,637,119,72
754,636,119,72
753,635,119,72
752,634,119,72
751,633,118,72
750,632,118,72
749,631,118,72
749,630,117,71
748,629,116,71
747,628,116,71
746,627,116,71
745,625,116,72
744,624,116,72
743,623,115,72
743,622,114,71
742,621,114,71
741,620,114,71
740,619,113,71
739,618,113,71
738,617,113,71
737,616,113,71
737,615,112,71
735,614,112,71
733,613,112,71
732,612,112,71
730,612,112,70
729,611,111,70
727,610,112,70
725,609,112,71
724,609,111,70
722,608,112,70
721,607,111,70
719,606,111,70
717,606,112,69
716,605,111,69
714,604,111,70
713,603,111,70
711,603,111,69
709,602,111,69
708,601,111,69
706,600,111,69
705,600,111,69
704,599,111,69
704,599,111,69
704,599,111,69
704,598,111,70
704,598,110,69
704,598,110,69
704,597,110,70
704,597,110,70
704,597,110,69
704,597,109,69
704,596,109,70
704,596,109,70
704,596,109,69
704,595,109,70
704,595,108,70
704,595,108,70
704,595,108,69
704,594,108,70
704,594,108,70
704,594,107,70
704,593,107,70
704,593,107,70
704,593,107,70
704,593,107,70
702,592,107,70
700,592,107,70
698,591,107,70
697,591,106,70
695,591,106,69
693,590,106,70
691,590,106,70
690,590,105,69
688,589,105,70
686,589,105,69
685,589,105,69
683,588,105,70
681,588,105,69
679,587,105,70
678,587,104,69
676,587,104,69
674,586,104,70
672,586,104,69
671,586,103,69
669,585,103,69
667,585,103,69
666,585,103,69
662,584,103,69
659,584,103,68
656,584,103,68
653,584,102,67
650,584,102,66
647,584,102,66
644,583,102,66
641,583,101,66
638,583,101,65
634,583,102,64
631,583,101,64
628,583,101,63
625,582,101,64
622,582,101,63
619,582,100,62
616,582,100,62
613,582,100,61
610,582,100,61
606,581,100,61
602,581,100,61
598,581,100,61
594,581,100,61
591,581,100,61
587,581,100,61
583,580,100,61
579,580,100,61
576,580,100,61
572,580,100,61
568,580,100,61
564,580,100,61
561,580,100,61
560,579,100,61
560,579,99,61
559,578,99,61
559,578,98,61
558,577,98,61
558,577,97,61
558,577,96,61
559,576,95,61
560,575,95,61
561,575,95,61
563,574,94,61
564,573,94,61
565,573,94,61
566,572,94,61
568,572,93,60
569,571,93,61
570,570,93,61
572,570,92,60
573,569,92,61
574,569,92,60
575,568,92,60
577,567,91,61
578,567,91,60
579,566,91,60
581,566,90,60
584,565,89,60
587,564,89,60
590,564,88,60
593,563,88,60
596,563,87,59
599,562,87,60
602,562,86,59
605,561,86,59
608,560,85,60
611,560,85,59
614,559,84,59
617,559,84,59
620,558,83,59
623,558,83,59
626,557,83,59
630,556,83,60
634,556,83,59
637,555,83,60
641,554,83,60
645,554,83,60
648,553,83,60
652,552,83,61
656,552,83,61
658,551,83,61
661,550,82,61
663,549,82,61
666,548,81,61
669,547,80,61
671,546,80,61
674,545,79,61
677,545,79,60
679,544,79,60
682,543,79,60
684,542,79,60
687,541,79,60
690,540,79,60
692,540,79,60
695,539,79,60
698,538,79,60
700,537,79,60
703,536,79,60
706,536,79,60
709,535,78,59
713,535,77,58
717,534,76,58
721,534,75,57
725,534,74,56
729,533,73,55
733,533,72,54
737,533,71,53
741,532,70,53
745,532,69,52
749,532,68,51
752,531,68,51
756,531,68,51
759,530,68,51
763,530,68,51
767,529,68,51
770,529,68,51
774,528,68,51
778,528,68,51
781,527,68,51
785,526,68,51
789,525,68,51
793,524,68,51
796,523,68,51
800,522,68,51
804,521,68,51
808,521,68,51
809,520,68,51
810,519,68,51
811,519,68,51
812,518,68,51
813,517,68,51
814,517,68,51
815,516,68,51
816,515,68,51
818,515,68,51
818,514,68,51
818,513,68,51
818,512,68,51
818,511,69,51
819,511,68,50
819,510,68,50
819,509,69,51
819,508,69,51
819,507,69,51
820,507,68,50
820,506,69,50
820,505,69,50
820,504,69,50
821,504,69,50
820,503,68,50
819,502,67,50
818,501,67,50
818,500,65,50
817,499,65,50
816,498,64,50
816,497,63,50
815,496,62,50
814,495,62,50
814,494,60,50
813,493,60,50
812,492,59,50
812,491,58,51
811,490,58,51
810,489,58,51
809,488,58,51
808,487,58,51
808,487,58,51
807,486,58,51
806,485,58,51
805,484,58,51
805,484,58,51
804,483,58,51
803,482,58,51
802,481,58,51
802,481,58,51
801,480,58,51
800,479,58,51
799,478,59,51
798,477,59,51
797,476,59,51
797,475,59,51
796,474,59,51
795,473,59,51
794,472,60,51
793,471,60,51
793,471,60,50
791,470,60,50
790,469,59,50
789,468,58,50
788,468,57,50
787,467,56,50
785,466,57,50
784,465,56,50
783,465,55,50
782,464,54,50
781,463,53,50
780,463,53,50
778,462,53,50
777,461,53,50
776,461,52,49
774,460,53,49
773,460,52,48
772,459,52,48
770,458,53,48
769,458,52,47
768,457,52,47
766,457,52,46
765,456,52,46
764,456,52,45
762,455,52,45
761,454,52,45
760,454,52,44
759,453,52,45
758,453,52,44
757,452,52,44
755,451,52,44
754,451,52,44
753,450,52,44
752,450,52,43
751,449,52,43
750,449,52,43
749,448,52,43
748,448,52,43
748,448,51,42
747,447,52,43
746,447,52,42
746,447,51,42
745,446,51,43
744,446,52,42
744,446,51,42
743,445,51,42
742,445,51,42
742,445,51,42
741,444,51,42
740,444,51,42
739,444,51,42
738,444,51,41
737,443,51,42
736,443,51,42
735,443,51,41
735,443,51,41
734,442,51,42
733,442,51,41
732,442,51,41
731,442,51,41
730,441,51,41
729,441,51,41
728,441,51,41
728,441,51,41
727,440,51,41
727,440,51,41
726,440,51,41
726,440,51,41
726,440,50,40
725,439,51,41
725,439,50,41
725,439,50,41
724,439,50,40
724,439,50,40
724,438,50,41
723,438,50,41
723,438,50,40
723,438,49,40
722,438,50,40
722,437,49,41
722,437,49,40
721,437,49,40
721,437,49,40
721,437,49,40
720,436,49,40
720,436,49,40
720,436,48,40
719,435,49,41
719,435,48,40
719,435,48,40
718,435,49,40
718,434,48,41
718,434,48,40
717,434,48,40
717,434,48,40
717,433,48,41
716,433,48,41
716,433,48,40
716,432,47,41
715,432,48,41
715,432,48,41
715,432,47,40
714,431,48,41
714,431,47,41
714,431,47,41
714,431,47,41
713,430,47,41
713,430,47,41
713,430,47,41
713,430,46,41
713,430,46,41
712,429,47,41
712,429,46,41
712,429,46,41
712,429,46,41
712,429,46,41
712,428,45,41
712,428,45,41
712,428,45,41
712,428,45,41
712,428,45,41
712,428,45,41
712,428,44,40
712,428,44,40
712,428,44,40
712,428,44,40
712,428,44,40
712,428,44,40
712,427,43,40
712,427,43,40
712,427,43,40
712,427,43,40
712,427,43,40
712,427,43,40
713,427,41,39
713,427,41,39
713,427,41,39
713,427,41,39
713,427,41,39
713,427,41,39
713,426,40,39
713,426,40,39
713,426,40,39
713,426,40,39
713,426,40,39
713,426,40,39
713,426,39,38
713,426,39,38
713,426,39,38
713,426,39,38
713,426,39,38
713,426,39,38
714,426,38,38
714,425,38,38
714,425,38,38
714,425,38,38
714,424,38,38
714,424,38,38
714,424,38,38
714,424,38,38
714,423,38,38
714,423,38,38
714,423,38,38
714,423,38,38
714,422,38,38
714,422,38,38
714,422,38,38
714,422,38,38
714,421,38,38
714,421,38,38
714,421,38,38
714,421,38,38
714,420,38,38
714,420,38,38
714,420,38,38
714,420,38,38
714,419,38,38
714,419,38,38
714,419,38,38
714,419,38,38
714,418,38,38
714,418,38,38
714,418,38,38
714,418,38,38
711,417,38,38
708,417,38,38
706,417,38,38
703,417,38,38
700,417,38,38
698,417,38,38
695,417,38,38
692,417,38,38
690,417,38,38
687,417,38,38
684,417,38,38
682,417,38,38
679,417,38,38
676,417,38,38
674,417,38,38
671,417,38,38
668,417,38,38
666,417,38,38
664,416,38,38
663,416,38,38
662,416,38,38
661,416,38,38
660,416,38,38
659,415,38,38
658,415,38,38
657,415,38,38
656,415,38,38
655,415,38,38
654,415,38,38
654,415,38,38
653,415,39,38
653,415,38,38
652,415,39,38
652,415,39,38
651,415,39,38
651,415,39,38
650,415,40,38
650,415,39,38
649,415,40,38
649,415,40,38
648,415,40,38
648,415,40,38
648,415,40,38
647,415,40,38
647,415,40,38
647,415,40,38
647,415,40,38
646,416,40,38
646,416,40,38
646,416,40,38
646,416,40,38
645,416,40,38
645,416,40,38
645,416,40,38
645,417,40,38
644,417,40,38
643,417,40,38
643,417,40,38
642,417,40,38
642,417,40,38
641,417,40,38
640,417,40,38
640,417,40,38
639,417,40,38
639,418,40,37
639,418,40,37
639,419,40,37
639,419,40,38
639,420,40,37
640,420,39,38
640,421,39,38
640,421,39,38
640,422,39,38
640,422,39,39
641,423,39,39
641,423,39,39
641,423,39,39
641,424,39,39
641,424,39,39
641,424,39,39
641,425,39,39
641,425,39,39
641,425,39,39
641,426,39,39
641,426,39,39
641,426,39,39
641,427,39,39
641,427,39,39
641,427,39,39
641,428,39,39
641,428,39,39
642,429,39,39
641,429,39,39
641,429,39,39
641,430,39,39
641,430,39,39
640,431,40,39
640,431,40,39
640,432,40,39
640,432,40,39
640,432,40,39
639,433,41,39
639,433,41,39
639,434,41,39
639,434,41,39
639,435,41,39
638,435,41,39
638,436,41,39
638,436,41,39
638,437,41,39
638,437,41,40
638,438,41,39
638,438,41,40
638,439,41,40
638,439,41,40
638,440,41,40
638,440,41,41
638,441,41,40
638,441,41,41
638,442,41,41
638,442,41,41
638,442,41,41
638,443,41,41
638,443,41,41
638,443,41,41
638,444,41,41
638,444,41,41
638,445,41,41
638,445,41,41
638,445,41,41
638,446,41,41
638,446,41,41
638,447,41,41
638,447,41,41
638,447,41,41
638,448,41,41
638,448,41,41
638,449,41,41
637,449,41,41
637,450,41,41
637,451,41,41
637,452,41,41
637,453,41,41
637,454,41,41
637,454,41,41
637,454,41,41
637,454,41,41
637,455,41,41
637,455,41,41
637,455,41,41
637,456,41,41
637,456,41,41
637,456,41,41
637,456,41,41
637,457,41,41
637,457,41,41
637,457,41,41
637,458,41,41
637,458,41,41
637,458,41,41
637,459,41,41
637,459,41,41
637,459,41,41
637,460,41,41
637,460,41,41
637,461,41,41
637,461,41,41
637,461,41,41
637,462,41,41
637,462,41,41
637,462,41,41
637,463,41,41
637,463,41,41
637,464,41,41
637,464,41,41
637,464,41,41
637,464,41,41
638,464,41,41
638,464,41,41
638,464,41,41
639,465,41,41
638,465,41,41
637,465,41,41
637,465,41,41
637,464,41,41
637,464,41,41
637,464,41,41
637,464,41,41
637,464,41,41
637,464,41,41
637,463,41,41
637,463,41,41
637,463,41,41
637,463,41,41
637,463,41,41
637,463,41,41
637,463,41,41
637,462,41,41
637,462,41,41
637,462,41,41
637,462,41,41
637,462,41,41
637,462,41,41
637,461,41,41
637,461,41,41
637,461,41,41
637,461,41,41
637,461,41,41
637,461,41,41
637,461,41,41
637,460,41,41
637,460,41,41
637,460,41,41
637,460,41,41
637,460,41,41
637,460,41,41
637,459,41,41
637,459,41,41
637,459,41,41
637,459,41,41
637,459,41,41
637,459,41,41
637,459,41,41
637,458,41,41
637,458,41,41
637,458,41,41
637,458,41,41
637,458,41,41
637,458,41,41
637,458,41,41
636,458,41,41
636,458,41,41
635,458,41,40
635,458,41,40
635,458,41,40
635,458,41,40
635,458,41,40
635,458,41,40
635,458,40,40
635,458,40,40
635,458,40,40
635,458,40,40
635,458,40,40
635,458,40,40
634,458,40,40
634,458,40,40
634,458,40,40
634,458,40,40
634,458,40,40
634,458,40,40
634,458,40,40
634,458,39,40
634,458,39,40
634,458,39,40
634,458,39,40
634,458,39,40
634,458,39,40
633,458,39,40
633,458,39,40
633,458,39,40
633,458,39,40
633,458,39,40
633,458,39,40
633,458,38,40
633,458,38,40
633,458,38,40
633,458,38,40
633,458,38,40
633,458,38,40
633,459,38,39
632,459,38,39
632,459,38,39
632,459,38,39
631,460,39,39
631,460,39,39
631,460,38,39
630,460,39,39
630,461,39,39
630,461,39,39
630,461,39,39
629,461,39,39
629,462,39,39
629,462,39,39
628,462,40,39
628,462,40,39
628,463,39,39
627,463,40,39
627,463,40,39
627,463,40,39
627,464,40,39
626,464,40,39
626,464,40,39
626,465,40,39
626,465,40,39
625,465,40,39
625,466,40,39
625,466,40,39
625,467,40,39
625,467,40,39
624,467,40,39
624,468,40,39
624,468,40,39
624,469,40,39
623,469,40,39
623,469,40,39
623,470,40,39
623,470,40,39
623,471,40,39
622,471,40,39
622,471,40,39
622,472,40,39
622,472,40,39
622,472,40,39
622,473,40,39
621,473,40,39
621,473,40,39
621,474,40,39
621,474,40,39
621,474,40,39
621,475,40,39
620,475,40,39
620,475,40,39
620,476,40,39
620,476,40,39
620,476,40,39
620,477,40,39
619,477,40,39
619,477,40,39
619,477,40,39
619,477,40,39
618,477,40,39
618,477,40,39
618,478,40,39
618,478,40,39
617,478,40,39
617,478,40,39
617,478,40,39
617,478,40,39
617,479,40,39
616,478,40,39
616,478,40,39
616,478,39,39
615,478,40,39
615,478,40,39
615,478,39,39
614,477,40,40
614,477,39,40
614,477,39,40
613,477,40,39
613,477,39,39
613,477,39,39
612,476,39,40
612,476,39,40
612,476,39,40
611,476,39,40
611,476,39,40
611,476,39,40
612,476,39,40
613,476,39,40
614,476,39,40
615,476,40,40
616,476,40,40
617,476,40,40
618,476,40,40
620,477,40,40
622,476,40,40
624,476,40,40
627,475,40,40
629,475,40,40
632,474,40,40
634,474,40,40
637,474,40,40
639,474,40,40
641,474,40,40
643,474,40,40
646,474,40,40
646,473,40,40
647,473,40,40
648,472,40,40
648,472,40,40
649,471,40,40
650,471,40,40
651,471,40,40
651,470,40,40
652,470,40,40
653,469,40,40
653,469,40,40
654,468,40,40
655,468,40,40
656,468,40,40
656,467,40,40
656,466,40,40
656,466,40,40
656,465,40,40
656,465,40,40
656,464,40,40
656,463,40,40
656,463,40,40
657,462,40,40
657,462,40,40
657,461,40,40
657,460,40,40
657,460,40,40
657,459,40,40
657,459,40,40
657,458,40,40
658,458,40,40
658,457,40,40
658,457,40,40
658,456,40,40
658,456,40,40
658,455,40,40
658,455,40,40
658,454,40,40
658,454,40,40
659,453,40,40
659,453,40,40
659,452,40,40
659,452,40,40
659,451,40,40
659,451,40,40
659,450,40,40
659,450,40,40
659,449,40,40
660,449,40,40
660,448,40,40
660,447,40,40
660,447,40,40
660,446,40,40
660,445,40,40
660,445,40,40
660,444,40,40
660,444,40,40
660,443,40,40
660,442,40,40
660,442,40,40
660,441,40,40
660,441,40,40
660,440,40,40
660,439,40,40
660,439,40,40
660,438,40,40
661,438,40,40
661,437,40,40
661,437,40,40
661,437,40,40
661,437,40,40
661,436,40,40
661,436,40,40
661,436,40,40
661,436,40,40
661,435,40,40
661,435,40,40
661,435,40,40
661,435,40,40
661,434,40,40
661,434,40,40
661,434,40,40
661,434,40,40
662,434,40,40
662,434,40,40
662,434,40,40
662,434,40,40
662,434,40,40
662,435,40,40
662,435,40,40
662,435,40,40
662,435,40,40
662,436,40,40
662,436,40,40
662,436,40,40
662,436,40,40
662,436,40,40
662,437,40,40
662,437,40,40
662,437,40,40
662,437,40,40
662,438,40,40
662,438,40,40
662,438,40,40
662,438,40,40
663,439,40,40
663,439,40,40
663,440,40,40
663,440,40,40
663,441,40,40
664,441,40,40
664,442,40,40
664,442,40,40
664,443,40,40
665,444,40,40
665,444,40,40
665,445,40,40
665,445,40,40
665,446,40,40
665,446,40,40
665,447,40,40
665,447,40,40
665,448,40,40
665,449,40,40
665,449,40,40
665,450,40,40
665,450,40,40
665,451,40,40
665,451,40,40
665,452,40,40
665,452,40,40
665,453,40,40
666,454,40,40
666,454,40,40
666,454,40,40
666,455,40,40
666,455,41,40
666,456,41,40
667,456,40,40
667,457,40,40
667,457,41,40
667,457,41,40
667,458,41,40
668,458,40,40
668,459,41,40
668,459,41,40
668,460,41,40
668,460,41,40
669,461,41,40
669,461,41,40
669,462,41,40
669,463,41,40
669,463,41,40
669,464,41,40
669,465,41,40
669,466,41,40
669,466,40,40
669,466,40,40
669,467,40,40
669,467,40,40
669,467,40,41
669,468,40,40
669,468,40,41
669,468,40,41
669,469,40,41
669,469,40,41
669,469,40,42
669,470,40,41
669,470,40,42
669,470,40,42
669,471,40,42
669,471,40,42
669,471,40,43
669,472,40,42
669,472,40,43
669,472,40,43
669,473,40,43
669,473,40,43
669,474,40,43
669,473,40,43
669,473,40,43
669,473,40,43
669,473,40,43
669,473,40,43
669,473,40,43
669,473,40,43
669,472,40,43
669,472,40,43
669,472,40,43
669,472,40,43
669,472,40,43
669,472,40,43
669,472,40,43
669,472,40,43
669,471,40,43
669,471,40,43
669,471,40,43
669,471,40,43
669,471,40,43
669,471,40,43
669,471,40,43
669,471,40,43
670,470,40,43
670,470,40,43
670,470,40,43
670,470,40,43
670,470,40,43
670,470,40,43
670,470,40,43
670,470,40,43
670,469,40,43
670,469,40,43
670,469,40,43
670,469,40,43
670,469,40,43
670,469,40,43
670,469,40,43
670,469,40,43
670,468,40,43
670,468,40,43
670,468,40,43
670,468,40,43
670,468,40,43
670,468,40,43
670,468,40,43
671,468,40,43
670,467,40,43
670,467,40,43
670,466,40,43
670,466,40,43
670,465,40,43
670,465,40,43
670,465,40,43
670,464,40,43
670,464,40,43
670,463,40,43
670,463,40,43
669,463,40,43
669,462,40,43
669,462,40,43
669,461,40,43
669,461,40,43
669,461,40,43
669,460,40,43
669,460,40,43
669,459,40,43
669,459,40,43
669,459,40,43
668,458,40,43
668,457,40,43
668,457,40,43
668,456,40,43
667,456,41,42
667,455,40,43
667,455,40,42
667,454,40,42
667,453,40,43
666,453,41,42
666,452,41,42
666,452,40,42
666,451,40,42
665,451,41,41
665,450,41,42
665,449,41,42
665,449,41,41
665,448,40,42
664,448,41,41
664,447,41,41
664,447,41,41
664,446,41,41
664,446,41,41
663,445,41,41
663,445,41,41
663,444,41,41
663,444,41,41
663,443,41,41
663,443,41,41
663,443,41,41
663,442,41,41
663,442,41,41
663,441,41,41
662,441,41,41
662,440,41,41
662,440,41,41
662,440,41,41
662,439,41,41
662,439,41,41
662,438,41,41
662,438,41,41
662,437,41,41
662,437,41,41
662,437,41,41
661,436,41,41
661,436,41,41
661,435,41,41
661,435,41,41
661,435,41,41
661,434,41,41
661,434,41,41
660,434,41,41
660,433,41,41
660,433,41,41
660,433,41,41
660,432,41,41
660,432,41,41
660,432,41,41
660,431,41,41
659,431,41,41
659,431,41,41
659,430,41,41
659,430,41,41
659,430,41,41
659,429,41,41
659,429,41,41
659,429,41,41
659,429,41,41
659,429,41,41
659,429,41,41
659,429,41,41
659,429,41,41
659,429,41,41
659,429,41,41
659,429,41,41
659,429,41,41
659,429,41,41
659,429,41,41
659,429,41,41
659,429,41,41
659,429,41,41
659,429,41,41
659,429,41,41
659,429,41,41
659,429,41,41
659,429,41,41
659,429,41,41
659,429,41,41
659,429,41,41
659,429,41,41
659,429,41,41
659,429,41,41
658,429,41,41
657,429,41,41
657,429,40,41
656,429,40,41
655,429,40,41
655,429,39,41
654,430,40,40
654,430,39,40
653,430,39,40
652,430,39,40
652,430,38,40
651,430,38,40
651,431,38,39
647,431,37,39
643,432,37,39
639,432,37,39
635,433,37,39
631,433,37,39
627,434,37,39
626,434,37,39
626,435,37,39
625,435,38,39
625,436,37,39
624,437,38,39
624,437,38,39
624,438,37,39
623,439,38,39
623,439,38,39
622,440,38,39
622,440,38,39
621,441,39,39
621,442,38,39
621,442,38,39
620,443,39,39
620,444,38,39
619,444,39,39
619,445,39,39
619,446,39,39
618,446,39,39
618,447,39,39
618,448,39,39
618,449,39,39
618,450,39,39
617,451,39,39
617,452,39,39
617,453,39,39
617,454,39,39
617,455,39,39
616,455,39,39
616,456,39,39
615,457,39,39
615,458,39,39
615,459,39,39
614,460,39,39
614,461,39,39
614,462,39,39
613,463,39,39
613,464,39,39
613,465,39,39
612,465,39,40
612,466,39,40
611,467,39,40
611,468,39,40
610,469,39,40
610,470,39,40
609,471,39,40
609,472,39,40
609,472,38,41
608,473,39,41
608,474,38,41
607,475,39,41
607,476,38,41
606,477,39,41
606,478,38,41
606,479,38,42
605,480,38,42
605,482,38,42
605,484,38,42
604,486,38,42
604,488,38,42
604,490,38,42
603,491,38,42
603,492,38,43
602,493,39,44
602,494,38,45
601,495,39,46
601,496,39,46
600,497,40,47
600,498,39,48
599,499,40,49
599,500,40,50
599,502,40,50
598,503,40,50
598,504,40,50
597,505,40,50
597,506,40,50
596,508,40,50
596,509,40,50
595,510,40,50
595,511,40,50
595,513,40,50
594,514,40,50
594,515,40,50
593,516,40,50
593,518,40,50
592,519,40,50
592,520,40,50
591,521,40,50
591,523,40,50
590,524,40,50
590,525,40,50
590,527,40,50
589,528,41,50
588,529,42,50
587,530,43,50
586,532,44,50
585,533,44,50
585,534,44,51
584,535,45,52
584,536,45,52
583,537,45,53
583,538,45,54
582,539,46,55
582,540,46,55
582,542,46,55
581,543,46,56
581,544,46,56
580,545,47,57
580,546,47,58
579,547,47,59
579,548,47,59
578,549,48,60
578,550,48,61
578,552,48,61
577,553,48,61
576,554,48,61
576,556,48,61
575,557,48,61
574,558,48,61
574,560,48,61
573,561,48,61
572,562,48,61
572,564,48,61
571,565,48,61
571,567,48,61
570,568,48,61
570,569,48,61
570,570,48,61
570,571,48,61
570,572,48,61
570,573,48,61
570,574,48,61
570,576,48,61
572,576,48,61
574,577,49,61
576,578,49,61
579,579,49,61
581,580,49,61
583,581,50,61
586,582,49,61
588,583,50,61
590,584,51,61
593,585,50,61
595,586,51,61
597,587,51,61
600,588,51,61
602,589,51,61
604,590,52,61
607,591,52,61
611,592,52,61
615,593,52,61
619,594,52,61
623,596,52,61
623,596,52,61
623,596,52,61
623,596,52,61
624,596,51,62
623,596,52,62
623,597,52,62
622,598,53,62
622,599,53,62
621,600,54,62
621,601,54,62
621,602,54,62
621,603,54,62
621,604,54,63
621,605,54,64
621,606,54,64
621,607,54,65
621,608,54,66
622,609,53,67
621,609,54,67
621,610,54,67
621,611,55,66
621,611,55,67
621,612,56,66
621,613,56,66
621,614,57,65
621,614,57,66
621,615,58,65
621,616,58,65
621,617,59,65
621,618,59,65
621,619,59,66
621,620,59,66
622,621,58,67
622,622,58,68
622,624,59,67
622,625,59,68
623,626,58,69
623,627,58,69
623,628,58,70
624,630,58,70
624,631,58,70
624,632,58,70
624,633,58,70
624,635,58,70
624,636,58,70
624,637,58,70
624,638,58,70
624,640,58,70
624,641,58,70
624,642,58,70
624,643,58,70
624,645,58,70
