708,360,24,44
708,359,24,44
708,359,24,43
708,358,24,44
708,358,24,43
708,357,24,44
708,357,24,43
708,356,24,44
709,356,23,43
709,356,23,42
709,355,23,43
709,355,23,42
709,354,23,43
709,354,23,42
709,353,23,43
709,353,23,42
710,353,23,42
710,352,23,42
710,352,23,42
710,352,23,42
710,352,23,41
710,351,23,42
710,351,23,42
710,351,23,41
710,351,23,41
710,350,23,42
710,350,23,41
710,350,23,41
711,350,22,41
710,349,22,41
709,349,22,41
708,349,22,41
707,348,22,41
707,348,22,41
706,348,22,41
705,347,22,41
704,347,22,41
703,347,22,41
703,347,22,41
702,346,22,41
702,346,22,41
702,345,22,41
702,345,22,41
702,345,22,40
702,344,22,41
702,344,22,40
702,344,22,40
701,343,22,40
700,343,22,40
699,343,22,40
698,343,22,40
697,343,22,40
694,343,21,40
691,343,21,40
688,343,21,40
685,343,21,40
682,343,21,40
682,342,21,40
682,342,21,40
682,342,21,40
682,342,21,40
682,342,21,40
682,342,21,39
682,342,21,39
682,342,21,39
682,342,21,39
682,342,21,39
682,342,21,39
682,341,21,39
682,341,21,39
682,341,21,39
682,341,21,39
682,341,21,39
682,341,21,39
683,341,21,39
683,341,21,39
683,341,21,39
683,341,21,39
683,341,21,39
683,341,21,39
683,341,21,39
684,341,21,39
684,341,21,39
684,341,21,39
684,341,21,39
684,340,21,39
684,340,21,39
684,340,21,39
685,340,21,39
685,340,21,39
685,340,21,39
685,340,21,39
685,340,21,39
685,340,21,39
685,340,21,39
686,340,21,39
686,340,21,39
686,340,21,39
686,340,21,39
686,340,21,39
686,340,21,39
686,340,21,39
687,340,21,39
687,339,21,39
687,339,21,39
687,339,21,39
687,339,21,39
687,339,21,39
687,339,21,39
688,339,21,39
688,339,21,39
688,339,21,39
688,339,21,39
688,339,21,39
688,339,21,39
688,339,21,39
689,339,21,39
689,339,21,39
689,339,21,39
689,339,21,39
689,338,21,39
689,338,21,39
689,338,21,39
690,338,21,39
690,338,21,39
690,338,21,39
690,338,21,39
690,338,21,39
690,338,21,39
690,338,21,39
691,338,21,39
691,338,21,39
691,338,21,39
691,338,21,39
691,338,21,39
691,338,21,39
691,338,21,39
692,338,21,39
692,337,21,39
692,337,21,39
692,337,21,39
692,337,21,39
692,337,21,39
693,337,21,39
693,337,21,39
693,336,21,39
693,336,21,39
693,336,21,39
693,336,21,39
694,336,21,39
694,336,21,39
694,336,21,39
694,335,21,39
694,335,21,39
695,335,21,39
695,335,21,39
695,335,21,39
695,335,21,39
695,335,21,39
695,334,21,39
696,334,21,39
696,334,21,39
696,334,21,39
696,334,21,39
696,334,21,39
697,334,21,39
697,333,21,39
697,333,21,39
698,333,21,39
698,333,21,39
698,333,21,39
699,333,21,39
699,333,21,39
699,333,21,39
700,333,21,39
700,333,21,39
700,333,21,39
701,333,21,39
701,333,21,39
701,332,21,39
702,332,21,39
702,332,21,39
702,332,21,39
703,332,21,39
703,332,21,39
704,332,21,39
704,332,21,39
704,332,21,39
705,332,21,39
705,332,21,39
705,332,21,39
706,332,21,39
706,331,21,39
706,331,21,39
707,331,21,39
707,331,21,39
707,331,21,39
708,331,21,39
708,331,21,39
708,331,21,39
709,331,21,39
709,331,21,39
709,331,21,39
710,331,21,39
710,331,21,39
711,331,21,39
711,330,21,39
711,330,21,39
712,330,21,39
712,330,21,39
712,330,21,39
713,330,21,39
713,330,21,39
713,330,21,39
714,330,21,39
714,330,21,39
715,330,21,39
715,330,21,39
715,330,21,39
716,330,21,39
716,330,21,39
716,330,21,39
717,330,21,39
717,330,21,39
718,330,21,39
718,330,21,39
718,330,21,39
719,329,21,39
719,329,21,39
719,329,21,39
720,329,21,39
720,329,21,39
721,329,21,39
721,329,21,39
721,329,21,39
722,329,21,39
722,329,21,39
722,329,21,39
723,329,21,39
723,329,21,39
724,329,21,39
724,329,21,39
724,329,21,39
725,329,21,39
725,329,21,39
725,329,21,39
726,329,21,39
726,329,21,39
727,329,21,39
727,329,21,39
727,329,21,39
727,329,21,39
728,330,21,39
728,330,21,39
728,330,21,39
729,331,21,39
729,331,21,39
729,331,21,39
729,331,21,39
730,332,21,39
730,332,21,39
730,332,21,39
731,333,21,39
731,333,21,39
731,333,21,39
731,333,21,39
732,334,21,39
732,334,21,39
732,334,21,39
733,335,21,39
733,335,21,39
733,335,21,39
733,335,21,39
734,336,21,39
734,336,21,39
734,336,21,39
735,337,21,39
735,337,21,39
735,337,21,39
735,337,21,39
736,338,21,39
736,338,21,39
736,338,21,39
737,339,21,39
737,339,21,39
737,339,21,39
737,339,21,39
738,340,21,39
738,340,21,39
738,340,21,39
739,341,21,39
739,341,21,39
739,341,21,39
739,341,21,39
740,342,21,39
740,342,21,39
740,342,21,39
741,343,21,39
741,343,21,39
741,343,21,39
742,344,21,39
742,344,21,39
742,344,21,39
742,344,21,39
742,345,21,39
742,345,21,39
743,345,21,39
743,346,21,38
743,346,21,39
743,346,21,39
743,346,21,39
744,347,21,39
744,347,21,39
744,347,21,39
744,348,21,38
744,348,21,39
745,348,21,39
745,349,21,38
745,349,21,38
745,349,21,39
745,349,21,39
746,350,21,38
746,350,21,39
746,350,21,39
746,351,21,38
746,351,21,38
747,351,21,39
747,351,21,39
747,352,21,38
747,352,21,38
747,352,21,39
748,353,21,38
748,353,21,38
748,353,21,39
748,354,21,38
748,354,21,38
749,354,21,38
749,354,21,39
749,355,21,38
749,355,21,38
749,355,21,38
750,356,21,38
750,356,21,38
750,356,21,38
750,356,21,39
750,357,21,38
751,357,21,38
751,357,21,38
751,358,21,38
751,358,21,38
751,358,21,38
752,359,21,38
751,359,21,38
751,359,21,38
751,359,21,38
751,359,21,38
751,359,21,38
751,359,21,38
751,359,21,38
751,360,21,38
751,360,21,38
751,360,21,38
751,360,21,38
751,361,21,38
751,361,21,38
751,361,21,38
752,362,21,38
752,362,21,38
752,362,21,38
752,363,21,38
752,363,21,38
752,363,21,38
752,363,21,38
753,364,21,38
753,364,21,38
753,364,21,38
753,365,21,38
753,365,21,38
753,365,21,38
754,366,21,38
754,366,21,38
754,366,21,38
754,366,21,38
754,366,21,38
754,366,21,38
754,366,21,38
754,366,21,38
755,366,21,38
754,365,21,38
754,365,21,38
753,365,21,38
753,365,21,38
752,365,21,38
752,365,21,38
751,365,21,38
751,365,21,38
750,365,21,38
750,365,21,38
749,365,21,38
749,365,21,38
748,364,21,38
748,364,21,38
748,364,21,38
747,363,21,38
747,363,21,38
747,363,21,38
747,362,21,38
746,362,21,38
746,362,21,38
746,361,21,38
745,361,21,38
745,361,21,38
745,361,21,38
745,360,21,38
744,360,21,38
744,360,21,38
744,359,21,38
743,359,21,38
743,359,21,38
743,358,21,38
743,358,21,38
742,358,21,38
742,357,21,38
742,357,21,38
741,357,21,38
741,357,21,38
741,356,21,38
741,356,21,38
740,356,21,38
740,355,21,38
740,355,21,38
739,355,21,38
739,354,21,38
739,354,21,38
739,354,21,38
738,353,21,38
738,353,21,38
738,353,21,38
737,353,21,38
737,352,21,38
737,352,21,38
737,352,21,38
736,351,21,38
736,351,21,38
736,351,21,38
735,350,21,38
735,350,21,38
735,350,21,38
735,350,21,38
734,349,21,38
734,349,21,38
734,349,21,38
734,348,21,38
733,348,21,38
733,348,21,38
733,347,21,38
733,347,21,38
733,347,21,38
732,346,21,38
732,346,21,37
732,345,21,38
732,345,21,37
732,344,20,38
732,344,20,37
732,343,20,38
731,343,21,37
731,342,20,38
731,342,20,37
731,341,20,38
731,341,20,37
731,340,19,38
731,340,19,37
730,339,20,38
730,339,20,37
730,338,19,38
730,338,19,37
730,337,19,38
730,337,19,37
730,337,19,37
729,336,19,37
729,336,19,37
729,335,18,37
728,335,19,37
728,334,18,37
728,334,18,37
728,334,18,37
725,333,18,37
723,333,18,37
721,332,18,37
719,332,18,37
716,332,18,37
714,331,18,37
712,331,18,37
710,331,18,37
709,330,18,37
709,330,18,37
709,329,18,37
709,329,18,37
709,329,18,37
708,328,18,37
708,328,18,37
708,327,18,37
708,327,18,37
708,326,18,37
708,326,18,37
708,325,18,37
708,325,17,37
708,325,17,36
708,324,17,37
708,324,17,36
707,323,18,37
707,323,18,36
707,322,18,37
707,322,18,36
707,321,17,37
707,321,17,36
707,321,17,36
707,320,17,36
707,320,17,36
707,319,17,36
707,319,17,36
706,318,17,36
706,318,17,36
706,317,17,36
706,317,17,36
706,317,17,35
706,316,17,36
706,316,17,35
706,315,17,36
706,315,16,35
706,314,16,36
706,314,16,35
705,313,17,36
705,313,17,35
705,313,17,35
705,312,17,35
705,312,16,35
705,311,16,35
705,311,16,35
705,310,16,35
705,310,16,35
705,309,16,35
705,309,16,35
705,309,16,35
705,308,16,35
705,308,16,35
705,307,16,35
705,307,16,35
705,306,16,35
705,306,16,35
705,306,16,34
705,305,16,35
705,305,16,34
705,304,16,35
705,304,16,34
705,303,16,35
705,303,16,34
705,303,16,34
705,302,16,34
705,302,16,34
705,301,16,34
705,301,16,34
705,300,16,34
705,300,16,34
706,300,16,34
705,300,16,34
705,300,16,34
705,300,16,34
705,300,16,34
705,300,16,34
705,300,16,34
705,300,16,34
705,300,16,34
705,300,16,34
705,300,16,34
705,300,16,34
705,300,16,34
705,301,16,33
704,301,16,33
704,301,16,33
704,301,16,33
704,301,16,33
704,301,16,33
704,301,16,33
704,301,16,33
704,301,16,33
704,301,16,33
704,301,16,33
704,301,16,33
704,301,16,33
704,302,16,33
703,302,16,33
703,302,16,33
703,302,16,33
703,302,16,33
703,303,16,33
702,303,16,33
702,303,16,33
702,303,16,33
702,303,16,33
702,304,16,33
701,304,16,33
701,304,16,33
701,305,16,33
700,305,16,33
700,305,16,34
700,306,16,33
700,306,16,33
699,306,16,34
699,307,16,33
699,307,16,34
699,308,16,33
698,308,16,33
698,308,16,34
698,309,16,33
698,309,16,34
697,309,16,34
697,310,16,34
697,310,16,34
697,311,16,33
696,311,16,34
696,311,16,34
696,312,16,34
696,312,16,34
695,312,16,34
695,313,16,34
695,313,16,34
694,313,16,35
694,314,16,34
694,314,16,34
694,315,16,34
693,315,16,34
693,315,16,35
693,316,16,34
693,316,16,35
692,316,16,35
692,317,16,34
692,317,16,35
692,318,16,34
691,318,16,35
691,318,16,35
691,319,16,34
691,319,16,35
690,319,16,35
690,320,16,35
690,320,16,35
690,321,16,35
689,321,16,35
689,321,16,35
689,321,16,35
689,322,16,35
689,322,16,35
689,322,16,35
689,323,16,35
689,323,16,35
689,323,16,35
689,324,16,35
689,324,16,35
688,324,17,35
688,325,17,35
688,325,17,35
688,325,17,35
688,326,17,35
688,326,17,35
688,326,17,35
688,327,17,35
688,327,17,35
688,327,17,35
688,328,17,35
687,328,17,35
687,328,17,35
687,329,17,35
687,329,17,35
686,330,18,35
686,330,17,35
686,331,17,35
686,331,17,35
686,332,17,35
685,332,18,35
685,332,17,36
685,333,17,35
685,333,17,36
685,334,17,35
684,334,18,36
684,335,18,35
684,335,17,35
684,336,17,35
684,336,17,35
683,336,18,36
683,337,18,35
683,337,17,36
683,338,17,35
683,338,17,36
682,339,18,35
682,339,18,36
682,340,18,35
682,340,17,36
682,341,17,35
681,341,18,36
681,341,18,36
681,342,18,36
681,342,17,36
681,343,17,35
680,343,18,36
680,344,18,35
680,344,18,36
680,345,18,35
680,345,17,36
679,345,18,36
679,346,18,36
679,346,18,36
679,347,18,36
679,347,17,36
678,348,18,36
678,348,18,36
678,349,18,36
678,349,18,36
678,350,18,36
677,350,18,36
676,350,18,36
676,350,18,37
675,350,18,37
675,351,18,36
674,351,18,37
674,351,18,37
673,351,18,37
673,352,18,37
672,352,18,37
672,352,18,37
671,352,18,38
671,353,18,37
670,353,18,37
670,353,17,38
669,353,18,38
669,354,17,37
668,354,18,38
668,354,17,38
667,354,18,38
667,355,17,38
666,355,18,38
666,355,17,38
665,355,18,39
665,356,17,38
664,356,18,38
664,356,17,39
663,356,17,39
663,357,17,38
662,357,17,39
662,357,17,39
661,357,17,39
661,358,17,39
660,358,17,39
660,358,17,39
659,358,17,40
659,359,17,39
658,359,17,39
658,359,17,40
657,359,17,40
657,360,17,40
656,360,17,40
656,360,17,40
655,360,17,40
655,360,17,40
655,360,17,40
654,360,17,40
654,360,17,40
653,360,18,40
653,360,17,40
653,360,17,40
652,360,18,40
652,360,17,40
652,360,17,40
651,360,18,40
651,360,17,40
650,360,18,40
650,361,18,39
650,361,17,39
649,361,18,39
649,361,17,39
648,361,18,39
648,361,18,39
648,361,17,39
647,361,18,39
647,361,18,39
647,361,17,39
646,361,18,39
646,361,18,39
645,361,18,39
645,361,18,39
645,361,18,39
644,361,18,39
644,361,18,39
644,362,18,39
643,361,18,39
643,361,18,39
643,361,18,39
642,361,19,39
642,361,19,39
642,361,18,39
641,361,19,39
641,361,19,39
641,361,19,39
641,361,19,39
640,360,19,39
640,360,19,39
640,360,19,38
640,359,19,39
640,359,19,39
640,359,19,38
640,358,18,39
639,358,19,39
639,358,19,38
639,357,19,39
639,357,19,38
639,357,19,38
639,356,18,39
639,356,18,38
639,356,18,38
638,355,19,39
638,355,19,38
638,355,19,38
638,354,18,38
638,354,18,38
638,354,18,38
638,353,18,38
638,353,18,38
637,353,19,38
637,352,18,38
637,352,18,38
637,352,18,38
637,351,18,38
637,351,18,38
637,351,18,37
636,350,18,38
636,350,18,38
636,350,18,37
636,349,18,38
636,349,18,38
636,349,18,37
636,348,17,38
636,348,17,37
635,348,18,37
635,347,18,38
635,347,18,37
635,347,18,37
635,346,17,38
635,346,17,37
635,346,17,37
635,345,17,37
634,345,18,37
634,345,18,37
634,344,17,37
634,344,17,37
634,344,17,37
634,343,17,37
634,343,17,37
634,343,17,37
633,342,17,37
633,342,17,37
633,341,17,37
633,341,17,37
633,341,17,37
633,340,17,37
633,340,17,37
633,340,17,37
633,339,17,37
633,339,17,37
633,339,17,37
633,338,17,37
633,338,17,37
633,338,17,37
633,337,17,37
633,337,17,37
633,337,17,37
633,336,17,37
633,336,17,37
633,336,17,37
633,335,17,37
633,335,17,37
633,335,17,37
633,334,17,37
633,334,17,37
633,334,17,37
633,333,17,37
633,333,17,37
633,333,17,37
633,332,17,37
633,332,17,37
633,332,17,37
633,331,17,37
633,331,17,37
633,331,17,37
633,330,17,37
633,330,17,37
633,330,17,37
633,329,17,37
633,329,17,37
633,329,17,37
633,328,17,37
633,328,17,37
633,328,17,37
633,327,17,37
633,327,17,37
633,327,17,37
633,327,17,36
633,326,17,37
633,326,17,37
633,326,17,36
633,326,17,36
633,325,17,37
633,325,17,37
633,325,17,36
633,325,17,36
633,324,17,37
633,324,17,36
633,324,18,36
633,324,18,36
633,324,18,35
633,323,18,36
633,323,18,36
633,323,18,36
633,323,18,35
633,322,18,36
633,322,18,36
633,322,18,35
633,322,18,35
633,321,18,36
633,321,18,35
633,321,18,35
633,321,18,35
633,321,19,35
